42255	236	0.22388552
42255	est	0.21208245
42255	88k	0.19778699
42255	71k	0.19302297
42255	59k	0.18852688
42255	66	0.18486859
42255	410	0.17873907
42255	drew	0.17637008
42255	440	0.17578885
42255	510	0.16642207
42255	370	0.16398136
42255	charl	0.14527407
42255	profici	0.13869242
42255	ne	0.1363134
42255	heartland	0.13454004
42255	dental	0.13431649
42255	nebraska	0.13358615
42255	050	0.13061601
42255	yearli	0.12578319
42255	58	0.12338298
42255	64	0.12141066
42255	31	0.120353505
42255	65	0.11632
42255	counsel	0.116165966
42255	ridg	0.11563443
42255	36	0.11146488
42255	superior	0.105977826
42255	friendli	0.103845805
42255	refin	0.0978379
42255	seek	0.09647503
42255	hygien	0.09474902
42255	health	0.091288716
42255	spring	0.08851587
42255	000	0.08848881
42255	84	0.08539633
42255	80	0.07689483
42255	highli	0.07461163
42255	omaha	0.074494526
42255	earn	0.07333705
42255	49	0.0700129
42255	estim	0.06939916
42255	altern	0.06702941
42255	displai	0.06544178
42255	site	0.06472181
42255	expect	0.06337322
42255	67	0.06277016
42255	skill	0.062266603
42255	50	0.060693447
42255	salari	0.053360462
42255	area	0.052000448
42255	center	0.05090076
42255	hour	0.048282236
42255	current	0.047716822
42255	2006	0.047297042
42255	licens	0.042429823
42255	2010	0.040997576
42255	grow	0.04098777
42255	number	0.037957292
42255	clinic	0.037265327
42255	increas	0.03669147
42255	profession	0.035096887
42255	bachelor	0.03351057
42255	accord	0.032611087
42255	will	0.03096444
42255	mean	0.030496614
42255	rang	0.02890069
42255	see	0.028899187
42255	job	0.02884047
42255	field	0.02661364
42255	bureau	0.020467823
42255	year	0.01913982
42255	associ	0.018992726
42255	2	0.016281039
42255	real	0.015321768
42255	state	0.015053028
42255	market	0.013642173
42255	statist	0.009802076
42255	care	0.009768536
42255	can	0.0080940565
42255	requir	0.0071600503
42255	rank	0.006044684
42255	third	0.005421346
42255	910	0.0052451347
42255	091	0.004624855
42255	860	0.004135692
42255	labor	0.0038422712
42255	varianc	0.003735191
42255	variabl	0.0032471758
42255	worker	0.0032358367
42255	44	0.0032260658
42255	07	0.0031862636
42255	blackford	0.0031311822
42255	second	0.0030146977
42255	lab	0.0027732658
42255	bartholomew	0.0026113996
42255	given	0.002535513
42255	istrict	0.0023409664
42255	answer	0.0022496835
42255	75th	0.0022298105
42255	surgic	0.0021887256
42255	970	0.0021821943
42255	690	0.0021060747
42255	25th	0.0020343636
42255	local	0.0020083997
42255	allen	0.001885658
42255	disadvantag	0.0018291891
42255	descal	0.0016858511
42255	indiana	0.0016592884
42255	aid	0.0016515419
42255	2011	0.0016492032
42255	ashington	0.0016455086
42255	like	0.0016222137
42255	alabama	0.0016204446
42255	missouri	0.0016080053
42255	dontost	0.0015813304
42255	classif	0.0015534972
42255	10th	0.001553292
42255	070	0.0015030097
42255	120	0.0014936929
42255	th	0.001473155
42255	150	0.0014591563
42255	interact	0.001447433
42255	536	0.0014137928
42255	hysician	0.0013763065
42255	347	0.0013385713
42255	340	0.001332955
42255	polit	0.0012901883
42255	detail	0.0012142393
42255	42	0.001205531
42255	that	0.0011533921
42255	spare	0.001100214
42255	data	0.0010650998
42255	differ	0.0010555051
42255	21	0.00093280274
42255	260	0.00092668534
42255	organ	0.000917145
42255	employ	0.0008753654
42255	close	0.00087213924
42255	fair	0.00085853186
42255	far	0.0008306911
42255	told	0.0008167958
42255	960	0.0007862679
42255	brought	0.0007228043
42255	dont	0.0007147099
42255	geograph	0.0006681471
42255	try	0.00063049316
42255	possibl	0.00060439645
42255	onei	0.00060013274
42255	incom	0.0005963485
42255	know	0.00045250187
42255	feder	0.00042891008
42255	utah	0.00040044688
42255	arbor	0.00039553162
42255	specialti	0.00036609703
42255	wisconsin	0.0003587335
42255	940	0.00032777648
42255	920	0.00031781924
42255	610	0.0003151148
42255	ann	0.0003149566
42255	32	0.00030522177
42255	level	0.00029840862
42255	similar	0.00029320578
42255	duti	0.00026737302
42255	2008	0.0002514821
42255	hile	0.00023286343
42255	reunion	0.00019663393
42255	94	0.00016012097
42255	89	0.00015850733
42255	columbia	0.00015209876
42255	courtesi	0.00012094146
42255	class	0.00010560038
42255	western	-7.3403295e-05
42255	commun	-8.398007e-05
42255	technic	-0.00011463202
42255	010	-0.000120044264
42255	demand	-0.0001604864
42255	abund	-0.00018606971
42255	eighteen	-0.00023920719
42255	outpati	-0.00027119275
42255	let	-0.00038379527
42255	make	-0.0003894007
42255	decreas	-0.0004618486
42255	finish	-0.00046562948
42255	store	-0.00053993013
42255	industri	-0.0005421869
42255	equal	-0.0005488704
42255	declin	-0.00055046746
42255	bill	-0.00056901394
42255	recent	-0.0005935101
42255	abl	-0.0006075409
42255	packag	-0.00063120504
42255	counterpart	-0.000655825
42255	irst	-0.0007287762
42255	155	-0.0007532206
42255	ohl	-0.0007645944
42255	352	-0.00078378076
42255	orthodontist	-0.00078777975
42255	consid	-0.0008080575
42255	advert	-0.0008196436
42255	district	-0.0008298039
42255	standard	-0.00083950965
42255	62	-0.00084394537
42255	bring	-0.00085191615
42255	bonus	-0.0008531155
42255	limit	-0.0008676133
42255	fantast	-0.0009850131
42255	procedur	-0.0010019406
42255	septemb	-0.0010247974
42255	goal	-0.0010599036
42255	kohl	-0.0010890516
42255	concept	-0.0010908496
42255	kei	-0.0011131702
42255	east	-0.0011537351
42255	orthodont	-0.0011793305
42255	11	-0.0012776825
42255	reli	-0.0012949809
42255	accomplish	-0.0013024076
42255	record	-0.0013031225
42255	spot	-0.0013512503
42255	certifi	-0.0013546513
42255	judgment	-0.0013600306
42255	adser	-0.0013644306
42255	wonder	-0.0013751176
42255	prior	-0.0014583486
42255	econom	-0.0014676724
42255	opportun	-0.0014893196
42255	85	-0.0015102134
42255	margin	-0.0015182764
42255	island	-0.0015819836
42255	oregon	-0.0015917316
42255	consider	-0.001597636
42255	hire	-0.0015977243
42255	ccord	-0.0016021342
42255	elizabeth	-0.0016055045
42255	move	-0.001613234
42255	satisfi	-0.0016233247
42255	median	-0.0016403585
42255	ay	-0.0016530463
42255	upper	-0.0016558347
42255	nj	-0.0016709825
42255	99	-0.0016925749
42255	gardner	-0.0016934169
42255	type	-0.0017790769
42255	exchang	-0.0017795133
42255	06	-0.0018152863
42255	reflect	-0.0018170752
42255	480	-0.0018174347
42255	long	-0.0018252106
42255	low	-0.0018534252
42255	256	-0.0019449131
42255	forb	-0.0019620508
42255	26k	-0.001968801
42255	middl	-0.0019711908
42255	240	-0.0019734972
42255	com	-0.0020289607
42255	11k	-0.0020467108
42255	248	-0.0020513723
42255	490	-0.002056913
42255	244	-0.0020849977
42255	contact	-0.002093598
42255	awai	-0.002146677
42255	anonym	-0.002178152
42255	advertis	-0.0021858609
42255	800	-0.0021948921
42255	090	-0.0022154232
42255	near	-0.0022380648
42255	emploi	-0.002261438
42255	27th	-0.0022964969
42255	sizeabl	-0.0023329947
42255	238	-0.0023451569
42255	periodont	-0.0023680762
42255	820	-0.0023706781
42255	last	-0.0023755098
42255	pedodont	-0.0023848412
42255	415	-0.0023926327
42255	assumpt	-0.0024029668
42255	rhode	-0.0024282045
42255	844	-0.0024415033
42255	274	-0.0024944313
42255	develop	-0.0024946854
42255	53	-0.0024992616
42255	reportedli	-0.0025190515
42255	140	-0.002524403
42255	onli	-0.0025507137
42255	160	-0.0025606686
42255	ebraska	-0.0025715036
42255	ad	-0.0025824618
42255	wai	-0.0025869068
42255	canada	-0.0026057991
42255	manag	-0.0026060345
42255	kind	-0.0026196872
42255	997	-0.0026344243
42255	high	-0.0026694797
42255	here	-0.0026696657
42255	employe	-0.002740034
42255	healthcar	-0.0027601195
42255	95	-0.0027708795
42255	old	-0.002793659
42255	individu	-0.0028280122
42255	price	-0.0028302644
42255	south	-0.0028502785
42255	ct	-0.002855038
42255	69	-0.0028739902
42255	nevada	-0.0029213326
42255	louisiana	-0.0029257506
42255	au	-0.0029284626
42255	comparison	-0.0029842593
42255	nearli	-0.0030132895
42255	octob	-0.0030532174
42255	77	-0.0030674716
42255	188	-0.0030700427
42255	accur	-0.0030764034
42255	repres	-0.0030778314
42255	signatur	-0.0031164566
42255	calcul	-0.0031568771
42255	across	-0.0031820145
42255	plai	-0.0031907286
42255	led	-0.0032184105
42255	870	-0.0032444592
42255	2080	-0.003251877
42255	involv	-0.0032557545
42255	broad	-0.0032586316
42255	addit	-0.0032598297
42255	adsigh	-0.0032631222
42255	occur	-0.003278419
42255	2017	-0.0032812895
42255	jersei	-0.003285632
42255	us	-0.0033180856
42255	march	-0.0033189552
42255	technolog	-0.0033555727
42255	hand	-0.003377511
42255	directli	-0.0033783894
42255	420	-0.0033803927
42255	true	-0.003399371
42255	author	-0.003423915
42255	birth	-0.0034425159
42255	carri	-0.0034468363
42255	coast	-0.0034574314
42255	diseas	-0.0034708895
42255	older	-0.0034750232
42255	884	-0.003613212
42255	latest	-0.0036147283
42255	19	-0.0036223622
42255	referr	-0.003623063
42255	hartford	-0.0036373558
42255	down	-0.0036534795
42255	tax	-0.003679263
42255	women	-0.0037262137
42255	greatli	-0.0037471706
42255	law	-0.0037565324
42255	busi	-0.00376872
42255	vocat	-0.0037836279
42255	week	-0.0038049377
42255	australia	-0.0038069133
42255	board	-0.0038094975
42255	person	-0.003824301
42255	found	-0.0038773457
42255	350	-0.0038912892
42255	help	-0.0039110677
42255	treatment	-0.0039418363
42255	place	-0.003952437
42255	98	-0.003963827
42255	sale	-0.0039974535
42255	ambulatori	-0.0040171333
42255	staff	-0.00402573
42255	institut	-0.004026089
42255	ollow	-0.004044739
42255	femal	-0.0041316333
42255	recogn	-0.004133379
42255	rose	-0.004140537
42255	diagnos	-0.004151382
42255	offici	-0.004157264
42255	fill	-0.0041645463
42255	collect	-0.0041666413
42255	contractor	-0.0041680518
42255	legisl	-0.0041868635
42255	campus	-0.0041977214
42255	consum	-0.00420859
42255	topic	-0.004259735
42255	project	-0.004297166
42255	integr	-0.004298249
42255	bend	-0.0043544313
42255	check	-0.0043574693
42255	goe	-0.0043603075
42255	45	-0.0043609566
42255	exampl	-0.004360991
42255	portion	-0.0043688887
42255	reach	-0.004408347
42255	pai	-0.004433554
42255	55	-0.004443831
42255	teacher	-0.0044914433
42255	driven	-0.004505562
42255	280	-0.0045253327
42255	27	-0.004531331
42255	473	-0.0045538982
42255	babi	-0.0045688404
42255	880	-0.004578971
42255	2018	-0.0046082106
42255	eventu	-0.004624519
42255	circumst	-0.0046536746
42255	250	-0.004691019
42255	865	-0.0047043627
42255	enter	-0.0047063464
42255	placement	-0.0047209435
42255	payment	-0.004740257
42255	household	-0.004744733
42255	usa	-0.004748901
42255	especi	-0.004764888
42255	month	-0.0047804527
42255	797	-0.0047816522
42255	gross	-0.004784774
42255	go	-0.0048296545
42255	observ	-0.0048714983
42255	exclus	-0.0048721693
42255	yr	-0.0048773205
42255	societi	-0.0048884857
42255	cad	-0.004941829
42255	domin	-0.0049595116
42255	born	-0.004995363
42255	set	-0.005011852
42255	section	-0.005020104
42255	valu	-0.0050432184
42255	reward	-0.00505651
42255	jurisdict	-0.005079849
42255	adopt	-0.005088246
42255	emerg	-0.005111773
42255	boom	-0.0051379804
42255	top	-0.005147622
42255	1864	-0.005174564
42255	plan	-0.0051883273
42255	832	-0.0051933657
42255	elig	-0.005245348
42255	physician	-0.005248645
42255	act	-0.0052521722
42255	uk	-0.0052766493
42255	occupi	-0.0052934317
42255	primarili	-0.005301357
42255	annual	-0.0053038863
42255	22	-0.0053051356
42255	selina	-0.0053082136
42255	edian	-0.0053175944
42255	hr	-0.0053205322
42255	clean	-0.0053272606
42255	basic	-0.005365196
42255	premis	-0.005373251
42255	wide	-0.0054106284
42255	qualifi	-0.0054121185
42255	027	-0.005454513
42255	hold	-0.0054625412
42255	26	-0.00551156
42255	male	-0.005530495
42255	govern	-0.005534935
42255	normal	-0.0055436585
42255	massachusett	-0.005624726
42255	be	-0.0056660175
42255	exceed	-0.005676133
42255	map	-0.005712676
42255	rais	-0.0058239056
42255	larg	-0.0058661564
42255	provid	-0.0059013665
42255	imag	-0.0059112557
42255	elementari	-0.0059130867
42255	boomer	-0.0059200367
42255	cohort	-0.0059200367
42255	watch	-0.0059220837
42255	signific	-0.0059295697
42255	explain	-0.0059326245
42255	human	-0.006021376
42255	elina	-0.006044021
42255	percentag	-0.0060569374
42255	administr	-0.006064738
42255	br	-0.0060698832
42255	properli	-0.006069949
42255	comfort	-0.0060772425
42255	read	-0.0060927775
42255	foundat	-0.0061140745
42255	allow	-0.00611816
42255	112	-0.006126667
42255	symbol	-0.006131029
42255	survei	-0.0061325557
42255	2030	-0.006139523
42255	dr	-0.0061458014
42255	hvac	-0.006166339
42255	tuition	-0.0061672875
42255	credit	-0.0061786687
42255	310	-0.006223648
42255	teeth	-0.006249352
42255	obtain	-0.006257065
42255	ultim	-0.0062628468
42255	611	-0.0062856516
42255	full	-0.0062986617
42255	specif	-0.006300945
42255	ithin	-0.006364119
42255	810	-0.006402128
42255	rare	-0.006417422
42255	tweet	-0.00643862
42255	home	-0.0064475546
42255	littl	-0.006448256
42255	741	-0.0064662304
42255	approv	-0.0065035326
42255	minimum	-0.0065213367
42255	54	-0.0065300213
42255	censu	-0.006542649
42255	futur	-0.0065571256
42255	101	-0.006563678
42255	13	-0.006565574
42255	postwar	-0.0065887
42255	scale	-0.0065947063
42255	seat	-0.0065975473
42255	approxim	-0.0065980996
42255	sens	-0.0066117556
42255	half	-0.006673266
42255	vicin	-0.006701541
42255	save	-0.0067155953
42255	4	-0.0067186495
42255	promot	-0.0067239045
42255	390	-0.006726434
42255	dictionari	-0.00674825
42255	world	-0.0067809476
42255	post	-0.0067840246
42255	california	-0.0067959186
42255	juli	-0.0068067936
42255	larger	-0.0068676444
42255	origin	-0.006922584
42255	registri	-0.0069251503
42255	275	-0.006971659
42255	37	-0.0069728093
42255	orlando	-0.006982647
42255	215	-0.0069852574
42255	town	-0.007027543
42255	due	-0.007033618
42255	rai	-0.0070789177
42255	500	-0.0071086297
42255	agenc	-0.007123496
42255	effort	-0.0071300156
42255	flag	-0.007168085
42255	slower	-0.0071775373
42255	network	-0.0071786237
42255	oldest	-0.0071829334
42255	12	-0.0071936054
42255	nurs	-0.0072212205
42255	73	-0.007234504
42255	overview	-0.0072708176
42255	test	-0.007325228
42255	territori	-0.007338201
42255	compani	-0.0073569682
42255	name	-0.0073678023
42255	incorpor	-0.0073698857
42255	notabl	-0.0073928884
42255	verag	-0.007449844
42255	competit	-0.0075044837
42255	offer	-0.007517181
42255	enjoi	-0.007630451
42255	52	-0.007722757
42255	huge	-0.0077348435
42255	cours	-0.0077903387
42255	devot	-0.0077949506
42255	open	-0.007814847
42255	note	-0.007841587
42255	variat	-0.0078573115
42255	15	-0.007862042
42255	mold	-0.007894614
42255	interfac	-0.007897466
42255	2000	-0.007903159
42255	arizona	-0.007930609
42255	specialist	-0.007987637
42255	60	-0.008001894
42255	tallahasse	-0.008013584
42255	non	-0.008021448
42255	quick	-0.008025583
42255	assachusett	-0.008037793
42255	2009	-0.008053567
42255	interest	-0.008062017
42255	630	-0.008078337
42255	polish	-0.00809627
42255	refer	-0.008114694
42255	chang	-0.008116237
42255	taxonomi	-0.00812216
42255	size	-0.00817535
42255	percentil	-0.008176018
42255	pursu	-0.008204799
42255	appli	-0.008216057
42255	prepar	-0.008234943
42255	instructor	-0.008256174
42255	speak	-0.00827313
42255	acut	-0.008330022
42255	student	-0.008398959
42255	websit	-0.008428107
42255	role	-0.008508589
42255	82	-0.008608453
42255	figur	-0.008608794
42255	slightli	-0.008610577
42255	seen	-0.008639384
42255	ammit	-0.008645761
42255	perform	-0.008654274
42255	fax	-0.00875531
42255	benefit	-0.008818624
42255	kingdom	-0.008852942
42255	first	-0.008867846
42255	familiar	-0.008899492
42255	infrastructur	-0.00895506
42255	cna	-0.009068802
42255	polici	-0.009081906
42255	weather	-0.009085312
42255	import	-0.009106142
42255	230	-0.009108396
42255	laboratori	-0.009122405
42255	88	-0.009157388
42255	degre	-0.009173385
42255	press	-0.009233101
42255	subject	-0.00923321
42255	serv	-0.009265142
42255	varieti	-0.009267366
42255	tabl	-0.009369967
42255	conduct	-0.009417574
42255	sector	-0.009429808
42255	sign	-0.009451036
42255	75	-0.009539862
42255	learn	-0.009586814
42255	colleg	-0.009588534
42255	commerci	-0.009589165
42255	daylight	-0.009751212
42255	noun	-0.009754821
42255	551	-0.0098228445
42255	78	-0.009886683
42255	660	-0.009951797
42255	entri	-0.009957972
42255	arena	-0.010008261
42255	170	-0.010011494
42255	121	-0.010030169
42255	rate	-0.010030359
42255	well	-0.010056148
42255	breakdown	-0.01006268
42255	lopez	-0.010071447
42255	peopl	-0.010098852
42255	servic	-0.010106171
42255	member	-0.010123342
42255	259	-0.010129483
42255	48	-0.010190408
42255	knowledg	-0.010191034
42255	phone	-0.0102234585
42255	receiv	-0.010285742
42255	heir	-0.010296745
42255	270	-0.0103090545
42255	uncommon	-0.010367163
42255	cpi	-0.010395287
42255	24	-0.010478506
42255	climat	-0.01057716
42255	pass	-0.010600892
42255	similarli	-0.010706814
42255	monthli	-0.010715331
42255	30	-0.010716475
42255	find	-0.010741298
42255	just	-0.0108271185
42255	547	-0.0108276615
42255	least	-0.010856909
42255	relev	-0.010861848
42255	commiss	-0.010905919
42255	compar	-0.01093749
42255	bl	-0.010951072
42255	medicin	-0.010978057
42255	mara	-0.010979529
42255	28	-0.010999265
42255	howel	-0.011040016
42255	am	-0.01104012
42255	83	-0.011054262
42255	admiss	-0.011058691
42255	1855	-0.01106447
42255	earner	-0.011092155
42255	follow	-0.0110936435
42255	west	-0.011094697
42255	289	-0.011098271
42255	term	-0.011113469
42255	2014	-0.011134508
42255	91	-0.011138883
42255	significantli	-0.011146446
42255	mile	-0.0112353
42255	969	-0.011235838
42255	who	-0.01125639
42255	520	-0.011358221
42255	210	-0.011396196
42255	indic	-0.01140595
42255	commonli	-0.011447647
42255	monei	-0.011454975
42255	choos	-0.011461726
42255	privat	-0.011463447
42255	216	-0.011489373
42255	take	-0.011497652
42255	86	-0.011515022
42255	npi	-0.011526119
42255	710	-0.011544572
42255	special	-0.011560726
42255	written	-0.011560771
42255	590	-0.011566931
42255	midwestern	-0.011596135
42255	2016	-0.011600476
42255	creativ	-0.011647694
42255	best	-0.011684701
42255	station	-0.011711747
42255	35	-0.011730865
42255	217	-0.011746502
42255	23	-0.011767577
42255	oklahoma	-0.011787004
42255	respons	-0.011792294
42255	8	-0.011937075
42255	privaci	-0.011990686
42255	north	-0.0120041985
42255	addition	-0.012045267
42255	thousand	-0.012160494
42255	63	-0.012229521
42255	900	-0.012249595
42255	descript	-0.012262299
42255	come	-0.012312706
42255	region	-0.012399299
42255	supervis	-0.012399688
42255	540	-0.012430606
42255	av	-0.012484855
42255	target	-0.012504368
42255	591	-0.012533992
42255	hospit	-0.0125549305
42255	cover	-0.012572494
42255	percent	-0.012578093
42255	radio	-0.012592454
42255	posit	-0.012617401
42255	87	-0.012636148
42255	25	-0.012700009
42255	hgtc	-0.012700551
42255	team	-0.012706417
42255	672	-0.012742239
42255	nation	-0.012747811
42255	part	-0.012882626
42255	content	-0.012936278
42255	receipt	-0.01298926
42255	recognit	-0.013058276
42255	104	-0.013206289
42255	decad	-0.0132443
42255	accommod	-0.013250241
42255	defin	-0.013262497
42255	belong	-0.0132966265
42255	licensur	-0.013308303
42255	common	-0.013330973
42255	examin	-0.013333839
42255	233	-0.013334037
42255	620	-0.013372573
42255	alaska	-0.013485722
42255	oto	-0.013490167
42255	request	-0.0135235125
42255	countri	-0.013619974
42255	dollar	-0.013620333
42255	7	-0.013635886
42255	2012	-0.01367405
42255	council	-0.0136746075
42255	770	-0.013715788
42255	teach	-0.013721389
42255	292	-0.0137244165
42255	exam	-0.013747541
42255	step	-0.013772913
42255	74	-0.0137994215
42255	bonu	-0.013966828
42255	km	-0.01397805
42255	signifi	-0.014012292
42255	metropolitan	-0.014036662
42255	advanc	-0.014104287
42255	undergradu	-0.014145246
42255	code	-0.014148842
42255	20	-0.014154723
42255	stand	-0.0141698215
42255	end	-0.014268369
42255	de	-0.014313051
42255	bottom	-0.014372769
42255	376	-0.014423465
42255	59	-0.014482476
42255	lbn	-0.014588246
42255	fl	-0.014659037
42255	trip	-0.014669137
42255	regist	-0.014674846
42255	pediatrician	-0.014839767
42255	6	-0.014849718
42255	iowa	-0.014960923
42255	79	-0.015058771
42255	michigan	-0.01507057
42255	5	-0.015235139
42255	43rd	-0.015236339
42255	9	-0.0152379675
42255	media	-0.015261178
42255	frequent	-0.015262753
42255	highwai	-0.015385357
42255	report	-0.015454972
42255	base	-0.015478036
42255	small	-0.01548237
42255	mi	-0.015497334
42255	complet	-0.01550777
42255	florida	-0.015516584
42255	099	-0.0155169545
42255	publish	-0.015519408
42255	drive	-0.015684824
42255	71	-0.015695678
42255	virginia	-0.015747424
42255	offic	-0.01575091
42255	now	-0.015759638
42255	candid	-0.015955107
42255	experienc	-0.015993102
42255	200	-0.015998803
42255	total	-0.016011734
42255	period	-0.01609473
42255	major	-0.016096907
42255	mt	-0.01623087
42255	great	-0.016281376
42255	search	-0.016337013
42255	570	-0.016360072
42255	16	-0.016375506
42255	326	-0.016440405
42255	kilomet	-0.016584734
42255	2512	-0.016689371
42255	sc	-0.016704075
42255	18	-0.01682913
42255	louisvil	-0.016840331
42255	headquart	-0.016976153
42255	demograph	-0.017077385
42255	ago	-0.017106576
42255	190	-0.017117383
42255	dai	-0.017123098
42255	93	-0.017145606
42255	typic	-0.017232731
42255	38	-0.01726753
42255	expens	-0.017320517
42255	distanc	-0.01755912
42255	mirror	-0.017586056
42255	40	-0.01765345
42255	amount	-0.017749036
42255	70	-0.017907683
42255	823	-0.017924314
42255	york	-0.018000228
42255	950	-0.018016566
42255	depend	-0.01806427
42255	2013	-0.018104624
42255	order	-0.018146785
42255	470	-0.018176619
42255	47	-0.0182292
42255	furnitur	-0.01829206
42255	legislatur	-0.01830777
42255	higher	-0.018341854
42255	550	-0.018514764
42255	100	-0.018593678
42255	76	-0.018967047
42255	prevent	-0.019028725
42255	33	-0.019030657
42255	bluff	-0.019075764
42255	occup	-0.019379072
42255	360	-0.01939332
42255	right	-0.01943539
42255	ag	-0.019494358
42255	560	-0.019543065
42255	080	-0.019654177
42255	earlier	-0.019707736
42255	380	-0.019812372
42255	3	-0.019974452
42255	profess	-0.020152297
42255	grown	-0.020511745
42255	114	-0.02052403
42255	dentist	-0.020574458
42255	america	-0.020598074
42255	begin	-0.020690762
42255	700	-0.020714002
42255	mai	-0.020803457
42255	therapist	-0.020835243
42255	equival	-0.020870505
42255	450	-0.020955369
42255	600	-0.02096191
42255	ia	-0.02103313
42255	gener	-0.021053342
42255	670	-0.021079035
42255	830	-0.021299183
42255	connecticut	-0.021349553
42255	train	-0.021389322
42255	trend	-0.021392323
42255	460	-0.021462822
42255	lowest	-0.021471854
42255	51	-0.02156083
42255	mart	-0.021748642
42255	780	-0.021754405
42255	720	-0.021778975
42255	46	-0.021907674
42255	00	-0.022021431
42255	81	-0.022084665
42255	kansa	-0.022190044
42255	certif	-0.022194507
42255	60k	-0.02221545
42255	ctr	-0.022237098
42255	start	-0.02224948
42255	faster	-0.022390386
42255	lower	-0.02246809
42255	850	-0.022538045
42255	graduat	-0.022634663
42255	2040	-0.022769487
42255	view	-0.022828925
42255	annum	-0.023153918
42255	1	-0.0233583
42255	41	-0.023446158
42255	moin	-0.023602037
42255	univers	-0.023726245
42255	640	-0.02393735
42255	cheaper	-0.023960395
42255	redirect	-0.024116071
42255	showroom	-0.024134139
42255	90k	-0.024167163
42255	public	-0.024175778
42255	made	-0.024464803
42255	dougla	-0.02453109
42255	220	-0.024616603
42255	552	-0.024818288
42255	90	-0.024851698
42255	7400	-0.02494637
42255	index	-0.024984734
42255	97	-0.02524421
42255	largest	-0.025425581
42255	nationwid	-0.025716737
42255	abbrevi	-0.025741706
42255	accredit	-0.025902227
42255	factor	-0.026003957
42255	73k	-0.026108718
42255	57	-0.026183173
42255	ental	-0.026213037
42255	020	-0.026254904
42255	scienc	-0.026278935
42255	530	-0.026448227
42255	43	-0.02678687
42255	counti	-0.02684397
42255	sourc	-0.02685132
42255	bracket	-0.026975749
42255	pennsylvania	-0.027140846
42255	master	-0.027338166
42255	843	-0.027397728
42255	965	-0.027412858
42255	plain	-0.027724808
42255	740	-0.027742933
42255	34	-0.027779177
42255	live	-0.028087936
42255	postal	-0.028278368
42255	paid	-0.028411083
42255	56	-0.028714022
42255	29	-0.02898229
42255	washington	-0.029043807
42255	cost	-0.029046388
42255	experi	-0.02943992
42255	texa	-0.029607296
42255	technician	-0.029804219
42255	central	-0.029804405
42255	research	-0.030602034
42255	career	-0.030616982
42255	96	-0.030672831
42255	new	-0.031176032
42255	list	-0.031264193
42255	montana	-0.031428244
42255	popul	-0.031594187
42255	oral	-0.031606134
42255	time	-0.03274468
42255	61	-0.03275698
42255	medic	-0.03300658
42255	zone	-0.033045378
42255	hourli	-0.033618286
42255	022	-0.03467089
42255	vari	-0.03470214
42255	39	-0.034808524
42255	dentistri	-0.035091665
42255	depart	-0.036471482
42255	wage	-0.03663488
42255	68	-0.03668526
42255	430	-0.03701772
42255	2015	-0.037033003
42255	locat	-0.0374075
42255	need	-0.037690938
42255	highest	-0.03939517
42255	patient	-0.040190823
42255	mccoll	-0.040298335
42255	growth	-0.040990446
42255	lincoln	-0.04130723
42255	unit	-0.044873916
42255	402	-0.045628875
42255	practic	-0.04641094
42255	92	-0.049529444
42255	10	-0.05130824
42255	72	-0.051377658
42255	educ	-0.051972643
42255	work	-0.05372075
42255	program	-0.05386337
42255	hygienist	-0.055785853
42255	assist	-0.058050763
42255	citi	-0.058815006
42255	averag	-0.06463405
42255	school	-0.06741018
