1121353	ohrc	0.46331453
1121353	categori	0.26722664
1121353	membership	0.24968858
1121353	unfairli	0.1639243
1121353	claim	0.16316564
1121353	work	0.16083221
1121353	right	0.15949738
1121353	file	0.14921069
1121353	legal	0.14143161
1121353	religion	0.12570462
1121353	group	0.089739636
1121353	sex	0.0831318
1121353	ag	0.082654744
1121353	differ	0.08081159
1121353	practic	0.08055898
1121353	commiss	0.078184664
1121353	oklahoma	0.07528479
1121353	page	0.073956355
1121353	peopl	0.07017185
1121353	human	0.06803497
1121353	protect	0.06033879
1121353	percept	0.055807043
1121353	race	0.051415082
1121353	harass	0.05073875
1121353	sai	0.050012123
1121353	2010	0.04089321
1121353	392kb	0.039724242
1121353	workplac	0.03745238
1121353	lesbian	0.03565909
1121353	appear	0.034221604
1121353	agenc	0.033051234
1121353	physic	0.03233849
1121353	employ	0.031665582
1121353	treat	0.031423166
1121353	gai	0.02990377
1121353	racism	0.029770773
1121353	see	0.029442161
1121353	situat	0.029433077
1121353	person	0.028777532
1121353	known	0.02675753
1121353	man	0.026165282
1121353	claus	0.02522619
1121353	relat	0.024326198
1121353	ordin	0.024105243
1121353	particip	0.022708522
1121353	aca	0.02260558
1121353	unlaw	0.02184551
1121353	paragraph	0.02139417
1121353	give	0.020949692
1121353	atlanta	0.02034654
1121353	link	0.019992527
1121353	thursdai	0.019959182
1121353	resolut	0.01992734
1121353	anti	0.019870825
1121353	subordin	0.017895455
1121353	extern	0.017726574
1121353	375	0.017671399
1121353	bia	0.017636778
1121353	redund	0.017556092
1121353	identifi	0.0173443
1121353	implic	0.01622382
1121353	4ac	0.016094314
1121353	price	0.015430559
1121353	intoler	0.015342381
1121353	emploi	0.015320291
1121353	web	0.015031467
1121353	875	0.014754087
1121353	local	0.014681474
1121353	juli	0.0143912
1121353	405	0.014208819
1121353	eeo	0.014160252
1121353	download	0.0141116
1121353	experienc	0.01392696
1121353	complaint	0.013893021
1121353	offic	0.013591422
1121353	ax2	0.012955165
1121353	media	0.01271148
1121353	barresi	0.012510552
1121353	guid	0.012504161
1121353	make	0.0123014655
1121353	kei	0.012192974
1121353	mental	0.012134288
1121353	manag	0.01192098
1121353	50	0.011886413
1121353	trait	0.011857338
1121353	least	0.011764983
1121353	discriminatori	0.011740323
1121353	consider	0.0115669975
1121353	pervas	0.011467842
1121353	aarp	0.011276084
1121353	bx	0.011159012
1121353	11	0.011048756
1121353	reinstat	0.010908471
1121353	allow	0.0108559355
1121353	b2	0.010769741
1121353	hire	0.010522687
1121353	maximis	0.010496946
1121353	quadrat	0.010437028
1121353	facet	0.01033402
1121353	equat	0.010265932
1121353	regular	0.010228534
1121353	calendar	0.010144687
1121353	standard	0.010045577
1121353	point	0.009988912
1121353	discriminationref	0.009863994
1121353	2013	0.009817732
1121353	lost	0.009800248
1121353	charg	0.009471186
1121353	busi	0.009311933
1121353	feha	0.009265785
1121353	osd	0.009096945
1121353	well	0.008842402
1121353	fire	0.008791646
1121353	print	0.008784149
1121353	incorpor	0.008494173
1121353	sale	0.0084889885
1121353	root	0.008481804
1121353	avail	0.008413431
1121353	consum	0.008358134
1121353	illeg	0.008334775
1121353	detail	0.008323394
1121353	1st	0.008236175
1121353	blatant	0.008125618
1121353	180	0.008124992
1121353	quick	0.007923103
1121353	suspect	0.007917458
1121353	sect	0.007677128
1121353	janet	0.0076043587
1121353	advoc	0.0075897183
1121353	consist	0.0075694593
1121353	younger	0.00751376
1121353	64	0.0074056326
1121353	facilities4	0.007326976
1121353	firm	0.0072812224
1121353	attent	0.0072147283
1121353	extend	0.0071996185
1121353	talli	0.0071797105
1121353	respond	0.007079146
1121353	34	0.007058616
1121353	6205	0.007029788
1121353	famili	0.0069776988
1121353	mployment	0.0069584665
1121353	0114	0.006937
1121353	target	0.0069072777
1121353	522	0.0068612434
1121353	wholli	0.006661539
1121353	ban	0.006553868
1121353	refer	0.006548792
1121353	encourag	0.00654658
1121353	sell	0.006544341
1121353	maximum	0.006537546
1121353	elimin	0.006408196
1121353	nd	0.0063603125
1121353	strategi	0.0063093207
1121353	thought	0.006103884
1121353	solut	0.0061031976
1121353	profit	0.0060620457
1121353	liabl	0.00600298
1121353	winner	0.005974554
1121353	subtl	0.005896922
1121353	knowledg	0.0058766627
1121353	dismiss	0.005872194
1121353	accredit	0.0058535216
1121353	proof	0.005658006
1121353	divis	0.0056463927
1121353	outlet	0.005544679
1121353	monei	0.005527528
1121353	caus	0.005517062
1121353	due	0.0055103134
1121353	regardless	0.005472504
1121353	idea	0.005418995
1121353	box	0.005343556
1121353	recruit	0.005168661
1121353	personnel	0.005104484
1121353	western	0.0050671916
1121353	stat	0.0050652246
1121353	third	0.0050494806
1121353	read	0.0049642883
1121353	suprem	0.0049253074
1121353	solac	0.0048981225
1121353	uncheck	0.0048835375
1121353	sw	0.0047991453
1121353	town	0.004794574
1121353	reduc	0.0047458303
1121353	affect	0.004564839
1121353	continu	0.0045585223
1121353	unfortun	0.0045260843
1121353	last	0.004525621
1121353	instruct	0.0045195613
1121353	natur	0.0044856467
1121353	parti	0.0044114697
1121353	second	0.0042408565
1121353	agreement	0.004196666
1121353	facebook	0.0041513853
1121353	count	0.0040739006
1121353	call	0.0040729516
1121353	geographi	0.004045047
1121353	disast	0.0040390245
1121353	googl	0.0040314384
1121353	statement	0.0039900467
1121353	arkansa	0.003981704
1121353	popular	0.003899472
1121353	07	0.0038071095
1121353	1978	0.0038063463
1121353	close	0.0038062718
1121353	button	0.0036818113
1121353	newspap	0.0036509247
1121353	amount	0.0036399912
1121353	magazin	0.0035782782
1121353	flag	0.0035775194
1121353	pronunci	0.0035669112
1121353	observ	0.0035601694
1121353	provis	0.0034510603
1121353	ve	0.0034329088
1121353	updat	0.0034148074
1121353	non	0.0034111515
1121353	22	0.0034068448
1121353	800	0.0033777938
1121353	offer	0.0033280319
1121353	determin	0.0033005192
1121353	radio	0.0032925769
1121353	interpret	0.0032660328
1121353	enrol	0.0032375269
1121353	role	0.0032129479
1121353	8	0.0031887179
1121353	ll	0.003107585
1121353	unfavor	0.003076594
1121353	station	0.0030622967
1121353	massachusett	0.003028007
1121353	past	0.0029498183
1121353	click	0.0029334594
1121353	project	0.0028899757
1121353	tv	0.0028897326
1121353	guidelin	0.0028438277
1121353	real	0.002809833
1121353	ask	0.0028001897
1121353	27th	0.0027937319
1121353	servic	0.0026841266
1121353	teacher	0.002677593
1121353	purchas	0.0026448544
1121353	sheet	0.002597051
1121353	option	0.00259531
1121353	oper	0.0025947492
1121353	35	0.002574327
1121353	accompani	0.0025361562
1121353	9x2	0.00251831
1121353	total	0.002499469
1121353	respons	0.0024666318
1121353	rule	0.0024513926
1121353	advers	0.0024349382
1121353	news9	0.0024243766
1121353	context	0.0023903442
1121353	crimin	0.0023550284
1121353	confus	0.0022268773
1121353	minut	0.0021718978
1121353	doubl	0.002137363
1121353	12x	0.0020504605
1121353	5	0.002050083
1121353	want	0.0020477704
1121353	procedur	0.001913001
1121353	educ	0.0019106452
1121353	develop	0.0017403828
1121353	accord	0.0017109289
1121353	examin	0.001687438
1121353	woman	0.0016611713
1121353	interview	0.0016230351
1121353	visitokc	0.0015466816
1121353	post	0.0015363657
1121353	plai	0.0014453495
1121353	5652	0.0014012022
1121353	8912	0.0013635521
1121353	script	0.0013559967
1121353	cure	0.0012344238
1121353	argument	0.0011825631
1121353	solv	0.0011229642
1121353	focu	0.00111429
1121353	edg	0.0011017058
1121353	program	0.001077554
1121353	pain	0.001074002
1121353	tulsa	0.0010729866
1121353	todai	0.0010708447
1121353	cordel	0.0010547761
1121353	isn	0.0010512004
1121353	8112	0.0009311874
1121353	139	0.0009059553
1121353	intend	0.0008973044
1121353	express	0.00089595036
1121353	297	0.0008786031
1121353	squar	0.00085467607
1121353	video	0.0008488107
1121353	7111	0.00084306207
1121353	tell	0.0008378032
1121353	1353	0.000813425
1121353	mingo	0.0008102697
1121353	km	0.0008044207
1121353	appli	0.0007973148
1121353	scenario	0.0007968487
1121353	nestl	0.00076599314
1121353	2035	0.00076114835
1121353	ener	0.00075804384
1121353	emotion	0.0007421988
1121353	valu	0.0007388238
1121353	know	0.0007300882
1121353	norman	0.0007274994
1121353	hear	0.0007243417
1121353	225	0.00071864325
1121353	revers	0.0007184454
1121353	proud	0.00067726074
1121353	traumat	0.00066671416
1121353	neighbor	0.00065883296
1121353	frustrat	0.000658782
1121353	order	0.0006566927
1121353	candid	0.0006302075
1121353	perceiv	0.00062929554
1121353	onli	0.0006068789
1121353	plain	0.0005986755
1121353	meridian	0.00058385875
1121353	24th	0.0005722299
1121353	central	0.00054861634
1121353	review	0.00051153736
1121353	lewi	0.0004972862
1121353	hospit	0.00049597333
1121353	tradit	0.000488349
1121353	highli	0.0004839283
1121353	go	0.00047808842
1121353	avenu	0.0004728502
1121353	choic	0.00044314854
1121353	municip	0.0004404356
1121353	capitol	0.00043679337
1121353	exempt	0.0004236078
1121353	wide	0.00039429998
1121353	vari	0.00038369064
1121353	campu	0.0003655841
1121353	small	0.00036346188
1121353	ou	0.00034205362
1121353	downtown	0.00029312796
1121353	scienc	0.00028474786
1121353	counti	0.00027894747
1121353	build	0.00024091156
1121353	contractor	0.00022241569
1121353	hourli	0.00021854712
1121353	explor	0.0001899615
1121353	career	0.00018286404
1121353	chang	0.00012502883
1121353	psychedel	0.00011729618
1121353	neo	0.000105660096
1121353	region	8.9390574e-05
1121353	recent	6.534474e-05
1121353	present	5.3019266e-05
1121353	articl	-1.082611e-05
1121353	missouri	-1.5017282e-05
1121353	design	-4.221451e-05
1121353	center	-4.3362452e-05
1121353	greater	-5.6391087e-05
1121353	domin	-6.46311e-05
1121353	geograph	-6.674751e-05
1121353	urban	-6.8101624e-05
1121353	hub	-7.580082e-05
1121353	tourism	-7.917978e-05
1121353	numer	-0.00018640542
1121353	fall	-0.00019454939
1121353	toll	-0.00021715807
1121353	conveni	-0.00037294033
1121353	union	-0.0004063954
1121353	latitud	-0.0004261353
1121353	97	-0.0004294141
1121353	longitud	-0.0004514618
1121353	here	-0.00052175904
1121353	envir	-0.0005534978
1121353	histori	-0.00055592187
1121353	administr	-0.00059472705
1121353	east	-0.00061025127
1121353	current	-0.00063458533
1121353	rank	-0.0006894658
1121353	suffer	-0.0007129137
1121353	heat	-0.0007264945
1121353	ad	-0.00075870904
1121353	2011	-0.0007600626
1121353	lai	-0.0007622506
1121353	5625	-0.00077406014
1121353	hot	-0.00078990497
1121353	write	-0.0008210803
1121353	approxim	-0.0008297064
1121353	summer	-0.0008306598
1121353	higher	-0.00085940113
1121353	4916	-0.000877582
1121353	manifest	-0.0008874998
1121353	genuin	-0.0009379092
1121353	world	-0.00096756517
1121353	38	-0.0009680831
1121353	oldest	-0.0010444222
1121353	fahrenheit	-0.0010474985
1121353	air	-0.0010648017
1121353	system	-0.0010878108
1121353	leav	-0.0011034727
1121353	month	-0.0011168952
1121353	dfeh	-0.0011267146
1121353	industri	-0.0011396973
1121353	select	-0.0011546614
1121353	salari	-0.001157487
1121353	increas	-0.0011605921
1121353	forc	-0.0011622235
1121353	letter	-0.0011960072
1121353	55	-0.0012198124
1121353	charter	-0.0012436261
1121353	pretext	-0.0013574624
1121353	111	-0.0013766655
1121353	cleveland	-0.0015147045
1121353	80	-0.0015194963
1121353	affili	-0.0015217783
1121353	seventh	-0.0015525899
1121353	moor	-0.0015869427
1121353	447	-0.0016176298
1121353	329	-0.0016238167
1121353	forbid	-0.0016327306
1121353	west	-0.0016372905
1121353	entitl	-0.0016384867
1121353	realiz	-0.0016503119
1121353	creat	-0.0016540786
1121353	still	-0.0016541915
1121353	caucasian	-0.0016627699
1121353	eighth	-0.0016669414
1121353	005	-0.0016736463
1121353	552	-0.0016779212
1121353	835	-0.0016913757
1121353	evid	-0.0016976795
1121353	layoff	-0.0017060153
1121353	mari	-0.0017128297
1121353	old	-0.0017404685
1121353	749	-0.0017559452
1121353	medic	-0.0017705058
1121353	overtim	-0.0017965437
1121353	12	-0.0018579127
1121353	inquiri	-0.0018629258
1121353	supervis	-0.0018660328
1121353	pharmaci	-0.0018792909
1121353	usda	-0.0018879262
1121353	earli	-0.0018880751
1121353	event	-0.0019043203
1121353	marit	-0.0019067298
1121353	25	-0.00192571
1121353	verbal	-0.0019522255
1121353	digniti	-0.0019522578
1121353	grew	-0.0019561378
1121353	movi	-0.001959732
1121353	name	-0.0019640855
1121353	defens	-0.0019740388
1121353	blvd	-0.0020287863
1121353	war	-0.0020402924
1121353	1710	-0.0020415082
1121353	371	-0.0020474044
1121353	common	-0.0020931496
1121353	reflect	-0.002108239
1121353	low	-0.0021235025
1121353	licensur	-0.0021511735
1121353	disambigu	-0.00215909
1121353	081	-0.0021854574
1121353	south	-0.0022335234
1121353	densiti	-0.0022481817
1121353	novemb	-0.0022680275
1121353	3027	-0.0022696014
1121353	midwest	-0.0022944298
1121353	metropolitan	-0.0023234058
1121353	vote	-0.0023325444
1121353	repres	-0.0023357216
1121353	high	-0.0023483906
1121353	42	-0.0023553635
1121353	tinker	-0.0023867309
1121353	feet	-0.0023891886
1121353	free	-0.0023893458
1121353	celebr	-0.0024108347
1121353	north	-0.0024210976
1121353	31	-0.0024211518
1121353	board	-0.0024587375
1121353	impact	-0.0024768203
1121353	54	-0.0024864876
1121353	translat	-0.0025003196
1121353	prove	-0.0025012286
1121353	code	-0.0025020603
1121353	hollywood	-0.0025045467
1121353	road	-0.0025636032
1121353	unwelcom	-0.0025854616
1121353	profession	-0.0026105451
1121353	fit	-0.002651359
1121353	publish	-0.0026797531
1121353	sea	-0.0026799042
1121353	rang	-0.0027021982
1121353	product	-0.002707967
1121353	separ	-0.002715997
1121353	million	-0.0027197658
1121353	size	-0.0027238282
1121353	spirit	-0.002747097
1121353	onlin	-0.0027474072
1121353	346	-0.0027626732
1121353	safeti	-0.0027922567
1121353	occup	-0.002795282
1121353	condit	-0.0027990453
1121353	nlrb	-0.0028238373
1121353	631	-0.0028286714
1121353	move	-0.0028627613
1121353	settlement	-0.0028813726
1121353	consid	-0.0028909184
1121353	discov	-0.0028946458
1121353	explain	-0.0028987452
1121353	took	-0.0029257566
1121353	corpor	-0.00299694
1121353	heritag	-0.0030196758
1121353	live	-0.00306376
1121353	awai	-0.0030899716
1121353	train	-0.0030932205
1121353	statist	-0.0031134584
1121353	properti	-0.0031237158
1121353	bomb	-0.003142269
1121353	13	-0.0031434873
1121353	sue	-0.003144503
1121353	romant	-0.0031449737
1121353	bodi	-0.0031464386
1121353	superintend	-0.0031470528
1121353	fee	-0.0031725029
1121353	fallin	-0.0031804747
1121353	defend	-0.0031852368
1121353	site	-0.0032249223
1121353	1880	-0.0032374065
1121353	period	-0.0032439884
1121353	mainli	-0.003277403
1121353	8705	-0.00327872
1121353	kilomet	-0.0033421514
1121353	exceed	-0.003345677
1121353	tabl	-0.0033568249
1121353	occur	-0.0033581548
1121353	embrac	-0.0033654906
1121353	mile	-0.003394901
1121353	largest	-0.0034233818
1121353	household	-0.0034291695
1121353	19	-0.003443888
1121353	just	-0.0034538503
1121353	72	-0.0034595118
1121353	estim	-0.0034754593
1121353	freebas	-0.0035577386
1121353	2015	-0.003613636
1121353	adopt	-0.0036667958
1121353	rock	-0.0036705015
1121353	look	-0.0036790634
1121353	great	-0.0036852676
1121353	birth	-0.0036861103
1121353	24	-0.0037005055
1121353	exercis	-0.0037111738
1121353	999	-0.0037214
1121353	seq	-0.0037263248
1121353	percent	-0.0037299716
1121353	ensur	-0.0037331416
1121353	parallel	-0.0037400795
1121353	stage	-0.0037582892
1121353	45	-0.0037760187
1121353	32	-0.0038102313
1121353	choctaw	-0.0038302157
1121353	89	-0.0038519157
1121353	affection	-0.0038855372
1121353	index	-0.0038983538
1121353	level	-0.0039200974
1121353	29th	-0.003920563
1121353	band	-0.00392624
1121353	breach	-0.0039301906
1121353	handl	-0.003952409
1121353	handbook	-0.003987917
1121353	answer	-0.003998278
1121353	biggest	-0.0039985613
1121353	indic	-0.004025455
1121353	statehood	-0.0040541124
1121353	assum	-0.004096723
1121353	grow	-0.0041157203
1121353	interst	-0.00414191
1121353	2016	-0.0041934587
1121353	52	-0.004248537
1121353	survei	-0.0042905603
1121353	term	-0.0042995284
1121353	pai	-0.0043031145
1121353	across	-0.004310537
1121353	southwestern	-0.0043197256
1121353	51	-0.004366082
1121353	579	-0.0043746196
1121353	16	-0.0043805516
1121353	sign	-0.004381531
1121353	unintend	-0.0043848627
1121353	differenti	-0.0043953806
1121353	opinion	-0.00440329
1121353	children	-0.004435894
1121353	050	-0.0044385646
1121353	sacramento	-0.0044424064
1121353	divorc	-0.0044468627
1121353	consequ	-0.004449669
1121353	elev	-0.004463336
1121353	000	-0.0044838316
1121353	meet	-0.00452088
1121353	28	-0.0045224503
1121353	actual	-0.004530316
1121353	sport	-0.004544038
1121353	04	-0.0045494437
1121353	match	-0.0045752972
1121353	cheaper	-0.0046468875
1121353	lip	-0.004651514
1121353	latest	-0.004667725
1121353	334	-0.004731663
1121353	okc	-0.004741097
1121353	83	-0.0047443854
1121353	school	-0.0047526537
1121353	think	-0.004755325
1121353	seat	-0.0047689057
1121353	368	-0.0047909147
1121353	come	-0.0048022936
1121353	bailei	-0.0048216567
1121353	blog	-0.0048304624
1121353	help	-0.0048854947
1121353	67	-0.0049210074
1121353	2000e	-0.004922418
1121353	00	-0.004955359
1121353	convert	-0.004980355
1121353	592	-0.004986254
1121353	displai	-0.0049920003
1121353	unassign	-0.0050061643
1121353	combin	-0.005014957
1121353	1983	-0.0050348784
1121353	20	-0.005057094
1121353	propos	-0.0050748773
1121353	37	-0.005106587
1121353	empower	-0.0051260246
1121353	100	-0.0051390403
1121353	flame	-0.005143024
1121353	turnpik	-0.0051855394
1121353	medicin	-0.0052020624
1121353	announc	-0.005221341
1121353	censu	-0.005299247
1121353	forecast	-0.00533263
1121353	ix	-0.0053574014
1121353	testimoni	-0.005406032
1121353	offici	-0.0054174773
1121353	warn	-0.0054332726
1121353	complain	-0.005441201
1121353	litig	-0.005451316
1121353	44	-0.0054671955
1121353	win	-0.0054982435
1121353	ground	-0.0055026845
1121353	respect	-0.0055040517
1121353	traffic	-0.005507381
1121353	tangibl	-0.0055238022
1121353	problem	-0.005586662
1121353	disciplinari	-0.0056861667
1121353	rate	-0.005696232
1121353	jefferson	-0.005713157
1121353	marri	-0.0057263994
1121353	drive	-0.005740146
1121353	year	-0.0058342097
1121353	dispar	-0.005837835
1121353	entir	-0.005880178
1121353	issu	-0.005925273
1121353	6	-0.005951376
1121353	temperatur	-0.0059676818
1121353	best	-0.0059923995
1121353	30	-0.006010227
1121353	portion	-0.006081794
1121353	healthi	-0.0061687175
1121353	straight	-0.006205622
1121353	report	-0.006228874
1121353	kind	-0.0062409523
1121353	requir	-0.0062996782
1121353	disadvantag	-0.0063067274
1121353	behaviour	-0.0063089128
1121353	clock	-0.006348002
1121353	easi	-0.006388055
1121353	characterist	-0.0064420532
1121353	effect	-0.0064673163
1121353	elk	-0.006481589
1121353	7	-0.0065088663
1121353	agent	-0.006551153
1121353	2017	-0.006573381
1121353	line	-0.0065789726
1121353	airport	-0.0065990957
1121353	district	-0.006609096
1121353	cost	-0.00671123
1121353	surgeon	-0.006789569
1121353	collect	-0.0067974483
1121353	behalf	-0.0068309074
1121353	foremost	-0.006859355
1121353	wall	-0.0068695378
1121353	databas	-0.0068708383
1121353	radar	-0.0068827574
1121353	146	-0.006907169
1121353	4	-0.006933545
1121353	question	-0.0070280666
1121353	coverag	-0.0070285634
1121353	victorian	-0.0070346687
1121353	27	-0.007060784
1121353	violenc	-0.007061171
1121353	associ	-0.0070668403
1121353	alleg	-0.0070740916
1121353	filter	-0.007091815
1121353	york	-0.0070976554
1121353	85	-0.007127209
1121353	recess	-0.0071300664
1121353	suppli	-0.007150856
1121353	currenc	-0.0071575628
1121353	exampl	-0.007160504
1121353	hous	-0.0071791895
1121353	guest	-0.007236106
1121353	talk	-0.007254538
1121353	narrow	-0.0072582187
1121353	weather	-0.007263853
1121353	freedom	-0.0072975713
1121353	direct	-0.007314829
1121353	gross	-0.0073162564
1121353	august	-0.007374707
1121353	median	-0.0073766536
1121353	visit	-0.007388957
1121353	major	-0.007417464
1121353	increasingli	-0.007420591
1121353	unit	-0.0074329986
1121353	serious	-0.0074402858
1121353	approv	-0.00746452
1121353	search	-0.0074917795
1121353	st	-0.007505527
1121353	326	-0.007531278
1121353	spike	-0.007538889
1121353	liabil	-0.007544492
1121353	brows	-0.0075635263
1121353	av	-0.0075747166
1121353	hiv	-0.007580798
1121353	feb	-0.0075887707
1121353	death	-0.0075965
1121353	disciplin	-0.0076555824
1121353	planner	-0.0076641664
1121353	earn	-0.00770627
1121353	vehicl	-0.007730559
1121353	lawyer	-0.0077856737
1121353	cheap	-0.0078122816
1121353	william	-0.007816942
1121353	nurs	-0.007818875
1121353	compos	-0.007824472
1121353	lower	-0.007831792
1121353	organis	-0.007871715
1121353	recommend	-0.007893788
1121353	82	-0.007899984
1121353	studi	-0.007933015
1121353	special	-0.007938106
1121353	capit	-0.0080275135
1121353	wait	-0.0080694
1121353	revenu	-0.0081507545
1121353	modern	-0.008163159
1121353	155	-0.008195375
1121353	serv	-0.008255293
1121353	break	-0.008266517
1121353	partnership	-0.008318049
1121353	appoint	-0.008354517
1121353	word	-0.00836115
1121353	79	-0.008403391
1121353	disclosur	-0.0084584365
1121353	down	-0.008458866
1121353	orthoped	-0.008491174
1121353	territori	-0.008500845
1121353	insur	-0.008503795
1121353	exclud	-0.008536966
1121353	notic	-0.0085418485
1121353	map	-0.008542967
1121353	senat	-0.008548381
1121353	mind	-0.008569426
1121353	februari	-0.008581926
1121353	resourc	-0.008588954
1121353	access	-0.008636663
1121353	week	-0.008650422
1121353	imper	-0.008673151
1121353	3	-0.0086741075
1121353	87	-0.008703675
1121353	enter	-0.008730725
1121353	480	-0.008746049
1121353	sector	-0.008815794
1121353	varieti	-0.008830063
1121353	remedi	-0.008838335
1121353	establish	-0.00884667
1121353	overview	-0.00887817
1121353	timothi	-0.008890529
1121353	compani	-0.008900746
1121353	1890	-0.0089075025
1121353	mastagni	-0.008927926
1121353	holstedt	-0.008927926
1121353	licens	-0.008995646
1121353	flow	-0.008998745
1121353	land	-0.009022835
1121353	failur	-0.009033885
1121353	accept	-0.009052964
1121353	14	-0.009123822
1121353	form	-0.009136464
1121353	skin	-0.009155323
1121353	car	-0.009185684
1121353	unfavour	-0.009221918
1121353	result	-0.009270352
1121353	advic	-0.009277724
1121353	phone	-0.009287191
1121353	epic	-0.009316951
1121353	topic	-0.009353887
1121353	fals	-0.00936185
1121353	86	-0.0093811
1121353	bolster	-0.009396307
1121353	divid	-0.009412576
1121353	compli	-0.009447886
1121353	learn	-0.0094692595
1121353	graph	-0.009487747
1121353	orient	-0.009488825
1121353	minor	-0.009591237
1121353	2012	-0.009626687
1121353	affair	-0.009650625
1121353	unfair	-0.009670908
1121353	registr	-0.009690699
1121353	sort	-0.009748582
1121353	neurolog	-0.009749326
1121353	histor	-0.00975435
1121353	driver	-0.009755552
1121353	case	-0.009778923
1121353	climat	-0.009817138
1121353	hotel	-0.009923374
1121353	tribe	-0.010026319
1121353	10th	-0.010036639
1121353	usa	-0.0100492705
1121353	afford	-0.010066462
1121353	306	-0.010087774
1121353	attornei	-0.010088191
1121353	rippl	-0.010110049
1121353	quickli	-0.010113228
1121353	penalti	-0.010131376
1121353	individu	-0.010169783
1121353	facil	-0.010323407
1121353	65	-0.010390659
1121353	1964	-0.010459515
1121353	regist	-0.010478275
1121353	concentr	-0.010559108
1121353	distinguish	-0.01056624
1121353	navig	-0.010574054
1121353	nonresid	-0.010597823
1121353	luther	-0.010623347
1121353	conduct	-0.010627146
1121353	top	-0.010683992
1121353	promot	-0.010686027
1121353	575	-0.010712977
1121353	ndirect	-0.010724811
1121353	choos	-0.0107525075
1121353	frontier	-0.010755557
1121353	analysi	-0.0107846465
1121353	home	-0.010794349
1121353	enforc	-0.010822729
1121353	garden	-0.010894527
1121353	fbi	-0.010917635
1121353	obtain	-0.01096361
1121353	david	-0.010963788
1121353	17	-0.01097838
1121353	taxat	-0.011047622
1121353	calcul	-0.011057646
1121353	polic	-0.011074467
1121353	hour	-0.011079629
1121353	governor	-0.011090154
1121353	assembl	-0.011135905
1121353	date	-0.011182354
1121353	704	-0.011185298
1121353	718	-0.011217402
1121353	set	-0.0112784505
1121353	hyatt	-0.011326709
1121353	note	-0.011353633
1121353	reveal	-0.011353879
1121353	sheridan	-0.011421065
1121353	zip	-0.011426421
1121353	paper	-0.011453852
1121353	633	-0.011517293
1121353	locat	-0.011522998
1121353	merit	-0.011538981
1121353	otc	-0.011573679
1121353	leas	-0.011580933
1121353	outlaw	-0.011655529
1121353	expens	-0.01174564
1121353	feel	-0.011759475
1121353	commonli	-0.011787216
1121353	us	-0.011791392
1121353	put	-0.011961087
1121353	accus	-0.01196709
1121353	releas	-0.012010185
1121353	justic	-0.0120125655
1121353	understand	-0.012030385
1121353	african	-0.012054164
1121353	neurologist	-0.012057655
1121353	212	-0.012101009
1121353	colleg	-0.012162149
1121353	1907	-0.012247412
1121353	assist	-0.01225815
1121353	systemat	-0.012438763
1121353	84	-0.012516166
1121353	abl	-0.012564723
1121353	inferior	-0.012590059
1121353	ident	-0.012603162
1121353	oblig	-0.012712383
1121353	be	-0.012743558
1121353	connect	-0.012870197
1121353	0	-0.012885079
1121353	98	-0.012932194
1121353	1995	-0.012943944
1121353	56	-0.012951988
1121353	dr	-0.0129906265
1121353	black	-0.0129962815
1121353	distanc	-0.013009063
1121353	let	-0.013054368
1121353	opportun	-0.013076837
1121353	statut	-0.013114179
1121353	immigr	-0.013168785
1121353	unemploi	-0.013233265
1121353	men	-0.013283266
1121353	511nr	-0.013334395
1121353	nativ	-0.013367085
1121353	environ	-0.013425976
1121353	primarili	-0.01345329
1121353	creditor	-0.013647583
1121353	experi	-0.013648721
1121353	2014	-0.013659061
1121353	find	-0.01367307
1121353	websit	-0.013766118
1121353	33	-0.013777636
1121353	client	-0.013882536
1121353	dp	-0.014007425
1121353	public	-0.014033565
1121353	found	-0.014138462
1121353	forti	-0.014189639
1121353	2493	-0.014238465
1121353	reason	-0.014332522
1121353	neg	-0.01437535
1121353	june	-0.0144607825
1121353	geib	-0.014498649
1121353	court	-0.014554462
1121353	2018individu	-0.014650803
1121353	staff	-0.014652048
1121353	usdupd	-0.01482009
1121353	ohio	-0.014829307
1121353	begin	-0.015080356
1121353	7450	-0.01520014
1121353	octob	-0.015330958
1121353	unrel	-0.015517482
1121353	success	-0.015548541
1121353	oun	-0.015558462
1121353	titl	-0.015655948
1121353	obituari	-0.015738497
1121353	66	-0.015757348
1121353	ii	-0.015836747
1121353	grievanc	-0.015979325
1121353	seldom	-0.016034218
1121353	favor	-0.016208816
1121353	address	-0.01627213
1121353	asian	-0.01637086
1121353	handicap	-0.016393108
1121353	view	-0.016443066
1121353	com	-0.016496211
1121353	seek	-0.016590044
1121353	c1	-0.016639551
1121353	open	-0.016651664
1121353	deduct	-0.016734038
1121353	extens	-0.016738556
1121353	strict	-0.017017405
1121353	synonym	-0.017034907
1121353	indian	-0.01704528
1121353	adea	-0.017072028
1121353	equit	-0.017080393
1121353	18	-0.01716228
1121353	15	-0.017217923
1121353	specif	-0.01736489
1121353	especi	-0.017422589
1121353	support	-0.017541934
1121353	retali	-0.01758701
1121353	deal	-0.017614344
1121353	transgend	-0.0177048
1121353	rutger	-0.017873738
1121353	time	-0.017886566
1121353	327view	-0.018111669
1121353	will	-0.018141787
1121353	difficult	-0.018180978
1121353	carn	-0.018315528
1121353	columbu	-0.018370166
1121353	regul	-0.01853445
1121353	degre	-0.018537702
1121353	dai	-0.018555727
1121353	show	-0.018629566
1121353	mai	-0.01863337
1121353	90	-0.01870099
1121353	who	-0.018881433
1121353	danger	-0.018937526
1121353	10	-0.019066352
1121353	996	-0.019133678
1121353	don	-0.019145267
1121353	noun	-0.01915035
1121353	underli	-0.019173674
1121353	complet	-0.01917549
1121353	compar	-0.019176394
1121353	save	-0.019210747
1121353	texa	-0.019298628
1121353	9	-0.0193294
1121353	abus	-0.019349666
1121353	organ	-0.019355534
1121353	bendur	-0.01950296
1121353	wit	-0.019560024
1121353	breakdown	-0.01956648
1121353	institut	-0.019589273
1121353	travel	-0.01965909
1121353	militari	-0.019828621
1121353	america	-0.019831907
1121353	part	-0.019886691
1121353	violent	-0.019953782
1121353	white	-0.02000024
1121353	univers	-0.020052554
1121353	wage	-0.020154553
1121353	purpos	-0.02025278
1121353	zone	-0.020346548
1121353	aggress	-0.02036606
1121353	posit	-0.02047519
1121353	vii	-0.02049475
1121353	wai	-0.020582365
1121353	deadlin	-0.020617038
1121353	friend	-0.020701218
1121353	2002	-0.020793509
1121353	stand	-0.020931141
1121353	try	-0.021070924
1121353	typic	-0.021075506
1121353	first	-0.021111278
1121353	complic	-0.021182243
1121353	border	-0.021290438
1121353	counselor	-0.021417465
1121353	involv	-0.021600008
1121353	taxpay	-0.021623673
1121353	privat	-0.021632459
1121353	member	-0.021694263
1121353	late	-0.021698711
1121353	receiv	-0.021772243
1121353	confin	-0.02184881
1121353	prevent	-0.021935858
1121353	possibl	-0.0221403
1121353	benefit	-0.022162292
1121353	stress	-0.022249026
1121353	era	-0.022474635
1121353	defin	-0.022767434
1121353	sole	-0.023002058
1121353	provid	-0.023003532
1121353	countri	-0.023011984
1121353	record	-0.023045981
1121353	gender	-0.02313324
1121353	treatment	-0.023138199
1121353	fundament	-0.02324289
1121353	ada	-0.02334591
1121353	check	-0.023461798
1121353	resid	-0.02350786
1121353	keep	-0.023673266
1121353	coordin	-0.023702418
1121353	document	-0.023716329
1121353	mail	-0.023718907
1121353	singl	-0.023772413
1121353	alon	-0.023816476
1121353	sourc	-0.023990462
1121353	averag	-0.024108984
1121353	area	-0.024343608
1121353	latino	-0.02434634
1121353	prohibit	-0.024640225
1121353	effort	-0.024761863
1121353	mob	-0.024816392
1121353	divers	-0.024861688
1121353	refund	-0.025343973
1121353	fight	-0.025431499
1121353	rememb	-0.025528952
1121353	need	-0.025566172
1121353	intak	-0.025599454
1121353	addit	-0.0257007
1121353	belong	-0.025742074
1121353	lack	-0.025748909
1121353	onc	-0.025919713
1121353	type	-0.025934074
1121353	sexual	-0.026147047
1121353	broke	-0.02622166
1121353	accommod	-0.02626321
1121353	soon	-0.026472915
1121353	status	-0.026658652
1121353	1980	-0.026982293
1121353	clarifi	-0.027044134
1121353	decid	-0.027230922
1121353	jurisdict	-0.027380101
1121353	minnesota	-0.027385175
1121353	prior	-0.027404787
1121353	offens	-0.027521301
1121353	civil	-0.027559867
1121353	life	-0.027639857
1121353	hostil	-0.027674276
1121353	outpac	-0.027716326
1121353	gener	-0.027819248
1121353	contract	-0.027857106
1121353	daylight	-0.02789448
1121353	stereotyp	-0.028166404
1121353	polit	-0.028174156
1121353	request	-0.028212281
1121353	list	-0.028354388
1121353	cultur	-0.028441975
1121353	subject	-0.028498271
1121353	take	-0.028597288
1121353	follow	-0.028709445
1121353	crime	-0.028837582
1121353	remark	-0.028969577
1121353	wors	-0.029232545
1121353	ok	-0.029423883
1121353	freeadvic	-0.029516788
1121353	incom	-0.029521903
1121353	mistreat	-0.03002402
1121353	permit	-0.030088274
1121353	societi	-0.030104814
1121353	inconsist	-0.03023021
1121353	decis	-0.030358683
1121353	new	-0.030650416
1121353	eeoc	-0.03080348
1121353	disabl	-0.030821463
1121353	popul	-0.030837161
1121353	bulli	-0.031231854
1121353	older	-0.031313222
1121353	bring	-0.03207392
1121353	women	-0.032093894
1121353	depart	-0.032173023
1121353	racial	-0.032190483
1121353	speak	-0.03224263
1121353	40	-0.032394122
1121353	investig	-0.033003554
1121353	mean	-0.033049453
1121353	like	-0.033055242
1121353	river	-0.033233773
1121353	genet	-0.03347856
1121353	chipotl	-0.033655334
1121353	oversight	-0.03365876
1121353	victim	-0.03375353
1121353	origin	-0.033824354
1121353	statu	-0.034058277
1121353	american	-0.034076188
1121353	social	-0.034668874
1121353	place	-0.03473704
1121353	demograph	-0.034877036
1121353	number	-0.034966003
1121353	care	-0.035946943
1121353	health	-0.0360101
1121353	action	-0.03626464
1121353	process	-0.0363929
1121353	state	-0.03661745
1121353	fulli	-0.03683173
1121353	afraid	-0.037154738
1121353	michigan	-0.037243363
1121353	wikiansw	-0.037256066
1121353	basi	-0.037342716
1121353	biologi	-0.03744206
1121353	track	-0.03758614
1121353	belief	-0.037715513
1121353	student	-0.037751187
1121353	club	-0.03836142
1121353	ethnic	-0.038404565
1121353	dog	-0.03865238
1121353	author	-0.03869207
1121353	wrong	-0.03877773
1121353	made	-0.039221562
1121353	applic	-0.03930863
1121353	includ	-0.039343275
1121353	pregnanc	-0.03955058
1121353	job	-0.039877806
1121353	face	-0.039895494
1121353	tech	-0.04009248
1121353	similar	-0.040180776
1121353	factor	-0.04109186
1121353	color	-0.04112577
1121353	violat	-0.041522443
1121353	law	-0.04194376
1121353	verb	-0.042712305
1121353	step	-0.04309335
1121353	commun	-0.04342416
1121353	english	-0.043440234
1121353	lawsuit	-0.043497067
1121353	cooper	-0.043683294
1121353	qualiti	-0.044601418
1121353	nation	-0.04474949
1121353	1	-0.044931963
1121353	enact	-0.045706652
1121353	contact	-0.04600243
1121353	tax	-0.04685511
1121353	can	-0.04736159
1121353	su	-0.04814686
1121353	hispan	-0.048306182
1121353	smell	-0.048815392
1121353	equal	-0.049254023
1121353	intent	-0.049401294
1121353	zealand	-0.049432307
1121353	languag	-0.049847063
1121353	inclus	-0.050314058
1121353	power	-0.050572794
1121353	return	-0.051134683
1121353	discrimin	-0.051249314
1121353	happen	-0.05159061
1121353	polici	-0.051610537
1121353	circumst	-0.05186391
1121353	amend	-0.05194154
1121353	worker	-0.053287096
1121353	religi	-0.05335427
1121353	recognis	-0.054300606
1121353	recogn	-0.054316133
1121353	limit	-0.05462187
1121353	2	-0.057997577
1121353	believ	-0.058034815
1121353	employe	-0.058965288
1121353	1967	-0.05940494
1121353	class	-0.059571475
1121353	termin	-0.05999696
1121353	base	-0.060280774
1121353	headquart	-0.060324203
1121353	colour	-0.061605275
1121353	prejudic	-0.061893232
1121353	deni	-0.0634579
1121353	fair	-0.06401317
1121353	learner	-0.06483401
1121353	govern	-0.068423554
1121353	california	-0.068582796
1121353	act	-0.07381033
1121353	favour	-0.073903255
1121353	definit	-0.07569987
1121353	citi	-0.07616995
1121353	unequ	-0.08483275
1121353	abil	-0.089864306
1121353	feder	-0.090986304
