258062	20	0.23976804
258062	usual	0.17224875
258062	breakdown	0.155645
258062	minut	0.15029104
258062	dependson	0.13836665
258062	kraver	0.13403456
258062	least	0.12585537
258062	bothersom	0.121791005
258062	bataineh	0.11784471
258062	estim	0.11427925
258062	sidewai	0.11304409
258062	classifi	0.110039204
258062	distovers	0.10923684
258062	2hour	0.1047287
258062	discomfort	0.094837904
258062	multi	0.09456134
258062	imbed	0.09270422
258062	onli	0.09079136
258062	longer	0.08593392
258062	interfer	0.08507984
258062	take	0.08443298
258062	regimen	0.08256998
258062	insid	0.079715
258062	drain	0.07898645
258062	experi	0.07862265
258062	nearbi	0.07839465
258062	30	0.07830711
258062	grown	0.07742505
258062	phillip	0.076507546
258062	coral	0.07194165
258062	thank	0.07183042
258062	vari	0.07109881
258062	http	0.070232935
258062	cape	0.0698006
258062	push	0.06894958
258062	lie	0.065165594
258062	manner	0.065081894
258062	rapid	0.06475925
258062	red	0.06431313
258062	sit	0.06211997
258062	matter	0.06182276
258062	com	0.05884055
258062	major	0.058743704
258062	reliev	0.057846174
258062	promot	0.056697734
258062	floss	0.056695525
258062	kill	0.056031693
258062	singl	0.055889715
258062	surgeon	0.054823145
258062	fun	0.054789796
258062	individu	0.054274723
258062	shot	0.05377526
258062	can	0.0535612
258062	technolog	0.052558523
258062	florida	0.050935324
258062	difficulti	0.050885145
258062	order	0.05031148
258062	whole	0.0499632
258062	post	0.04918773
258062	knock	0.048774403
258062	bundl	0.048595324
258062	remov	0.048571404
258062	schedul	0.048525374
258062	clock	0.048393257
258062	advanc	0.04833522
258062	absorb	0.047261335
258062	set	0.047102276
258062	precis	0.04694139
258062	cours	0.045241643
258062	continu	0.04348267
258062	sixti	0.04321008
258062	pulp	0.04317376
258062	form	0.04279806
258062	fulli	0.04237917
258062	undergo	0.04236155
258062	swell	0.042103022
258062	min	0.041306194
258062	due	0.040796295
258062	extra	0.039613232
258062	import	0.03947668
258062	boni	0.039336074
258062	second	0.039150015
258062	hole	0.039130706
258062	routin	0.03862421
258062	ask	0.038548723
258062	took	0.03799291
258062	level	0.037797842
258062	idea	0.037370358
258062	recent	0.0368173
258062	5	0.03671407
258062	medicin	0.03651346
258062	dr	0.03492853
258062	2016	0.034859404
258062	event	0.03455717
258062	well	0.03448136
258062	grow	0.034191854
258062	top	0.033347536
258062	dentist	0.033050805
258062	subject	0.03263598
258062	oper	0.03132434
258062	go	0.030745372
258062	plan	0.03042013
258062	caus	0.030409638
258062	tooth	0.029988736
258062	tell	0.029507253
258062	emmon	0.029242067
258062	sleep	0.029114177
258062	brief	0.028839273
258062	research	0.028807027
258062	on	0.028747547
258062	risk	0.028624643
258062	goe	0.028412065
258062	next	0.028252557
258062	give	0.02824659
258062	actual	0.027940404
258062	difficult	0.027376253
258062	rockwal	0.0273469
258062	case	0.02705137
258062	rhonda	0.026563028
258062	extract	0.026253905
258062	40	0.025679141
258062	here	0.025368791
258062	time	0.024955062
258062	bottom	0.024797888
258062	posit	0.024454342
258062	ag	0.023800943
258062	downtim	0.023540173
258062	webmd	0.023531977
258062	find	0.023316924
258062	dissolv	0.023108626
258062	antibiot	0.023004953
258062	clearer	0.022978896
258062	process	0.022750976
258062	thirti	0.02265442
258062	right	0.022641258
258062	left	0.020578088
258062	show	0.020026723
258062	bleed	0.019975448
258062	ithin	0.019785233
258062	3	0.019467598
258062	includ	0.019384561
258062	base	0.018909955
258062	offer	0.018707013
258062	near	0.018395152
258062	osteiti	0.018284041
258062	teeth	0.018071344
258062	faster	0.017430212
258062	bacteria	0.017034648
258062	full	0.016982667
258062	mai	0.016960697
258062	wors	0.015944585
258062	speed	0.015591393
258062	procedur	0.015559074
258062	put	0.015218677
258062	patient	0.014130137
258062	alveolar	0.014083581
258062	225	0.014053779
258062	appoint	0.013917016
258062	surgic	0.0137357535
258062	sydnei	0.013445621
258062	found	0.013305642
258062	resolv	0.013271047
258062	costhelp	0.013023628
258062	texa	0.012911558
258062	think	0.012824565
258062	wound	0.012640472
258062	requir	0.012636779
258062	allow	0.012623651
258062	fter	0.012412619
258062	hich	0.012144369
258062	ooz	0.0120129585
258062	expect	0.011901552
258062	learn	0.011546255
258062	studi	0.011533433
258062	view	0.011137314
258062	encourag	0.011115895
258062	tighten	0.010913906
258062	coupl	0.010711889
258062	tag	0.010396376
258062	punch	0.010209147
258062	monei	0.010009923
258062	mainta	0.009575909
258062	becau	0.009565649
258062	fail	0.009505311
258062	peson	0.009486472
258062	sharp	0.009352857
258062	settl	0.009306381
258062	efor	0.009214012
258062	donot	0.00911339
258062	insight	0.009084739
258062	accord	0.0090843085
258062	intial	0.009037356
258062	im	0.008880535
258062	lip	0.008715347
258062	pai	0.00870543
258062	wanna	0.008650175
258062	fifti	0.008613728
258062	couldnt	0.008603044
258062	signal	0.008579105
258062	phase	0.008558928
258062	regular	0.008395476
258062	expert	0.0083872685
258062	edg	0.008084007
258062	slight	0.00796164
258062	aurelea	0.007918671
258062	certainli	0.0074415174
258062	chewi	0.0074265334
258062	eas	0.0074238866
258062	didnt	0.007404973
258062	welcom	0.007385152
258062	0nryi	0.007173847
258062	64	0.0071096127
258062	starv	0.007097812
258062	protect	0.00704913
258062	famili	0.007018221
258062	250	0.0069540134
258062	constant	0.006946783
258062	ei	0.0066936403
258062	that	0.006634671
258062	old	0.006585813
258062	tend	0.0064626527
258062	page	0.0064574326
258062	evalu	0.0064035454
258062	frequent	0.0062620756
258062	gona	0.0062445574
258062	jawbon	0.00620465
258062	simpl	0.0061345627
258062	don	0.0058201775
258062	am	0.005677244
258062	hei	0.005559718
258062	known	0.0055344393
258062	throw	0.005522436
258062	badli	0.005370924
258062	disturb	0.0053054267
258062	4	0.005195257
258062	newburi	0.0050148414
258062	tongu	0.0048497906
258062	graft	0.004830568
258062	differ	0.0048209894
258062	move	0.0048091915
258062	subsid	0.0047780117
258062	sourc	0.0047307704
258062	bite	0.004604258
258062	morn	0.0045888
258062	rise	0.0045823627
258062	toler	0.0043883054
258062	kiss	0.0043086
258062	toothach	0.0042693606
258062	oppos	0.00422431
258062	ll	0.004089077
258062	56	0.0038027004
258062	tr	0.0037840623
258062	700	0.003741278
258062	istori	0.0037272517
258062	lack	0.003669995
258062	involv	0.0035069936
258062	futur	0.0034941137
258062	lump	0.0034807285
258062	diet	0.0034641828
258062	membran	0.0034205813
258062	2015	0.0032961243
258062	dollar	0.0032084363
258062	15	0.0031355158
258062	600	0.0031152396
258062	28	0.003089725
258062	90	0.0030768258
258062	dine	0.0029801787
258062	gap	0.0028729066
258062	undergon	0.0026893544
258062	agreement	0.002627649
258062	length	0.0025968854
258062	girl	0.0025627806
258062	told	0.0024812706
258062	340	0.0024535994
258062	wednesdai	0.0024084176
258062	800	0.0024035715
258062	forward	0.0023984744
258062	splinter	0.0023830058
258062	crook	0.0023568731
258062	big	0.0023423536
258062	230	0.0023001197
258062	sound	0.0022886773
258062	pericoron	0.0022409796
258062	complex	0.002197081
258062	stuck	0.002179863
258062	local	0.0021190054
258062	cyst	0.002104338
258062	straw	0.0020788326
258062	discuss	0.0020316772
258062	sore	0.0020215483
258062	132	0.0019582096
258062	hydrocodon	0.0018893256
258062	team	0.0018645576
258062	spread	0.001669217
258062	detach	0.0015723648
258062	pocket	0.0015584547
258062	ost	0.0014975442
258062	gaug	0.001443073
258062	stupid	0.0014275395
258062	servic	0.0013455632
258062	presenc	0.0013311972
258062	lose	0.0012898656
258062	adjac	0.0012475395
258062	align	0.0012434686
258062	bare	0.0012259335
258062	fall	0.0012192595
258062	bacteri	0.0011177631
258062	tini	0.0010819372
258062	bill	0.0010558157
258062	crack	0.0010509707
258062	excess	0.0010327311
258062	exactli	0.0010056781
258062	million	0.0009832849
258062	awkward	0.0009274524
258062	origin	0.0009106072
258062	clot	0.0008534818
258062	2014	0.00082843914
258062	backward	0.0008105158
258062	offend	0.0007178938
258062	eventu	0.0006660801
258062	angl	0.00065229373
258062	precautionari	0.0005660913
258062	lucki	0.000392523
258062	rough	0.00035707612
258062	add	0.0002689051
258062	system	4.663043e-05
258062	wonder	-1.6366188e-05
258062	result	-6.90812e-05
258062	restor	-0.00011004139
258062	hinder	-0.00012586483
258062	orthodont	-0.00013001212
258062	rule	-0.00018373871
258062	hard	-0.00018647501
258062	low	-0.00019606175
258062	strength	-0.00021917188
258062	state	-0.00022610858
258062	offic	-0.00026643559
258062	absenc	-0.00026771156
258062	bone	-0.00027946
258062	dutch	-0.00032626328
258062	swedish	-0.00036720018
258062	sd	-0.00036856064
258062	clinic	-0.00037359472
258062	iceland	-0.00037393818
258062	danish	-0.0003888811
258062	solid	-0.0004194736
258062	german	-0.00042124835
258062	pretti	-0.00043452502
258062	mst	-0.0004600372
258062	130	-0.00047876325
258062	chair	-0.00048688657
258062	nn	-0.0004885926
258062	295	-0.0006200404
258062	anaesthet	-0.0006428647
258062	dental	-0.0007168861
258062	verstandski	-0.00074649684
258062	drug	-0.0007624402
258062	topic	-0.0007627398
258062	verstandskuu	-0.000771786
258062	weisheitszahn	-0.000771786
258062	awai	-0.0008059413
258062	mix	-0.00080753816
258062	children	-0.00086440134
258062	636	-0.00088450755
258062	medic	-0.00089230033
258062	went	-0.00094030856
258062	16	-0.00096289045
258062	annual	-0.0009678965
258062	relief	-0.0010296241
258062	visdomstand	-0.001070741
258062	2008	-0.0010905028
258062	uk	-0.0010929827
258062	current	-0.0011022432
258062	danger	-0.0011255152
258062	crucial	-0.0011449404
258062	scan	-0.001220337
258062	aspirin	-0.0012227778
258062	416	-0.0012479194
258062	32	-0.0013407046
258062	indic	-0.0013407613
258062	box	-0.0013617415
258062	believ	-0.0013756898
258062	couldn	-0.0013945743
258062	absolut	-0.0013985499
258062	list	-0.0013993002
258062	450	-0.0014160541
258062	fast	-0.0015086632
258062	confirm	-0.0015310196
258062	vicodin	-0.0015642646
258062	tight	-0.0015741093
258062	later	-0.0016167926
258062	earlier	-0.0016190119
258062	california	-0.001750516
258062	improv	-0.0017742476
258062	ok	-0.0017776577
258062	accumul	-0.0017892768
258062	tool	-0.0017957417
258062	notic	-0.0017997507
258062	wasn	-0.0018530461
258062	control	-0.0018889306
258062	finger	-0.0019232028
258062	180	-0.001928402
258062	overnight	-0.0019693747
258062	contain	-0.001996228
258062	pierc	-0.0021235046
258062	chamber	-0.0021466578
258062	41	-0.0021514671
258062	hell	-0.0022426392
258062	ring	-0.0022490497
258062	maximum	-0.0022520528
258062	suspicion	-0.002330311
258062	ga	-0.0023653873
258062	866	-0.0023742209
258062	maryland	-0.0023997435
258062	disappear	-0.002535099
258062	down	-0.0025484972
258062	close	-0.0025668303
258062	1991	-0.0025720662
258062	mygrandpar	-0.0026022804
258062	nose	-0.0026058634
258062	associ	-0.002614243
258062	105	-0.002622246
258062	145	-0.002674542
258062	todai	-0.0026936065
258062	smile	-0.0027027605
258062	flesh	-0.002722867
258062	function	-0.0027937351
258062	traumat	-0.002823713
258062	impli	-0.0028433332
258062	79	-0.0028469856
258062	67	-0.0028471386
258062	122	-0.0028508254
258062	disord	-0.002901872
258062	injur	-0.0029111858
258062	forc	-0.0029275606
258062	mechan	-0.0029362398
258062	blow	-0.0029404934
258062	152	-0.002990696
258062	138	-0.003000047
258062	rest	-0.0030057249
258062	921	-0.0030104402
258062	nerv	-0.0030396327
258062	contact	-0.0030662639
258062	167	-0.0030802493
258062	molar	-0.0030887667
258062	115	-0.0031015654
258062	infect	-0.003124866
258062	tickl	-0.0031259425
258062	central	-0.003126731
258062	www	-0.0031324131
258062	336	-0.0032235198
258062	ill	-0.0032404407
258062	294	-0.0032642721
258062	defens	-0.0032829833
258062	351	-0.00334044
258062	114	-0.0033573045
258062	march	-0.0033607837
258062	cold	-0.0033796811
258062	11	-0.0033821212
258062	3350	-0.0033872817
258062	486	-0.0034051551
258062	sign	-0.0034233625
258062	issu	-0.00342463
258062	632	-0.0034278648
258062	code	-0.0034390518
258062	heal	-0.0034664804
258062	430	-0.0034675568
258062	extrem	-0.003509143
258062	146	-0.0035308262
258062	angi	-0.0035388754
258062	will	-0.0035392186
258062	proper	-0.0035568294
258062	cow	-0.0035722866
258062	fix	-0.00358317
258062	travel	-0.0035930462
258062	remain	-0.0036554374
258062	fell	-0.0036657872
258062	worst	-0.00367965
258062	older	-0.0036872313
258062	3rd	-0.0036965203
258062	302	-0.0037074566
258062	tomorrow	-0.003720778
258062	choos	-0.0037274573
258062	laugh	-0.003727538
258062	fine	-0.0037576202
258062	child	-0.0037781445
258062	4th	-0.003800225
258062	fairli	-0.0038186251
258062	284	-0.0038220668
258062	persist	-0.0038292364
258062	compound	-0.003837153
258062	physic	-0.0038732137
258062	brace	-0.0038782542
258062	stitch	-0.0038965167
258062	head	-0.0039025494
258062	repair	-0.0039304444
258062	increas	-0.003945826
258062	administ	-0.003964252
258062	517	-0.0039833006
258062	649	-0.0039906907
258062	521	-0.004008441
258062	pirc	-0.004010928
258062	482	-0.004017333
258062	inject	-0.004053859
258062	350	-0.004074746
258062	29	-0.004162298
258062	stand	-0.004200036
258062	1	-0.0042025554
258062	leav	-0.0042751445
258062	accid	-0.0042801523
258062	tuesdai	-0.004286924
258062	make	-0.004311282
258062	develop	-0.004380488
258062	abl	-0.0043816254
258062	came	-0.004423549
258062	720	-0.0044445014
258062	harder	-0.0045328634
258062	feb	-0.004546033
258062	34	-0.004600808
258062	zip	-0.004602529
258062	note	-0.0046382714
258062	reader	-0.004640782
258062	shape	-0.004642795
258062	stomach	-0.004649449
258062	finish	-0.004659475
258062	14mphr	-0.0046660933
258062	l14am	-0.0046660933
258062	44	-0.0047213393
258062	dead	-0.0047323676
258062	test	-0.004828163
258062	commun	-0.0048341006
258062	let	-0.0048656045
258062	mondai	-0.0048984447
258062	59	-0.0048999228
258062	2017	-0.005027131
258062	saliva	-0.0050426386
258062	frighten	-0.005057503
258062	broken	-0.005064439
258062	safe	-0.00509325
258062	salt	-0.0051411586
258062	735	-0.005166417
258062	52	-0.0051850104
258062	oxid	-0.0051970915
258062	higher	-0.0052036727
258062	26	-0.0052293586
258062	gener	-0.0052626003
258062	616	-0.005287093
258062	distress	-0.0052898293
258062	treat	-0.005293838
258062	chip	-0.0053360085
258062	fit	-0.0053560133
258062	fee	-0.0053947656
258062	drop	-0.00540694
258062	room	-0.005407315
258062	89	-0.005420249
258062	orthodontist	-0.005458524
258062	est	-0.0054639564
258062	anim	-0.0055037765
258062	assum	-0.005517785
258062	made	-0.005539055
258062	watch	-0.005543966
258062	chacha	-0.0055867243
258062	guid	-0.0056173163
258062	nearli	-0.0056497157
258062	instrument	-0.0057148323
258062	job	-0.0057234047
258062	plate	-0.0057256133
258062	first	-0.005774698
258062	comparison	-0.0057763425
258062	fractur	-0.005819488
258062	commut	-0.005855306
258062	maxillofaci	-0.0058660633
258062	prepar	-0.005872499
258062	capsul	-0.0059521063
258062	exist	-0.0059599644
258062	term	-0.0059822267
258062	incisor	-0.006012415
258062	canal	-0.0061101825
258062	activ	-0.0061358
258062	wisdom	-0.0061716507
258062	13	-0.006173297
258062	outlin	-0.0062864553
258062	format	-0.0063346904
258062	750	-0.006354344
258062	return	-0.006361166
258062	ball	-0.006391216
258062	iv	-0.006408622
258062	daili	-0.0064459494
258062	sedat	-0.0064713797
258062	premolar	-0.006509955
258062	michael	-0.0065158624
258062	rot	-0.006521325
258062	substanti	-0.0065228147
258062	nois	-0.0065272977
258062	strong	-0.0065515945
258062	side	-0.006559627
258062	line	-0.006598662
258062	larg	-0.0066123107
258062	choic	-0.0066749817
258062	refer	-0.0066754217
258062	scale	-0.006685712
258062	statist	-0.006691574
258062	custom	-0.006724695
258062	light	-0.0067380895
258062	slice	-0.006753468
258062	minor	-0.0067704823
258062	71	-0.006803372
258062	meal	-0.0068178303
258062	doctor	-0.00682074
258062	drill	-0.006835876
258062	lost	-0.0068376306
258062	life	-0.006887254
258062	rins	-0.006906365
258062	russel	-0.0069461316
258062	zealand	-0.007024593
258062	group	-0.0070408043
258062	80	-0.0070912107
258062	agoni	-0.007110675
258062	mainli	-0.0071131117
258062	upward	-0.007120783
258062	circl	-0.0071292054
258062	destroi	-0.0071437643
258062	dry	-0.007184804
258062	frame	-0.007203889
258062	37	-0.0072067413
258062	variabl	-0.007208245
258062	birmingham	-0.007311978
258062	330	-0.007315617
258062	act	-0.007329218
258062	liter	-0.0073632672
258062	wondr	-0.0073756776
258062	owuld	-0.0073756776
258062	delai	-0.0074021965
258062	non	-0.0074106213
258062	chill	-0.007441702
258062	consider	-0.0074511296
258062	ver	-0.007465931
258062	expens	-0.0074718692
258062	encas	-0.007497157
258062	consid	-0.0075043985
258062	uid	-0.0076010255
258062	22	-0.0076157893
258062	elev	-0.007673991
258062	nitrou	-0.007706145
258062	press	-0.007714147
258062	plane	-0.007747327
258062	occur	-0.0077523184
258062	07	-0.007755441
258062	6pm	-0.0077760117
258062	nice	-0.007818839
258062	mouth	-0.007831552
258062	partial	-0.00785415
258062	popul	-0.007855926
258062	op	-0.007874664
258062	neck	-0.007910278
258062	place	-0.007916915
258062	throat	-0.0079999855
258062	68	-0.008023736
258062	directli	-0.008025707
258062	vanilla	-0.008040996
258062	determin	-0.008075832
258062	uncomfort	-0.008081725
258062	high	-0.0081857545
258062	hygien	-0.008195022
258062	west	-0.008239852
258062	anesthesia	-0.008252104
258062	care	-0.008285824
258062	2009	-0.008341782
258062	injuri	-0.008367089
258062	discount	-0.008373552
258062	repres	-0.008377432
258062	500	-0.008384359
258062	special	-0.008434189
258062	race	-0.00843913
258062	thread	-0.008474539
258062	contrast	-0.008550437
258062	food	-0.008567863
258062	edit	-0.008570828
258062	enter	-0.008614123
258062	occasion	-0.008641162
258062	connect	-0.008691767
258062	99	-0.008741463
258062	definit	-0.008768207
258062	articl	-0.008800616
258062	benefit	-0.008836561
258062	deviat	-0.008893602
258062	minu	-0.008943623
258062	loss	-0.008973534
258062	14	-0.0090183215
258062	seen	-0.009045525
258062	253	-0.009100841
258062	19	-0.009127128
258062	50	-0.009146173
258062	anticip	-0.009157622
258062	oil	-0.009209578
258062	swab	-0.009233871
258062	carol	-0.009313798
258062	face	-0.00935509
258062	break	-0.009373706
258062	easili	-0.009374942
258062	supernumerari	-0.009385823
258062	harm	-0.009400546
258062	thin	-0.009470029
258062	ct	-0.0095120715
258062	impact	-0.009527806
258062	experienc	-0.009544124
258062	son	-0.009563641
258062	probe	-0.009635239
258062	separ	-0.009650781
258062	sure	-0.009699269
258062	gradual	-0.009718478
258062	book	-0.00975763
258062	debri	-0.00977103
258062	hope	-0.009783118
258062	exam	-0.009832094
258062	question	-0.009843815
258062	523	-0.009851515
258062	critic	-0.009854954
258062	free	-0.009881239
258062	bye	-0.009930188
258062	gregoir	-0.009991491
258062	unit	-0.009995073
258062	characterist	-0.0100034755
258062	temperatur	-0.010010713
258062	milford	-0.010071269
258062	opt	-0.010073976
258062	groov	-0.010104554
258062	applic	-0.010149331
258062	split	-0.010183328
258062	read	-0.010234497
258062	rid	-0.010295244
258062	mom	-0.010306378
258062	expos	-0.010344968
258062	price	-0.010462159
258062	smaller	-0.010514833
258062	angul	-0.010522259
258062	success	-0.010526645
258062	periodont	-0.010562289
258062	anti	-0.010598556
258062	drink	-0.0106196245
258062	sort	-0.010720418
258062	lifetim	-0.010722005
258062	cotton	-0.010748708
258062	elimin	-0.010749324
258062	soft	-0.010781851
258062	understand	-0.010841847
258062	jiffi	-0.010871075
258062	dose	-0.010910829
258062	recommend	-0.010937797
258062	freezer	-0.010978311
258062	chang	-0.011015292
258062	jaw	-0.011036677
258062	ina	-0.011057534
258062	larger	-0.011081027
258062	cement	-0.011225208
258062	younger	-0.011279572
258062	cheek	-0.011302879
258062	convert	-0.011311862
258062	miss	-0.011344701
258062	size	-0.011428498
258062	74	-0.011456294
258062	glue	-0.011457205
258062	teenag	-0.011491477
258062	inflammatori	-0.01156562
258062	potato	-0.01161105
258062	costli	-0.011659004
258062	toothbrush	-0.011693441
258062	lead	-0.011712436
258062	bit	-0.011729635
258062	erupt	-0.011742594
258062	empti	-0.011842908
258062	heat	-0.011903678
258062	140	-0.01190871
258062	deep	-0.011941604
258062	specif	-0.011950495
258062	fluorid	-0.012020833
258062	normal	-0.012033937
258062	prosthodontist	-0.012034313
258062	site	-0.012057019
258062	abus	-0.012079428
258062	hors	-0.012176222
258062	tbe	-0.01220036
258062	150	-0.012208831
258062	drive	-0.012256894
258062	coverag	-0.012269237
258062	gentli	-0.012291416
258062	unabl	-0.012296761
258062	48	-0.012330015
258062	home	-0.012466035
258062	mt	-0.012476106
258062	pull	-0.0124829635
258062	natur	-0.012508804
258062	boil	-0.012526995
258062	plai	-0.012569782
258062	simpli	-0.012575316
258062	enamel	-0.012631535
258062	train	-0.012664573
258062	hold	-0.012792639
258062	adult	-0.012796831
258062	plaqu	-0.012815081
258062	colour	-0.012824732
258062	band	-0.012969557
258062	ach	-0.013032737
258062	surfac	-0.013090021
258062	carri	-0.013168618
258062	agent	-0.013182732
258062	won	-0.01318305
258062	feet	-0.013218349
258062	surgeri	-0.013246107
258062	countri	-0.01329615
258062	107	-0.0132973
258062	pressur	-0.013306325
258062	400	-0.013310507
258062	school	-0.013360803
258062	replac	-0.013361514
258062	write	-0.0133687295
258062	meat	-0.013373699
258062	bodi	-0.013407491
258062	discov	-0.013423545
258062	worn	-0.013467239
258062	trip	-0.013471107
258062	leg	-0.013506772
258062	new	-0.013524501
258062	indianapoli	-0.013526708
258062	colgat	-0.013552921
258062	clinician	-0.013676475
258062	ye	-0.013738462
258062	medium	-0.0137413
258062	fridai	-0.013801439
258062	consult	-0.0138724735
258062	seri	-0.013894769
258062	5mm	-0.013943741
258062	say	-0.01394651
258062	small	-0.014092003
258062	coconut	-0.014101156
258062	standard	-0.014129746
258062	acetaminophen	-0.014186537
258062	emploi	-0.014188675
258062	160	-0.014214217
258062	ibuprofen	-0.014253108
258062	cover	-0.014330953
258062	ou	-0.014367066
258062	look	-0.014384349
258062	mean	-0.014394167
258062	moment	-0.014413057
258062	refresh	-0.014426053
258062	advis	-0.014453651
258062	method	-0.01449023
258062	cut	-0.014554331
258062	minim	-0.014563656
258062	reason	-0.014590702
258062	durat	-0.014770613
258062	final	-0.014779518
258062	multipl	-0.014805265
258062	1667	-0.014835124
258062	salmonella	-0.014866243
258062	chanc	-0.015014017
258062	signific	-0.015019927
258062	twice	-0.0150328055
258062	precaut	-0.015105291
258062	urgic	-0.015110903
258062	1333	-0.015149252
258062	deal	-0.015156416
258062	sampl	-0.015173186
258062	45	-0.015173587
258062	disrupt	-0.015178675
258062	xrai	-0.015192077
258062	die	-0.015259461
258062	surround	-0.015272222
258062	650	-0.015284884
258062	week	-0.015355755
258062	amukelani	-0.015374318
258062	touch	-0.015403114
258062	locat	-0.015418683
258062	entitl	-0.015454221
258062	report	-0.01545911
258062	cool	-0.01558357
258062	gauz	-0.015695387
258062	submerg	-0.015735257
258062	span	-0.015750133
258062	beauti	-0.015839446
258062	period	-0.01584417
258062	present	-0.015854804
258062	panic	-0.015894623
258062	host	-0.015894778
258062	resid	-0.015940603
258062	past	-0.015943656
258062	cook	-0.015980545
258062	atrophi	-0.016002923
258062	degre	-0.016006608
258062	extend	-0.016125752
258062	penisil	-0.016141899
258062	1167	-0.016168728
258062	worri	-0.016176794
258062	steep	-0.016206117
258062	great	-0.01620779
258062	rang	-0.016398909
258062	hygienist	-0.016436448
258062	properli	-0.016478643
258062	hough	-0.016528344
258062	feel	-0.016661182
258062	mid	-0.016717123
258062	trauma	-0.016758282
258062	0833	-0.016819539
258062	rushmor	-0.016826551
258062	start	-0.016884655
258062	milk	-0.01694206
258062	ts	-0.017005716
258062	initi	-0.017049786
258062	section	-0.017085887
258062	lenchner	-0.017105412
258062	kit	-0.017126268
258062	healthi	-0.017130546
258062	17	-0.017152628
258062	appear	-0.01717099
258062	heart	-0.017235963
258062	crowd	-0.017242268
258062	compar	-0.017276013
258062	simultan	-0.017329913
258062	pound	-0.01737623
258062	irrig	-0.017456964
258062	specialist	-0.01746555
258062	loos	-0.017514294
258062	ensur	-0.017561495
258062	corner	-0.017614018
258062	luck	-0.017633583
258062	liquid	-0.017668726
258062	try	-0.017682038
258062	piec	-0.017734874
258062	dy	-0.017800432
258062	straight	-0.017945686
258062	ago	-0.017984819
258062	sever	-0.018001536
258062	prior	-0.018117322
258062	syring	-0.01818952
258062	captur	-0.018195858
258062	babi	-0.018206375
258062	balloon	-0.018255716
258062	soon	-0.018261533
258062	cathet	-0.01828831
258062	agre	-0.01831482
258062	prefer	-0.018443922
258062	moder	-0.01844428
258062	longest	-0.018461015
258062	cancel	-0.018468982
258062	plu	-0.018479966
258062	inflamm	-0.018525496
258062	materi	-0.018537426
258062	greatli	-0.018626695
258062	man	-0.01873558
258062	110	-0.018758481
258062	slightli	-0.018890578
258062	keep	-0.018917276
258062	feed	-0.018948829
258062	quot	-0.019054148
258062	untreat	-0.019115184
258062	temp	-0.019162407
258062	occas	-0.019186927
258062	month	-0.019208468
258062	trismu	-0.019214405
258062	lamb	-0.019229218
258062	option	-0.019371936
258062	jj	-0.01946791
258062	scope	-0.019575633
258062	emerg	-0.019645669
258062	exampl	-0.01969148
258062	dislodg	-0.01969353
258062	swish	-0.019716086
258062	classif	-0.0198046
258062	sai	-0.019829135
258062	visit	-0.019885814
258062	front	-0.019912643
258062	pose	-0.019920493
258062	donor	-0.020008836
258062	imag	-0.020133872
258062	swollen	-0.020204104
258062	ve	-0.020218214
258062	smoke	-0.020231653
258062	perfectli	-0.020234637
258062	pass	-0.020397661
258062	painless	-0.020461926
258062	220	-0.020511715
258062	check	-0.02052181
258062	earli	-0.02064969
258062	dai	-0.02071298
258062	deeper	-0.020770518
258062	treatment	-0.020778552
258062	ly	-0.020901127
258062	factor	-0.020978613
258062	bag	-0.021113034
258062	perman	-0.02112684
258062	structur	-0.021202218
258062	reimplant	-0.02124393
258062	diseas	-0.02126823
258062	adolesc	-0.021354752
258062	us	-0.021436853
258062	peopl	-0.02153357
258062	00	-0.021543186
258062	practic	-0.02158429
258062	72	-0.021646956
258062	cure	-0.021707483
258062	warm	-0.021721808
258062	socket	-0.021749675
258062	cap	-0.021753123
258062	basic	-0.02183887
258062	still	-0.021842755
258062	suffer	-0.021855805
258062	tea	-0.021938594
258062	connecticut	-0.02218211
258062	0	-0.022202589
258062	semen	-0.022348175
258062	respond	-0.022350695
258062	remedi	-0.02242647
258062	felt	-0.022507612
258062	999	-0.022656547
258062	moist	-0.022659108
258062	215	-0.022666216
258062	talk	-0.02268587
258062	seal	-0.022695921
258062	wiki	-0.022732334
258062	39	-0.022774024
258062	collect	-0.022870451
258062	discolor	-0.0229365
258062	obstacl	-0.022944313
258062	arteri	-0.023018004
258062	55	-0.023042751
258062	health	-0.023264555
258062	troubl	-0.023423312
258062	carefulli	-0.023597296
258062	wait	-0.023715895
258062	consist	-0.02371853
258062	lessen	-0.023859348
258062	18	-0.023903087
258062	unusu	-0.023992961
258062	pill	-0.02400754
258062	symptom	-0.024014974
258062	straightforward	-0.024143036
258062	effect	-0.024199136
258062	point	-0.024283487
258062	total	-0.02429815
258062	compress	-0.024336435
258062	person	-0.024412468
258062	brush	-0.024473483
258062	bad	-0.024511738
258062	frozen	-0.024520013
258062	120	-0.024537131
258062	affect	-0.024638774
258062	pleasant	-0.024669101
258062	8	-0.024711909
258062	000	-0.024756487
258062	typic	-0.024827689
258062	barcod	-0.02486631
258062	allot	-0.02488631
258062	anna	-0.024891755
258062	6667	-0.025100883
258062	didn	-0.025115011
258062	taken	-0.025200754
258062	blood	-0.025259702
258062	sed	-0.02526895
258062	depth	-0.025309669
258062	type	-0.025319388
258062	thicker	-0.025637062
258062	nh	-0.025664307
258062	averag	-0.025815357
258062	help	-0.025933541
258062	short	-0.02595088
258062	water	-0.026106076
258062	kick	-0.026172977
258062	angel	-0.026249284
258062	be	-0.02631113
258062	pace	-0.026314424
258062	come	-0.026331065
258062	arrang	-0.026382742
258062	70	-0.02638533
258062	lo	-0.0264116
258062	open	-0.026422849
258062	gum	-0.02648382
258062	46	-0.02657469
258062	advic	-0.026715811
258062	entail	-0.026844155
258062	rare	-0.026881766
258062	100	-0.026900746
258062	175	-0.026974604
258062	anatomi	-0.027048707
258062	anesthet	-0.027099228
258062	far	-0.027105888
258062	kilomet	-0.027186606
258062	given	-0.027287325
258062	insur	-0.027295766
258062	panoram	-0.027296605
258062	run	-0.027564384
258062	dept	-0.027835868
258062	senftenberg	-0.027895289
258062	common	-0.027906407
258062	avuls	-0.028023576
258062	half	-0.028025815
258062	intraven	-0.02807448
258062	caviti	-0.028171951
258062	just	-0.028204324
258062	900	-0.028252143
258062	chunk	-0.028338574
258062	recogn	-0.028469302
258062	tabl	-0.02863391
258062	neighbor	-0.028687129
258062	work	-0.02875346
258062	know	-0.028760972
258062	wrap	-0.028772864
258062	shouldn	-0.028774358
258062	75	-0.028797282
258062	iui	-0.028868003
258062	possibl	-0.028915117
258062	repeat	-0.02900631
258062	unnecessari	-0.029044347
258062	fill	-0.029052619
258062	onc	-0.029102689
258062	damag	-0.029140597
258062	recoveri	-0.029487977
258062	decis	-0.029546844
258062	hour	-0.029673198
258062	implant	-0.029743753
258062	clean	-0.029836329
258062	step	-0.029910197
258062	easi	-0.030220341
258062	300	-0.03024029
258062	year	-0.030291732
258062	reduc	-0.030342216
258062	lower	-0.03102065
258062	third	-0.031133546
258062	radiat	-0.031193564
258062	hurt	-0.031356428
258062	200	-0.03143594
258062	prescrib	-0.031461548
258062	who	-0.03169295
258062	2	-0.03176134
258062	24	-0.031866703
258062	entir	-0.03200966
258062	complic	-0.032167714
258062	easier	-0.032256253
258062	jog	-0.0327231
258062	rai	-0.032733593
258062	call	-0.03278064
258062	wear	-0.032788996
258062	sperm	-0.032903045
258062	crown	-0.032942746
258062	cloth	-0.03337114
258062	postpon	-0.0334817
258062	last	-0.033502836
258062	prescript	-0.03370513
258062	depend	-0.03389764
258062	924	-0.034045916
258062	9	-0.034098864
258062	twenti	-0.03423285
258062	therapi	-0.03433601
258062	see	-0.03448159
258062	suggest	-0.03457947
258062	follow	-0.034732144
258062	part	-0.034798708
258062	6	-0.035115995
258062	misalign	-0.03554341
258062	answer	-0.03608181
258062	best	-0.0361444
258062	weight	-0.036313556
258062	technic	-0.036361877
258062	steam	-0.03642975
258062	like	-0.03676449
258062	instal	-0.03684839
258062	late	-0.036954798
258062	35	-0.03695599
258062	extrract	-0.037429232
258062	judgment	-0.037486475
258062	back	-0.037629325
258062	addit	-0.037833728
258062	receiv	-0.038585495
258062	approxim	-0.038739607
258062	2nd	-0.039274342
258062	pain	-0.039328985
258062	spend	-0.03984393
258062	now	-0.040002085
258062	especi	-0.04026314
258062	facial	-0.04035362
258062	cath	-0.040671367
258062	abscess	-0.04089524
258062	potenti	-0.04131784
258062	aftereffect	-0.041466046
258062	donat	-0.041962568
258062	5k	-0.042183742
258062	tissu	-0.042334285
258062	wai	-0.042537343
258062	begin	-0.042618595
258062	7	-0.042801864
258062	number	-0.043059267
258062	save	-0.043232623
258062	veneer	-0.043351043
258062	numb	-0.04336283
258062	forcep	-0.043557927
258062	amount	-0.044149704
258062	instruct	-0.0445324
258062	area	-0.044641126
258062	colonoscopi	-0.044752732
258062	condit	-0.044758566
258062	conciou	-0.04497093
258062	upper	-0.045981828
258062	guarna	-0.0462864
258062	decai	-0.046369873
258062	charg	-0.046565447
258062	whiten	-0.046888314
258062	long	-0.047626447
258062	12	-0.047674816
258062	root	-0.048313245
258062	rout	-0.04902401
258062	avoid	-0.049173933
258062	pack	-0.049548153
258062	eat	-0.049573217
258062	littl	-0.05007652
258062	happen	-0.05014487
258062	polyp	-0.05047123
258062	walk	-0.05134599
258062	hospit	-0.051430028
258062	want	-0.05297082
258062	cost	-0.05313089
258062	doesn	-0.05333231
258062	reach	-0.053844053
258062	need	-0.0546527
258062	comfort	-0.054986358
258062	ow	-0.055211764
258062	perform	-0.055506397
258062	tip	-0.055629794
258062	appli	-0.056414064
258062	60	-0.05749645
258062	bruis	-0.059329204
258062	problem	-0.06091376
258062	mile	-0.06267861
258062	25	-0.06298564
258062	complet	-0.063090265
258062	prevent	-0.063974604
258062	intermitt	-0.0652848
258062	3hour	-0.067973234
258062	recov	-0.07751311
258062	oral	-0.07854225
258062	ic	-0.08396831
258062	10	-0.08879971
