1121353	oklahoma	0.5766474806879998
1121353	discrimin	0.5069336400063721
1121353	citi	0.1207764593311095
1121353	peopl	0.11155044373282774
1121353	legal	0.11098481435773222
1121353	right	0.10969815401159722
1121353	unfairli	0.10725737587076897
1121353	religion	0.10684170895636472
1121353	file	0.10399032086166657
1121353	group	0.10354788200275208
1121353	practic	0.1010996617945508
1121353	complaint	0.0934504509158728
1121353	membership	0.09339389324711488
1121353	workplac	0.09062754808300422
1121353	commiss	0.08732447048578419
1121353	categori	0.08390296993237178
1121353	differ	0.08387242469922611
1121353	protect	0.08383581244687965
1121353	state	0.08183066317242427
1121353	sex	0.08070102017884653
1121353	harass	0.08044343635579641
1121353	treat	0.0757459594610144
1121353	ohrc	0.06829646429835479
1121353	page	0.06806270502470953
1121353	race	0.06725618652584144
1121353	claim	0.06565592947664972
1121353	california	0.058152381227513074
1121353	human	0.05300235028589342
1121353	see	0.05035506820530083
1121353	dai	0.04912099196683615
1121353	demograph	0.048211090377418525
1121353	type	0.04816177137469875
1121353	agenc	0.04566154736211922
1121353	obituari	0.0452074348511633
1121353	447	0.04479944202430724
1121353	bulli	0.044690452847188034
1121353	grievanc	0.04296749991109108
1121353	contact	0.04145936086941721
1121353	popul	0.04135709408918673
1121353	transgend	0.03863963156028912
1121353	discriminationref	0.03824638610122962
1121353	dp	0.03813153202886127
1121353	resid	0.037682547758255
1121353	degre	0.03725951619361859
1121353	ag	0.03602474825557179
1121353	return	0.035078508188171605
1121353	inconsist	0.03476832663199566
1121353	sourc	0.03444809562861191
1121353	gener	0.034312115906718815
1121353	commun	0.03375728566868394
1121353	statu	0.033389381140722436
1121353	effect	0.03331186063385511
1121353	registr	0.033201126349072324
1121353	amend	0.03294417483656948
1121353	4ac	0.03249675236928215
1121353	find	0.032398886576864516
1121353	distanc	0.03226640602713338
1121353	charg	0.032207607209172304
1121353	person	0.03199689311083884
1121353	definit	0.031974703316734646
1121353	learn	0.03194727238316551
1121353	price	0.031641094151375754
1121353	clarifi	0.031103960214549215
1121353	1	0.031068997991136445
1121353	work	0.030878940788689913
1121353	relat	0.03078318661088807
1121353	check	0.030641359293971417
1121353	maximis	0.03058577222534767
1121353	refund	0.02994535180617212
1121353	indian	0.02980070237354204
1121353	envir	0.028644807183654558
1121353	prevent	0.0286275541502701
1121353	regist	0.02852435027119609
1121353	adea	0.028237688219963336
1121353	women	0.027898157006434818
1121353	organis	0.027842007904685287
1121353	record	0.027722724536379407
1121353	penalti	0.02758002059058764
1121353	place	0.027424246967798598
1121353	disciplin	0.02707754677214742
1121353	visitokc	0.02698198230042861
1121353	fundament	0.02673208497313031
1121353	1907	0.026690015821714288
1121353	9x2	0.026135915246088
1121353	current	0.026034148931944175
1121353	era	0.02584850572783633
1121353	taxpay	0.025549602070620726
1121353	time	0.025452528570751018
1121353	unit	0.025286547868847774
1121353	mistreat	0.025179455555408518
1121353	20	0.025137041655797363
1121353	abus	0.0250265291553762
1121353	todai	0.025020878512514257
1121353	car	0.025005615734489128
1121353	experi	0.024992498135109394
1121353	averag	0.024877536568799073
1121353	need	0.024648740812096608
1121353	failur	0.024592372653893305
1121353	mile	0.024491482393367223
1121353	5652	0.024444128143965686
1121353	govern	0.024365024768412825
1121353	social	0.024307495258501538
1121353	river	0.02420115496787764
1121353	violat	0.02409409940701393
1121353	weather	0.024059098104440773
1121353	victim	0.02383521536801028
1121353	8912	0.02378731380479128
1121353	belong	0.02375204549673012
1121353	act	0.023692757108876566
1121353	polit	0.023301257697156536
1121353	unequ	0.023248821643648665
1121353	remedi	0.023016795335780858
1121353	7450	0.022944894092526057
1121353	2017	0.022855388787649374
1121353	will	0.022780834958806326
1121353	univers	0.02252905060216745
1121353	2016	0.022409411110281992
1121353	wikiansw	0.022405083748003377
1121353	90	0.022335003887777097
1121353	equal	0.02231911079009129
1121353	abil	0.022309563977713325
1121353	new	0.02224618826861121
1121353	blatant	0.021984726904669155
1121353	mean	0.021846188473041598
1121353	accus	0.021825972134638317
1121353	death	0.021820278932260035
1121353	step	0.021756307727032225
1121353	b2	0.02174566768889891
1121353	brows	0.021725563978459237
1121353	first	0.021715300038153338
1121353	border	0.021536726352729067
1121353	discriminatori	0.021516037442434292
1121353	2493	0.021493230976218178
1121353	12x	0.021280409058373775
1121353	vehicl	0.021044416023685716
1121353	accept	0.02089610041464186
1121353	mob	0.02081211296363911
1121353	date	0.020677701062362313
1121353	societi	0.020588023608410375
1121353	languag	0.020516547395149107
1121353	decis	0.02047773631882334
1121353	search	0.020208972422217256
1121353	visit	0.020114496172514037
1121353	begin	0.020093181148791352
1121353	databas	0.019735891186951477
1121353	still	0.019535479408201342
1121353	texa	0.019521874656379876
1121353	favour	0.01950650833186324
1121353	club	0.019488873436319772
1121353	organ	0.019474374633079505
1121353	empower	0.01942193092337591
1121353	1890	0.019411570003937527
1121353	kind	0.019377223981262334
1121353	men	0.01920263190704259
1121353	can	0.018782688897662995
1121353	health	0.01863432424449465
1121353	rippl	0.018439044266823933
1121353	strategi	0.01838396363888959
1121353	com	0.01833540077438622
1121353	territori	0.018326631046952317
1121353	confin	0.018323369720886655
1121353	downtown	0.018302770052247577
1121353	212	0.01826669760652737
1121353	limit	0.01816506087583226
1121353	report	0.01812796466780392
1121353	cost	0.01807252166845297
1121353	handl	0.01793961927159108
1121353	respect	0.017878982566159288
1121353	mail	0.01780666942678603
1121353	colour	0.0176951908731788
1121353	profit	0.017663455354196715
1121353	central	0.017566437251292612
1121353	show	0.017443329837014944
1121353	100	0.01743606428927862
1121353	keep	0.01731100170172757
1121353	statement	0.017295542466200103
1121353	recent	0.017292140538738038
1121353	novemb	0.01719654248029238
1121353	lesbian	0.01717654716517258
1121353	employ	0.017135344977782383
1121353	religi	0.017100613445345345
1121353	aggress	0.017079869595815745
1121353	fals	0.01707445303501202
1121353	result	0.016977069176622388
1121353	entir	0.016890287614163516
1121353	tax	0.01684492340547574
1121353	learner	0.016823359836239216
1121353	move	0.016736958066913978
1121353	unemploi	0.016733849409433548
1121353	2	0.016723077272247745
1121353	327view	0.016636773181914664
1121353	releas	0.016383694462968855
1121353	30	0.016361266594326403
1121353	405	0.01631055477919294
1121353	track	0.01619521686663956
1121353	list	0.016014025974332553
1121353	subtl	0.015954758149423535
1121353	carn	0.015834229061878077
1121353	region	0.015587924675358005
1121353	take	0.015523362241852585
1121353	sign	0.015377841679643376
1121353	stat	0.015351994055412975
1121353	geib	0.015330511236919331
1121353	297	0.015327322532168702
1121353	situat	0.01531237400633567
1121353	care	0.015294112121566044
1121353	306	0.015227684029192452
1121353	expens	0.015214985308467245
1121353	locat	0.015100302674080432
1121353	835	0.015077550917282655
1121353	court	0.015077499023590709
1121353	favor	0.015006789368243104
1121353	552	0.014957608143379101
1121353	give	0.014946539158580865
1121353	tribe	0.014889785838279171
1121353	deal	0.014871505415318327
1121353	ll	0.014855807122777953
1121353	root	0.014769908147868705
1121353	third	0.01471306722468887
1121353	capitol	0.014653095063095721
1121353	don	0.014627847078238066
1121353	11	0.014593904976651043
1121353	non	0.014558586142419007
1121353	histor	0.014485896415980255
1121353	329	0.01447529530648418
1121353	individu	0.014456822350700445
1121353	common	0.014446593271212359
1121353	gai	0.014404282633801337
1121353	139	0.014358490114118074
1121353	affair	0.014331858901005953
1121353	synonym	0.014286217363737584
1121353	salari	0.014225012264017678
1121353	22	0.014194313242448919
1121353	incom	0.01409568022068625
1121353	recogn	0.01409414668357918
1121353	us	0.013988646448565819
1121353	addit	0.013972381725030618
1121353	alleg	0.013846002412987356
1121353	occur	0.013815284634656682
1121353	made	0.013725888304324805
1121353	1980	0.013707894127001836
1121353	center	0.013685084738125786
1121353	usdupd	0.013613230969028247
1121353	paper	0.013533380050250843
1121353	180	0.013520910020811912
1121353	2018individu	0.013457735730097746
1121353	found	0.013409043289326327
1121353	area	0.013396382598361328
1121353	portion	0.013253673241537043
1121353	layoff	0.01323519314501819
1121353	480	0.013202323901324642
1121353	blog	0.0129959587798387
1121353	fair	0.012892841892747527
1121353	disclosur	0.012768166839786658
1121353	just	0.012724606836067276
1121353	specif	0.012653192020561277
1121353	scenario	0.012629259211900508
1121353	merit	0.012620698220765995
1121353	attornei	0.012593215201517429
1121353	facebook	0.012582267970976224
1121353	effort	0.012579844677560304
1121353	tangibl	0.012566306186614204
1121353	225	0.012536800503877846
1121353	litig	0.012401402867585141
1121353	second	0.01235691361832803
1121353	afford	0.012338083839314699
1121353	testimoni	0.012298384328291724
1121353	argument	0.012273054569730282
1121353	111	0.012272099432336587
1121353	fahrenheit	0.012271792055172337
1121353	campu	0.012264236018616226
1121353	countri	0.012255075970704458
1121353	googl	0.01221872799703851
1121353	author	0.01218835752487489
1121353	unassign	0.012130315464659265
1121353	investig	0.012128072709451711
1121353	2002	0.012006820024274526
1121353	45	0.01198111611420342
1121353	minnesota	0.011943800880083108
1121353	america	0.011926529637988735
1121353	sheridan	0.011918132448218901
1121353	household	0.011910203249457837
1121353	travel	0.011822599989150721
1121353	offici	0.011805972255770954
1121353	class	0.011802194958634136
1121353	creditor	0.011798672379483208
1121353	belief	0.01169393859799392
1121353	704	0.011672131529537838
1121353	solv	0.011654523681282886
1121353	qualiti	0.011573345184813486
1121353	consum	0.011491480438011598
1121353	student	0.011477217846625273
1121353	ou	0.011474864451219334
1121353	hiv	0.011443354101250922
1121353	smell	0.011437773720805254
1121353	past	0.011437560339026221
1121353	case	0.01143722324553199
1121353	median	0.011420148434053656
1121353	headquart	0.01139872155643371
1121353	violenc	0.011370948714125842
1121353	38	0.011341409687976632
1121353	identifi	0.011327876503230997
1121353	1st	0.01132379815979113
1121353	difficult	0.011297959777896879
1121353	english	0.011272027461301157
1121353	mastagni	0.011187148074644132
1121353	holstedt	0.011187146424225523
1121353	success	0.011170601843613882
1121353	intak	0.01116497457963379
1121353	button	0.011159059941256932
1121353	opinion	0.011116408745840517
1121353	wait	0.011109844549293094
1121353	000	0.01109121590075781
1121353	late	0.011023660728652506
1121353	eeo	0.010971614745659199
1121353	discov	0.010967484925854672
1121353	august	0.010951961329716469
1121353	combin	0.010928783359173813
1121353	37	0.01092277336182112
1121353	real	0.010894787292223384
1121353	level	0.010859123221589101
1121353	februari	0.010852097016671154
1121353	511nr	0.01073118518791758
1121353	york	0.010714043083669722
1121353	stand	0.010633711625683584
1121353	suppli	0.010619520977947204
1121353	onc	0.01057385213881452
1121353	pretext	0.01053113424817333
1121353	includ	0.010479291954659131
1121353	interview	0.010473916084404908
1121353	fee	0.010455818427510455
1121353	0	0.01043045426978324
1121353	busi	0.010349384602035933
1121353	solut	0.010348564506393144
1121353	wit	0.010318601921287947
1121353	servic	0.010282670767537689
1121353	question	0.010276046425919519
1121353	1983	0.010236231169462316
1121353	week	0.010220977724088379
1121353	lost	0.010214267139213615
1121353	factor	0.010191865913050508
1121353	known	0.010172367994907063
1121353	sw	0.010161693169665401
1121353	divers	0.010155105623871763
1121353	consequ	0.010122719908284358
1121353	fall	0.01006838401275569
1121353	oper	0.01006082418903263
1121353	fit	0.01004570066692493
1121353	800	0.01001674842785496
1121353	leas	0.010012001260706277
1121353	2014	0.010011755556323719
1121353	firm	0.010010847812922025
1121353	statehood	0.009823400102964909
1121353	2015	0.009792732004302487
1121353	radar	0.009787486293361599
1121353	face	0.009743055471025948
1121353	summer	0.00973144669818139
1121353	world	0.00970587744590504
1121353	total	0.009691388950245997
1121353	usa	0.00968303260228478
1121353	assembl	0.009627227395023592
1121353	view	0.0096230150063369
1121353	compani	0.009622038260550957
1121353	high	0.009619123920691051
1121353	program	0.00957475949483504
1121353	commonli	0.00956663312061474
1121353	rang	0.009562306692532671
1121353	scienc	0.009552433275185948
1121353	navig	0.009509594905090226
1121353	daylight	0.009495314183641407
1121353	david	0.009478468054430403
1121353	ensur	0.009424572374542792
1121353	timothi	0.009400621309148966
1121353	help	0.009377244254792885
1121353	exercis	0.009369111851033307
1121353	birth	0.009305839600017003
1121353	express	0.009298490007108525
1121353	ve	0.00928810479808616
1121353	event	0.009274835765592392
1121353	associ	0.009269426305905855
1121353	bolster	0.00925904333950066
1121353	hot	0.009253995312772644
1121353	document	0.009227112248783769
1121353	map	0.009219519500965766
1121353	name	0.009198770097009767
1121353	missouri	0.009134978117396067
1121353	south	0.00910086641431886
1121353	support	0.009099011184507351
1121353	dog	0.00905651292689957
1121353	minut	0.00904901491175013
1121353	year	0.009045052880085157
1121353	sell	0.008997721108224187
1121353	maximum	0.008988378676485208
1121353	orthoped	0.008978355571322606
1121353	determin	0.008929910244442297
1121353	click	0.008890908616274899
1121353	ax2	0.008890252577919575
1121353	squar	0.008870133824145426
1121353	flame	0.008864089485450866
1121353	websit	0.008805206283736
1121353	zone	0.00879228162550897
1121353	script	0.008750648157264777
1121353	recognis	0.008742170521323001
1121353	326	0.008741965161956673
1121353	tell	0.008695023287943856
1121353	polic	0.008693409626470387
1121353	deni	0.008686876863508913
1121353	flow	0.008670792881541677
1121353	155	0.00866558090246466
1121353	latest	0.008654484529056608
1121353	provid	0.008646242251048753
1121353	power	0.00864421755755886
1121353	easi	0.00860393797135733
1121353	answer	0.008572612240905409
1121353	geographi	0.00856496459953259
1121353	4916	0.008561966506371284
1121353	equit	0.008553544514469843
1121353	disast	0.008552215688898196
1121353	nonresid	0.008528865831382307
1121353	heat	0.008511121533582144
1121353	train	0.008505422468844911
1121353	open	0.0084595968967252
1121353	action	0.008445151839876534
1121353	driver	0.00843391756823119
1121353	arkansa	0.008430847091948229
1121353	topic	0.008412261558656845
1121353	job	0.008352566945467708
1121353	like	0.00832674200046695
1121353	permit	0.008306233488767844
1121353	histori	0.00824494751575215
1121353	handicap	0.00820936430115634
1121353	334	0.008169265928106798
1121353	connect	0.008130965617474704
1121353	counselor	0.008107402072036965
1121353	review	0.00810735808411458
1121353	sheet	0.008102362052230935
1121353	inclus	0.008100347246972372
1121353	build	0.008081842056483057
1121353	33	0.008053252560731831
1121353	look	0.00804988303756215
1121353	16	0.008042268006954862
1121353	zealand	0.008037850686538988
1121353	146	0.008017529197618172
1121353	lip	0.008016957333762835
1121353	part	0.007996868650796355
1121353	direct	0.007982623899490799
1121353	cure	0.007966100335898993
1121353	divis	0.007932412676460132
1121353	request	0.00793028932741752
1121353	home	0.00791039473638645
1121353	properti	0.00788603906043943
1121353	1880	0.00784447688385425
1121353	form	0.007841800605699153
1121353	traffic	0.007831661316330884
1121353	obtain	0.007815364923597927
1121353	licens	0.007776961771656004
1121353	hyatt	0.007772131609160929
1121353	best	0.00777151448564316
1121353	lack	0.007740160840876817
1121353	warn	0.007726275303135851
1121353	resourc	0.007724322364835868
1121353	elev	0.007705997384947521
1121353	solac	0.007704465350640079
1121353	statist	0.007699373616123916
1121353	prejudic	0.0076726596950910135
1121353	valu	0.007667774185785176
1121353	050	0.007663228448910172
1121353	bx	0.00765767781091993
1121353	establish	0.007648163034151912
1121353	oblig	0.007615284652135309
1121353	bomb	0.007613952224620132
1121353	forecast	0.007583160572604933
1121353	flag	0.007575028562475176
1121353	prior	0.007565427058367525
1121353	pronunci	0.0075525622888445425
1121353	5625	0.00755197735527966
1121353	remark	0.007498216770363964
1121353	hispan	0.0074732150148931874
1121353	amount	0.00746306687088804
1121353	spike	0.007428760168361205
1121353	biologi	0.007396730344774669
1121353	575	0.007350996470233577
1121353	genuin	0.007276258755144658
1121353	issu	0.007229511834650065
1121353	employe	0.0072219445765427295
1121353	focu	0.007190842342571211
1121353	offic	0.007185986717375634
1121353	surgeon	0.0071791211466464624
1121353	quadrat	0.007162228415255383
1121353	complet	0.007158256188941739
1121353	major	0.007147138693342565
1121353	offens	0.007123358472003148
1121353	chang	0.007112121521493339
1121353	edg	0.0071096307907229225
1121353	recommend	0.007099126981346807
1121353	tourism	0.007084740770190183
1121353	doubl	0.007071923271431557
1121353	understand	0.007069834784312786
1121353	modern	0.007049901871871181
1121353	equat	0.007044815057298777
1121353	awai	0.007029490827572623
1121353	recess	0.007025906770316901
1121353	settlement	0.006981783796948769
1121353	feb	0.0069707825254698074
1121353	nurs	0.006956953341694555
1121353	pain	0.006930850321819673
1121353	ethnic	0.0069292764630584916
1121353	manifest	0.006885186836592984
1121353	verb	0.006876495370779787
1121353	free	0.006864441199041553
1121353	sort	0.0068167099849726276
1121353	hotel	0.006809191497500077
1121353	onlin	0.006791228669647311
1121353	sport	0.00679022619930459
1121353	isn	0.006783707846116506
1121353	hub	0.00678239932245739
1121353	band	0.006766937113979574
1121353	disciplinari	0.006749090476479868
1121353	orient	0.006748819482526034
1121353	unwelcom	0.006683832354629843
1121353	affect	0.0066383183845288
1121353	follow	0.00658862728523783
1121353	articl	0.006585444537966474
1121353	currenc	0.006574690707775695
1121353	save	0.006539360897483116
1121353	psychedel	0.006533701548728353
1121353	cordel	0.006460686786087646
1121353	develop	0.006426775300305303
1121353	role	0.0064244418233648124
1121353	calendar	0.006418193271781091
1121353	great	0.006417606997748785
1121353	ix	0.006358871849726378
1121353	outpac	0.0063470853673146255
1121353	phone	0.006304946245120458
1121353	zip	0.006274887565803869
1121353	planner	0.0062705453840013956
1121353	cheaper	0.006251467210412731
1121353	across	0.006129715438599404
1121353	urban	0.006093500030876074
1121353	latino	0.006067684537441838
1121353	392kb	0.006065269233452505
1121353	quickli	0.006058274398980286
1121353	justic	0.006015672150369653
1121353	otc	0.0059788810936150395
1121353	geograph	0.0059723412867511835
1121353	lai	0.005913508351946483
1121353	requir	0.005905485543288355
1121353	gross	0.005887940981704647
1121353	neo	0.0058855412517717
1121353	respons	0.005831456171924686
1121353	compar	0.00582156678387439
1121353	hollywood	0.0058170222359375055
1121353	domin	0.005782961754862128
1121353	break	0.005780369500371151
1121353	taxat	0.005707125782872967
1121353	outlaw	0.005694221317606594
1121353	subject	0.005629874536590197
1121353	sacramento	0.005566566543129765
1121353	live	0.005547036533630677
1121353	contract	0.005545421609453192
1121353	suffer	0.005530757540597911
1121353	make	0.005518782360221056
1121353	medicin	0.005500504187684677
1121353	imper	0.005483359472864577
1121353	intent	0.005421430256661457
1121353	win	0.005417927950014724
1121353	indic	0.00541544435171897
1121353	examin	0.005412405526671432
1121353	privat	0.005409212667240582
1121353	took	0.005408820244951035
1121353	biggest	0.005379261062997855
1121353	cheap	0.005360606881454141
1121353	colleg	0.005338568733875089
1121353	calcul	0.00533028792738517
1121353	woman	0.005328156511298102
1121353	match	0.005310793479710712
1121353	problem	0.005308900396150413
1121353	black	0.005293111466540755
1121353	link	0.005272414187637237
1121353	creat	0.005259881601282739
1121353	index	0.00524444890207752
1121353	15	0.0052330984507110755
1121353	enter	0.005230091146057578
1121353	circumst	0.005198481294405827
1121353	clock	0.005193707006707534
1121353	procedur	0.005177020473848645
1121353	facil	0.005169770178853615
1121353	speak	0.005160303909440204
1121353	down	0.0051115845324514455
1121353	call	0.005064565824867859
1121353	verbal	0.005046816563408074
1121353	greater	0.005045684192079196
1121353	fight	0.004987314569494621
1121353	narrow	0.004980422282927435
1121353	strict	0.00497525741506401
1121353	guest	0.004965249164218411
1121353	serv	0.00494528814525948
1121353	war	0.004943779844485515
1121353	similar	0.00493333337526289
1121353	av	0.004930530683462121
1121353	choos	0.004896826167457252
1121353	reflect	0.00489656548335135
1121353	breakdown	0.0048764306264366085
1121353	filter	0.004866250929339645
1121353	east	0.004862671572775862
1121353	counti	0.0048544417751487275
1121353	ordin	0.004826250413701001
1121353	know	0.0048150584660064085
1121353	code	0.0047345291858378775
1121353	forbid	0.00471368779529887
1121353	serious	0.004703918879356253
1121353	80	0.004693359970515605
1121353	nestl	0.0046918406580340665
1121353	increasingli	0.004691460239405436
1121353	collect	0.0046678585620102695
1121353	sea	0.004626883090684743
1121353	exampl	0.004612923440961002
1121353	prohibit	0.00460374599763916
1121353	detail	0.00460033513051221
1121353	17	0.004585476596922121
1121353	earli	0.004574945750745424
1121353	violent	0.004569460639506331
1121353	87	0.004568969116925239
1121353	extend	0.004555076494618081
1121353	movi	0.004551598708839546
1121353	least	0.004549127093312649
1121353	airport	0.004528162732500233
1121353	life	0.004494333252100138
1121353	process	0.004482140169932807
1121353	senat	0.004416033963184288
1121353	think	0.004405045681696158
1121353	longitud	0.004404603353270016
1121353	danger	0.004397211682055754
1121353	adopt	0.0043522344941350185
1121353	access	0.004325086139073561
1121353	land	0.004320900007589274
1121353	origin	0.004316272518736705
1121353	appoint	0.004315900169502058
1121353	sector	0.004306894780332915
1121353	announc	0.004271919853980307
1121353	governor	0.004269892910806633
1121353	realiz	0.004266321177861807
1121353	teacher	0.004211703210507885
1121353	revenu	0.004210621627071636
1121353	climat	0.004209047441097323
1121353	notic	0.004194973692795801
1121353	97	0.004189498595122722
1121353	advic	0.0041807919834537435
1121353	latitud	0.004157550726691943
1121353	proud	0.004148335596495847
1121353	feet	0.004124960674954528
1121353	displai	0.004084278621585411
1121353	nation	0.0040834299816736985
1121353	convert	0.004074752535217223
1121353	graph	0.004067821781327016
1121353	compos	0.004042072057135103
1121353	neighbor	0.004035464387809236
1121353	publish	0.0040029915169641
1121353	point	0.0040022864076770925
1121353	product	0.003978141186333247
1121353	white	0.0038783000513956394
1121353	thursdai	0.0038580751343604064
1121353	approv	0.003856118452456208
1121353	paragraph	0.003842223068560031
1121353	noun	0.0038394642592809447
1121353	design	0.003777212226312167
1121353	lawyer	0.0037633975272243093
1121353	corpor	0.0037553206826308485
1121353	idea	0.0037186925279879125
1121353	straight	0.003713980022389725
1121353	dfeh	0.003712123460937747
1121353	85	0.0037002102257927324
1121353	meet	0.0036988253958383554
1121353	plain	0.0036669907333157386
1121353	low	0.0036662491264271633
1121353	conveni	0.0036385083672544273
1121353	explain	0.003632277289264251
1121353	84	0.003619554329617827
1121353	updat	0.003609641678801562
1121353	talk	0.0035688713763408902
1121353	primarili	0.003529815569709018
1121353	freeadvic	0.0035009832978317584
1121353	9	0.0034727713503715837
1121353	cooper	0.003457704058206914
1121353	aca	0.003451517248806274
1121353	month	0.003449823243899109
1121353	hous	0.003414577048387688
1121353	extens	0.0034101129261416784
1121353	dr	0.003408426482881523
1121353	observ	0.003394744372136873
1121353	frontier	0.003377769761273783
1121353	line	0.0033730560852412873
1121353	unlaw	0.003335466640964926
1121353	onli	0.0032883147941589782
1121353	profession	0.0032711508847625367
1121353	crime	0.003234371771762543
1121353	10	0.0031972204211469972
1121353	2000e	0.0031965442694343827
1121353	typic	0.0031820503583191977
1121353	drive	0.003180786558079337
1121353	status	0.0031619755690299378
1121353	natur	0.00307819554571094
1121353	digniti	0.0030632087159468066
1121353	hospit	0.0030379220952127086
1121353	marit	0.0029917792757298924
1121353	tradit	0.0029912233858345764
1121353	medic	0.002971168560957614
1121353	number	0.002960629730953314
1121353	present	0.002953310630611334
1121353	afraid	0.002940938285305242
1121353	fulli	0.0029153717854222667
1121353	censu	0.0029045123896344173
1121353	consider	0.002889984462912866
1121353	epic	0.002885398660257061
1121353	unfortun	0.0028670564985313575
1121353	applic	0.0027738772295092633
1121353	man	0.002764009824514846
1121353	rock	0.0027633817172544196
1121353	aarp	0.002750231538709053
1121353	fbi	0.0027175519528527233
1121353	web	0.0026995281316676413
1121353	insur	0.0026335602462179823
1121353	continu	0.0026258058358802215
1121353	tech	0.002621828609094717
1121353	081	0.0025963732875767423
1121353	66	0.00259477310481796
1121353	feder	0.0025893269436932883
1121353	partnership	0.0025760479011734815
1121353	institut	0.0025757009962908573
1121353	singl	0.002575175796387562
1121353	temperatur	0.002558615703761732
1121353	35	0.002534748955128338
1121353	offer	0.0025342874080742693
1121353	10th	0.0024982658613139797
1121353	news9	0.0024900363981542103
1121353	toll	0.002447591960943786
1121353	top	0.002446653895870137
1121353	michigan	0.002435511849424103
1121353	who	0.0024204003728362485
1121353	seq	0.0024198237743204387
1121353	affili	0.00238776344149794
1121353	well	0.002379016787158012
1121353	79	0.0023575440080030297
1121353	marri	0.002329347984892815
1121353	juli	0.0023156666600586463
1121353	read	0.002294604673717467
1121353	western	0.0022841758734582244
1121353	6205	0.0022762199285650707
1121353	56	0.002255972544946742
1121353	0114	0.0022461769525811697
1121353	28	0.0022348393768113913
1121353	small	0.002226252861064325
1121353	522	0.0022216415254973716
1121353	coverag	0.002176705158461878
1121353	largest	0.0021302782201060365
1121353	survei	0.0021141537752055904
1121353	soon	0.002095435599872865
1121353	receiv	0.0020769524661237177
1121353	sue	0.002041995631983531
1121353	agent	0.0020288511054947214
1121353	rememb	0.0020207132987252775
1121353	contractor	0.002013572197410147
1121353	3	0.002000152831672308
1121353	su	0.0019897597726570688
1121353	hourli	0.0019785514870928472
1121353	administr	0.001959415823633908
1121353	suspect	0.001931065840736678
1121353	83	0.001929887067523881
1121353	context	0.0019294048001202188
1121353	44	0.0019130183164709175
1121353	healthi	0.001910410227661427
1121353	prove	0.0019094998534839591
1121353	guid	0.0019091880629631963
1121353	advoc	0.001904788115904138
1121353	crimin	0.0019009011422904218
1121353	moor	0.001885312427875368
1121353	st	0.0018682332120388845
1121353	kei	0.0018616768718621795
1121353	04	0.0018505937880814954
1121353	seventh	0.0018444950399378662
1121353	asian	0.0018355985818073934
1121353	younger	0.001832601947693155
1121353	incorpor	0.0018208502261592434
1121353	turnpik	0.0018144647943587478
1121353	divorc	0.0018088831911596455
1121353	64	0.0018062327924363256
1121353	children	0.0018044058609386886
1121353	cleveland	0.0017994873582639738
1121353	confus	0.0017974592630154804
1121353	51	0.001776006527482112
1121353	633	0.0017637252340248148
1121353	staff	0.0017378730600139491
1121353	52	0.0017281945299970254
1121353	respond	0.0017265986666080895
1121353	34	0.001721584800023424
1121353	explor	0.0017197579236104678
1121353	718	0.001717801235657951
1121353	purpos	0.0017127853267023402
1121353	wall	0.0017099270308444988
1121353	jefferson	0.0017003973267029496
1121353	bailei	0.0016871355320048514
1121353	try	0.0016678460489128934
1121353	career	0.0016555027845899292
1121353	1710	0.0016464992420491239
1121353	encourag	0.0016429882617275458
1121353	elimin	0.0016082604375720977
1121353	14	0.0015891833611483802
1121353	revers	0.0015739793872627454
1121353	disabl	0.0015632285027679515
1121353	32	0.0015499033880678587
1121353	42	0.0015295416853686494
1121353	southwestern	0.0015115041331805082
1121353	nativ	0.0014987966203160916
1121353	thought	0.0014887334499388517
1121353	592	0.001484052678967258
1121353	7	0.0014822986352241345
1121353	resolut	0.0014815227166328916
1121353	67	0.001475464204587385
1121353	knowledg	0.0014748627172821076
1121353	interst	0.0014492884691576725
1121353	55	0.0014491527380033318
1121353	368	0.0014259157129664956
1121353	19	0.0014008821093520027
1121353	sect	0.00136210166456041
1121353	agreement	0.00135886605587243
1121353	2013	0.0013507921883178047
1121353	monei	0.0013481613461590299
1121353	caucasian	0.0013410415150344774
1121353	posit	0.0013351253095444547
1121353	extern	0.0013179029365500304
1121353	parallel	0.0013086837932612685
1121353	13	0.0012786873286850366
1121353	talli	0.0012738516603694597
1121353	reduc	0.0011910575289301706
1121353	wholli	0.0011819153544926646
1121353	mainli	0.0011467918471813362
1121353	65	0.0011285367074608003
1121353	caus	0.0011134385997832931
1121353	size	0.0011079772595460012
1121353	last	0.0011038050280220322
1121353	oun	0.0010581190561122398
1121353	enrol	0.0010483075105435335
1121353	24	0.001021987744352828
1121353	kilomet	0.0009947188021488145
1121353	compli	0.000986036295414162
1121353	3027	0.000979271019487604
1121353	appli	0.0009785107596753586
1121353	separ	0.0009503477581729011
1121353	involv	0.0008984751946686682
1121353	exclud	0.0008909682199724931
1121353	lower	0.0008718815827185836
1121353	video	0.0008717977875469836
1121353	inferior	0.000856233192047396
1121353	north	0.0008471617748370193
1121353	usda	0.0008145792892289182
1121353	elk	0.000803041791039175
1121353	lawsuit	0.0007968278434991658
1121353	american	0.0007791590681014816
1121353	996	0.0007295561725629172
1121353	distinguish	0.0007186006629652934
1121353	higher	0.0006931164457455504
1121353	4	0.0006513858111902728
1121353	unfair	0.000631957638869943
1121353	seldom	0.0006113874840210802
1121353	ii	0.0006038455042534585
1121353	unrel	0.0005916701591992849
1121353	town	0.0005434322212510964
1121353	letter	0.000516049787877556
1121353	statut	0.0005000350177440799
1121353	1995	0.0004935433592906733
1121353	98	0.0004931200307528876
1121353	89	0.00047723652522738017
1121353	freedom	0.0004768704144689571
1121353	advers	0.0004715181117996481
1121353	come	0.00043364840547732654
1121353	reveal	0.0004329183286895992
1121353	72	0.00042861941929634166
1121353	percent	0.0004176577996373903
1121353	garden	0.0004154022284594117
1121353	analysi	0.0004112138066402913
1121353	conduct	0.0004052055507758746
1121353	concentr	0.00040261252519039725
1121353	systemat	0.00038324701108960474
1121353	metropolitan	0.00036476395044484424
1121353	write	0.0003542743183384052
1121353	varieti	0.00033668310282606743
1121353	ad	0.000327362535396229
1121353	post	0.00029750251179928535
1121353	period	0.000286149904809637
1121353	midwest	0.00027998285853326755
1121353	plai	0.00027988564079226404
1121353	public	0.00027977802178321694
1121353	hear	0.00027467276278517194
1121353	mind	0.00026403228498807284
1121353	box	0.0002626522027693977
1121353	371	0.0002498358785255287
1121353	candid	0.00023897628990331052
1121353	seat	0.00021872868132298656
1121353	reinstat	0.0002063677466397379
1121353	eighth	0.00020340801136738566
1121353	go	0.00018132792838030629
1121353	alon	0.00013021841733643432
1121353	friend	0.00011318539513126933
1121353	order	0.00010342619138247269
1121353	behalf	8.35468958937789e-05
1121353	percept	1.4286682205528547e-05
1121353	assist	-5.73039653995659e-05
1121353	client	-6.489660789054427e-05
1121353	ohio	-6.932358942099654e-05
1121353	overview	-8.513888068283299e-05
1121353	columbu	-8.588114210939526e-05
1121353	cultur	-0.00015476186353000735
1121353	25	-0.00029716359795932054
1121353	select	-0.00033237633140031594
1121353	minor	-0.0003579539864847271
1121353	31	-0.0003736118567280995
1121353	abl	-0.00041258805715690765
1121353	million	-0.0004196934225582121
1121353	especi	-0.0004257915087832303
1121353	want	-0.00042766913292098866
1121353	african	-0.000457066001559544
1121353	ground	-0.0004739161868292795
1121353	mari	-0.0004930456188191568
1121353	exceed	-0.00051628001700683
1121353	82	-0.0005289973268755141
1121353	supervis	-0.00053715047804602
1121353	pharmaci	-0.0005409665201571512
1121353	purchas	-0.0005523807325783849
1121353	999	-0.0005742558304953557
1121353	immigr	-0.0005929921983302195
1121353	increas	-0.0005952668187965591
1121353	tv	-0.0006035242483897535
1121353	29th	-0.0006049940068329562
1121353	licensur	-0.0006192299488530979
1121353	station	-0.0006395656019497518
1121353	579	-0.0006750618184525566
1121353	radio	-0.0006876605869712146
1121353	possibl	-0.0007059895762638739
1121353	board	-0.0007077650114962428
1121353	older	-0.0007356289403458995
1121353	magazin	-0.0007473276032667937
1121353	newspap	-0.0007625014778255445
1121353	air	-0.000788293666188651
1121353	07	-0.0007951210592358224
1121353	system	-0.0008053280447723208
1121353	civil	-0.0008183942710721532
1121353	industri	-0.0008437406781837579
1121353	forc	-0.0008604159896863277
1121353	mental	-0.0008758712807644295
1121353	fallin	-0.0009155192354738994
1121353	road	-0.0009444348966969585
1121353	condit	-0.0009670385375486897
1121353	studi	-0.0009942571934618667
1121353	grew	-0.00100324450634591
1121353	claus	-0.0010052856424303874
1121353	rate	-0.0010175915971836666
1121353	uncheck	-0.001019939207010695
1121353	estim	-0.0010289642092076658
1121353	neg	-0.0010540083672598087
1121353	1967	-0.0011032655957645176
1121353	disambigu	-0.0011073364248838926
1121353	site	-0.0011141775993242181
1121353	rank	-0.0011417870472662298
1121353	outlet	-0.0011580071671564729
1121353	term	-0.0011689294872427203
1121353	divid	-0.001179691277849257
1121353	12	-0.001184178127623458
1121353	ask	-0.0012340994316593877
1121353	27th	-0.0012381383008159786
1121353	project	-0.0012737051873555963
1121353	stage	-0.0012984510218918372
1121353	6	-0.0013162768542513447
1121353	parti	-0.001323739926888338
1121353	underli	-0.0013546003632709186
1121353	repres	-0.0013582066427339978
1121353	assum	-0.0014153747525179102
1121353	346	-0.001416895380113574
1121353	631	-0.0014507412649685774
1121353	defens	-0.0014614141729774894
1121353	attent	-0.0014810268632272972
1121353	blvd	-0.001501949029551363
1121353	c1	-0.0015025275026512247
1121353	regardless	-0.0016421274622057571
1121353	liabil	-0.0016493189002110458
1121353	numer	-0.0016580973470931093
1121353	proof	-0.0016977825541312258
1121353	avail	-0.0017270954542235165
1121353	tinker	-0.0017669442259540034
1121353	special	-0.0017734667891774936
1121353	forti	-0.0017784074454720868
1121353	wors	-0.001844320302616181
1121353	defend	-0.0018521919750328045
1121353	district	-0.0018872804311801635
1121353	sai	-0.0019315427590808419
1121353	bodi	-0.0019353257715962993
1121353	word	-0.0019413781243506182
1121353	sole	-0.0020075510256281474
1121353	physic	-0.002031239084437114
1121353	target	-0.002117773197171867
1121353	note	-0.0021350965534304017
1121353	be	-0.0021375983640477625
1121353	appear	-0.0021519502417919113
1121353	rutger	-0.0022401463059583252
1121353	personnel	-0.0022556045934909686
1121353	breach	-0.0022853801925064796
1121353	handbook	-0.002318945437241491
1121353	00	-0.0023242146806318267
1121353	densiti	-0.0023367035892041957
1121353	pervas	-0.002354101029135318
1121353	quick	-0.0023742725027520294
1121353	8705	-0.00242729886529199
1121353	grow	-0.002531513689711839
1121353	west	-0.0025322136236784615
1121353	avenu	-0.002603863471836771
1121353	media	-0.002630253149140516
1121353	benefit	-0.0026348473072975638
1121353	accord	-0.002640783372996498
1121353	40	-0.0026516661515747675
1121353	liabl	-0.0026526524160453745
1121353	william	-0.0026719499373828444
1121353	union	-0.00267830057486394
1121353	download	-0.0027239561893060787
1121353	lewi	-0.002738422851197611
1121353	vote	-0.0027689779457927277
1121353	27	-0.00277523351158975
1121353	bring	-0.002794673571156659
1121353	coordin	-0.0028413714587501664
1121353	5	-0.002870677889905532
1121353	emploi	-0.00291361725677201
1121353	racism	-0.0029308242207328754
1121353	impact	-0.002940245067076593
1121353	translat	-0.0029681434018447683
1121353	capit	-0.0030322373488578737
1121353	foremost	-0.003040747008776986
1121353	close	-0.0031332073785298197
1121353	24th	-0.0031511113697808195
1121353	option	-0.0031725697630348576
1121353	54	-0.0032039517925303213
1121353	86	-0.003206599802375518
1121353	popular	-0.003209926310687303
1121353	meridian	-0.003215153536535007
1121353	occup	-0.003318294781993858
1121353	neurolog	-0.003332465203824036
1121353	ident	-0.0033784752975181435
1121353	manag	-0.0034065725569122273
1121353	decid	-0.003439616496365186
1121353	enact	-0.003463806899146688
1121353	regular	-0.0035369900185461423
1121353	km	-0.0035939691302702796
1121353	evid	-0.00374044334250817
1121353	implic	-0.003754143720083197
1121353	jurisdict	-0.003823356867674121
1121353	feel	-0.00395379462262397
1121353	allow	-0.003966785004516361
1121353	norman	-0.0040061414859111095
1121353	oversight	-0.0040349082791293145
1121353	refer	-0.004038870344447173
1121353	bia	-0.0040811037438236
1121353	local	-0.004084399161817325
1121353	feha	-0.004094447637187967
1121353	earn	-0.004099652469463518
1121353	neurologist	-0.0041215045918653
1121353	subordin	-0.0041409579933101145
1121353	luther	-0.004175500226450316
1121353	2035	-0.004191442257282371
1121353	set	-0.00420522780596668
1121353	approxim	-0.00421233847225379
1121353	freebas	-0.004223412471478746
1121353	2010	-0.004310406806172654
1121353	due	-0.004429101316481662
1121353	mingo	-0.004461934917943588
1121353	old	-0.004462295295533124
1121353	1353	-0.004479316830571369
1121353	leav	-0.004483767000060778
1121353	complain	-0.0044936281461288126
1121353	trait	-0.004578698345712264
1121353	rule	-0.004634652240381394
1121353	7111	-0.004642515409895454
1121353	titl	-0.004672181480741144
1121353	recruit	-0.004753842552906628
1121353	address	-0.004776540106672153
1121353	particip	-0.004813755120032335
1121353	ban	-0.004814675653711119
1121353	18	-0.004826857414672802
1121353	tabl	-0.004833673723226858
1121353	famili	-0.004868744379579121
1121353	winner	-0.004918070130262391
1121353	vari	-0.005043914862124411
1121353	005	-0.005043984703058034
1121353	8112	-0.005127795092508165
1121353	experienc	-0.005173028399156171
1121353	wide	-0.005183371506701009
1121353	unintend	-0.005205298667412486
1121353	differenti	-0.005217779784285151
1121353	nd	-0.005235612806359101
1121353	749	-0.005292015268728216
1121353	oldest	-0.005302430652451271
1121353	intoler	-0.005305328422036182
1121353	dismiss	-0.0054009135171325506
1121353	consid	-0.00550170662248813
1121353	base	-0.0055386592760086235
1121353	exempt	-0.005761627226594423
1121353	here	-0.0057996398597215185
1121353	safeti	-0.005816419494170017
1121353	choic	-0.005825520747910926
1121353	tulsa	-0.00590865332662876
1121353	8	-0.005908998627728889
1121353	municip	-0.005990508519526911
1121353	redund	-0.006070833663218057
1121353	treatment	-0.006130094956010349
1121353	interpret	-0.0061748289086923916
1121353	celebr	-0.0061810160897561575
1121353	stress	-0.0062087431064114205
1121353	charter	-0.006313771874190546
1121353	highli	-0.0063616154941225685
1121353	anti	-0.006372568386053535
1121353	provis	-0.006524647967363336
1121353	enforc	-0.006652157602551408
1121353	entitl	-0.0066576656454179475
1121353	bendur	-0.006666406062815777
1121353	atlanta	-0.006817177604384215
1121353	facet	-0.0069076317077660775
1121353	dispar	-0.006930130388766231
1121353	spirit	-0.007043143295220571
1121353	basi	-0.007158129053140725
1121353	1978	-0.007196349899738613
1121353	seek	-0.007209324465577222
1121353	illeg	-0.0072133374733368595
1121353	overtim	-0.0072999129501320915
1121353	hour	-0.007510079133239526
1121353	inquiri	-0.0075696405176013245
1121353	count	-0.007702200128122497
1121353	consist	-0.007716004880094801
1121353	heritag	-0.007741992121040253
1121353	accompani	-0.007809982298220539
1121353	school	-0.007813274708882085
1121353	romant	-0.008063234173354401
1121353	wai	-0.008129315742809961
1121353	perceiv	-0.008272584320852445
1121353	promot	-0.008335573477213762
1121353	believ	-0.008459066539367578
1121353	embrac	-0.008628608180674398
1121353	frustrat	-0.00866019930391571
1121353	traumat	-0.00876447699951192
1121353	print	-0.00895421682968515
1121353	regul	-0.009006143681151869
1121353	depart	-0.009086640146936855
1121353	suprem	-0.00931188668826801
1121353	50	-0.009345699834770944
1121353	emotion	-0.009756784492831344
1121353	skin	-0.009821338371242317
1121353	affection	-0.009961927343442721
1121353	ener	-0.009965077614796352
1121353	pai	-0.0103668681394541
1121353	guidelin	-0.010805250780761253
1121353	retali	-0.010868346741667643
1121353	fire	-0.010969305551732991
1121353	propos	-0.011098607144558563
1121353	choctaw	-0.011224117927477345
1121353	reason	-0.011363618472999389
1121353	ok	-0.011445212753536497
1121353	nlrb	-0.011474122924624994
1121353	massachusett	-0.011505041158222687
1121353	educ	-0.01185092990055612
1121353	stereotyp	-0.01187357840292556
1121353	unfavor	-0.012094828632863465
1121353	intend	-0.01213883199657314
1121353	hire	-0.012146145031484647
1121353	okc	-0.01215545125302845
1121353	2012	-0.012191112196130472
1121353	polici	-0.012536288806435075
1121353	worker	-0.012561074117055886
1121353	2011	-0.01335708716276995
1121353	actual	-0.013386064543232993
1121353	let	-0.013595407779395923
1121353	happen	-0.013637189429821723
1121353	vii	-0.013742178834824852
1121353	disadvantag	-0.013792628312036544
1121353	behaviour	-0.013797406349988573
1121353	put	-0.01468863656693862
1121353	color	-0.014966783080202982
1121353	875	-0.015039722582215228
1121353	victorian	-0.015384614543463139
1121353	member	-0.01560417497788027
1121353	1964	-0.015742713809662252
1121353	instruct	-0.016333579269388103
1121353	standard	-0.017204146481784727
1121353	june	-0.017318825803988837
1121353	mployment	-0.01759430126238466
1121353	racial	-0.017910675783093917
1121353	375	-0.0180135227081033
1121353	opportun	-0.01915325592794721
1121353	mai	-0.019706977323034846
1121353	deduct	-0.02004137338882752
1121353	unfavour	-0.020168062223452566
1121353	accommod	-0.020909218086802867
1121353	accredit	-0.02115447839276607
1121353	environ	-0.022522399534120465
1121353	ndirect	-0.023454840549845913
1121353	militari	-0.023684539669018508
1121353	wage	-0.02407384840544125
1121353	characterist	-0.024418167915289564
1121353	genet	-0.024456402898040918
1121353	deadlin	-0.024691814207712503
1121353	sale	-0.025108946334180256
1121353	complic	-0.025301387327386106
1121353	defin	-0.026247603934411234
1121353	janet	-0.027481956803634393
1121353	facilities4	-0.02783915433183091
1121353	law	-0.027924843246322627
1121353	ada	-0.027960025317452425
1121353	superintend	-0.02953900286605437
1121353	octob	-0.029879472986630736
1121353	gender	-0.030979240851661285
1121353	broke	-0.03132078256723547
1121353	osd	-0.032876101450610144
1121353	hostil	-0.033802462996250386
1121353	pregnanc	-0.038996937439549746
1121353	chipotl	-0.04020002217105451
1121353	sexual	-0.04321991357351151
1121353	barresi	-0.045212811618054884
1121353	eeoc	-0.045448668463677955
1121353	wrong	-0.04637282279232816
1121353	termin	-0.048037971804806456
