146187	mcdoubl	0.3156522956980927
146187	doubl	0.253148492027982
146187	chees	0.21015675398065753
146187	cheeseburg	0.18841109322486158
146187	dollar	0.18282126075017327
146187	slice	0.16530579095551928
146187	piec	0.15189913628310558
146187	hous	0.15125307466419494
146187	bubbl	0.12555743458270754
146187	pickl	0.11914449363029085
146187	cheesburg	0.1166480303880831
146187	meat	0.11479982695045242
146187	gristl	0.11022378428883356
146187	median	0.10218601973085828
146187	just	0.09992909815146754
146187	incom	0.08679459577976649
146187	differ	0.08358713327567271
146187	flavor	0.0831660434165881
146187	discern	0.08294195379131855
146187	menu	0.08151269156061666
146187	ketchup	0.08132977857196046
146187	39	0.0779360997830271
146187	check	0.07490588853405059
146187	like	0.0743301823464906
146187	purchas	0.07053754290090254
146187	mustard	0.06965103664980965
146187	still	0.06805483875853635
146187	contain	0.0671002989164277
146187	swiss	0.06594091848822509
146187	sold	0.06568147823381593
146187	manhattan	0.06503967742394705
146187	gap	0.0633933061841227
146187	glanc	0.06322867860367472
146187	domino	0.06150247418092394
146187	tast	0.06040100175031239
146187	exactli	0.05919412752894106
146187	carb	0.05903991310537703
146187	sandwich	0.05825754588315979
146187	burst	0.05567662929847811
146187	arent	0.0551770267791138
146187	household	0.054282934131701294
146187	previous	0.054272076869460686
146187	american	0.05239798523334603
146187	12	0.05158837241511724
146187	bed	0.050363114817529656
146187	franchis	0.04982661481914654
146187	filler	0.04950818647698706
146187	mcchees	0.04919625703689485
146187	1	0.04908746047565421
146187	fill	0.04817158997208168
146187	room	0.048047570230368736
146187	91	0.04724111626894939
146187	tip	0.0470572642380571
146187	especi	0.04702997854481095
146187	set	0.04633190542858404
146187	report	0.046195270016115245
146187	notic	0.04602637426295706
146187	decker	0.04576177475309529
146187	buck	0.0457042802085311
146187	hand	0.04564897527718122
146187	hidden	0.04425705888865974
146187	minu	0.0442304790469734
146187	32	0.04389007530128855
146187	13	0.04353364786445161
146187	home	0.04347347592240416
146187	qualiti	0.043312550726051405
146187	realtor	0.04285137878361048
146187	promin	0.04255199860595238
146187	anymor	0.042069345083868906
146187	afford	0.04182822382980638
146187	come	0.041584622449216346
146187	14	0.04147472943950592
146187	restaur	0.041206819540449524
146187	item	0.04100682615744827
146187	increas	0.040899283349852
146187	auction	0.03991618622028779
146187	peak	0.03928004281171548
146187	varieti	0.039111784812163
146187	exuber	0.038711494131884155
146187	formula	0.038078701291697055
146187	here	0.03802790832521734
146187	basic	0.03731561350019174
146187	580	0.03691061303747277
146187	breakdown	0.036690385379711
146187	recent	0.036363754875509614
146187	deal	0.03586960397192544
146187	2	0.03571694845438327
146187	nation	0.03565433090058495
146187	well	0.03538608072289329
146187	disproportion	0.035131606531362984
146187	nutrit	0.034767682690031124
146187	7	0.03471376601113364
146187	protein	0.034670186470355586
146187	777	0.034556217177121956
146187	45	0.034522235627534384
146187	268	0.03443414102035611
146187	mayb	0.03410638593674493
146187	fri	0.033995243652851365
146187	displai	0.03391442671357476
146187	larg	0.03389667091731964
146187	urban	0.033227257799514645
146187	ounc	0.03309036669079344
146187	phoenix	0.03272789660697705
146187	illustr	0.032720360281780124
146187	sub	0.032673402100837814
146187	peopl	0.03264037197605902
146187	reach	0.0325081618760899
146187	will	0.032401697934700276
146187	30	0.032251488157985876
146187	countri	0.031807528369217804
146187	66	0.03164162823346193
146187	amount	0.0309898954717613
146187	240	0.030963762697295456
146187	2006	0.030707137162026932
146187	prefer	0.030689692962076732
146187	index	0.03018696763384643
146187	11pm	0.029685651254701604
146187	5	0.029559973355239806
146187	can	0.029530500428582483
146187	specul	0.02931692931429818
146187	highest	0.02927819652727802
146187	8	0.029253458376462014
146187	000	0.02918895784105506
146187	4	0.028938977440306237
146187	44	0.028896255138810983
146187	skateboard	0.028859140812200843
146187	land	0.028829959907374695
146187	delici	0.02871015096696197
146187	sure	0.0286327614921124
146187	unafford	0.02853980106052278
146187	manufactur	0.02845514062040087
146187	2007	0.028314580799447892
146187	unforgett	0.02823222099615775
146187	fresh	0.02818541247585489
146187	onli	0.02786487064492518
146187	49	0.027744281243361566
146187	30am	0.0277415696047959
146187	190	0.027629279461667332
146187	debt	0.02728171718254245
146187	melbourn	0.027166870776868163
146187	butter	0.02713620971303957
146187	wendi	0.02712282263971539
146187	design	0.02706488314300205
146187	tradit	0.02680133594745912
146187	demand	0.02662033169745893
146187	10	0.026530864990105728
146187	bui	0.026411826559619732
146187	similar	0.02605177144782195
146187	3	0.026004756163019917
146187	foot	0.02586788251232427
146187	high	0.02585297427704651
146187	wide	0.02576664487066521
146187	case	0.025663396791411885
146187	doesn	0.025655950830692678
146187	combo	0.02561348841161327
146187	40	0.025588745061614404
146187	cucumb	0.025412890324506165
146187	unaffect	0.025352715746258088
146187	look	0.025336534656720467
146187	includ	0.02498146336913303
146187	near	0.024946145448756174
146187	diner	0.024874844243899037
146187	color	0.02482020596413431
146187	long	0.024792722538374293
146187	replac	0.024726836881766374
146187	161	0.02459462983720958
146187	1080	0.024529250490244785
146187	cook	0.02434441301080071
146187	low	0.024306624702563475
146187	medium	0.024289086169324636
146187	canada	0.024266677357833045
146187	pastuer	0.024144918606575843
146187	trai	0.024141496183694128
146187	thankfulli	0.0241216882623685
146187	164	0.024092707829360575
146187	2011	0.024047020076436686
146187	store	0.02402373500580581
146187	567	0.02392451881095381
146187	41	0.023884633416111096
146187	400	0.02377288539592501
146187	byb	0.023708146528618072
146187	11	0.02362568356587639
146187	2002	0.023547528230558088
146187	23	0.02348957074085678
146187	2008	0.023464453054778345
146187	number	0.02329389208220296
146187	feel	0.02324365324358318
146187	obelisk	0.023238587635335387
146187	end	0.02299750044071417
146187	napkin	0.022756874215055265
146187	refresh	0.022647306549560275
146187	ppsf	0.022565485040760263
146187	aka	0.02252136939733045
146187	block	0.022451181327935364
146187	42	0.022417465439395844
146187	misnom	0.022361532676849778
146187	charg	0.022321013811628567
146187	regular	0.0222967923005982
146187	releas	0.022282225071978523
146187	carri	0.022154587435075826
146187	boom	0.022130924642463412
146187	record	0.022005202324238967
146187	associ	0.021908199267723426
146187	third	0.021831873371067175
146187	tbsp	0.02181159760116971
146187	us	0.021700976864992456
146187	600	0.021681110407906636
146187	rise	0.021212226058454336
146187	fuel	0.02115982251116452
146187	price	0.02113828568934931
146187	camshaft	0.02112009127759379
146187	edit	0.021115808084224183
146187	breakfast	0.02101995325475447
146187	cheaper	0.020925795152713762
146187	golden	0.020764590813479273
146187	bread	0.020747993714851788
146187	dig	0.020677394558008075
146187	last	0.020667259033465883
146187	tower	0.020646922653071238
146187	full	0.020607626657528886
146187	bu	0.020597030217218447
146187	famili	0.020525960153765368
146187	700	0.020522800162223173
146187	freddi	0.020487305724407278
146187	negat	0.020265046251671356
146187	60	0.020247726848241724
146187	com	0.020237384629884995
146187	monasteri	0.020175833262785887
146187	1930	0.01986232820616255
146187	poni	0.01984979586433052
146187	17	0.019803322450610148
146187	owner	0.019738914516589264
146187	275	0.01973097806208506
146187	underpin	0.019727572635810025
146187	first	0.019713271433765715
146187	homebuy	0.019528586666197913
146187	million	0.019332445957597793
146187	world	0.019229708292590256
146187	173	0.01915772847184462
146187	sydnei	0.01913862611526263
146187	want	0.018930318000396792
146187	paddl	0.01890181230750231
146187	suppli	0.018884240621869545
146187	agricultur	0.01885673222826315
146187	let	0.01878922010190021
146187	gallon	0.018672247804906537
146187	live	0.018669546201745286
146187	ideal	0.018667952965211853
146187	sausag	0.018605322278973716
146187	type	0.01843089466114703
146187	label	0.018414179586733838
146187	time	0.01840810934214771
146187	homemad	0.018386075019386838
146187	stack	0.018379621745324735
146187	egg	0.01835994238326723
146187	bit	0.018298474585441232
146187	penni	0.018178101647707036
146187	milk	0.0181763477611415
146187	acr	0.018109679758753824
146187	trace	0.018091636957893006
146187	sooner	0.01803379967437398
146187	20	0.017947309478899286
146187	fry	0.017813962402267416
146187	squar	0.017666403952016706
146187	franc	0.017653841418096377
146187	mean	0.0175593916075555
146187	invent	0.01749504065451662
146187	sale	0.017486980210310425
146187	annual	0.01739842998446457
146187	67	0.017350868217178204
146187	116	0.017231476371163738
146187	veget	0.01713288187897054
146187	120	0.01699627353938911
146187	nickel	0.016857208895337553
146187	capac	0.016855748906148216
146187	serious	0.01684651067121378
146187	escal	0.016704501161788402
146187	market	0.01661985313460997
146187	tran	0.016606600916081765
146187	explan	0.016578946370651885
146187	choic	0.01649474087544785
146187	370	0.016455042531632668
146187	whole	0.01643455730090086
146187	160	0.016388232390704277
146187	comparison	0.016368477884018257
146187	girl	0.016315146830407534
146187	overhead	0.016288716932674495
146187	mongol	0.016270818082145037
146187	see	0.016188534326994568
146187	ratio	0.016185766005343178
146187	quit	0.016115314718196442
146187	horseback	0.016014025299604807
146187	equal	0.01597016387500404
146187	51	0.01579932995432319
146187	guess	0.01577706527127918
146187	roll	0.015716043858745286
146187	theori	0.01571167256248347
146187	wrap	0.01568847338762255
146187	run	0.015653390793023893
146187	fallen	0.01562872951046381
146187	pre	0.015610040483934521
146187	soft	0.01557177914625506
146187	try	0.015558108071456052
146187	show	0.015516799856696295
146187	26	0.015471319138377907
146187	euro	0.015378125912670007
146187	velveeta	0.015371885311496082
146187	order	0.015310365304181851
146187	list	0.015269225543483336
146187	plank	0.01522135132297126
146187	statist	0.015166030430658645
146187	onion	0.015139077145668686
146187	builder	0.01507630982423677
146187	decemb	0.0150378931673246
146187	inch	0.015025879003838529
146187	1000	0.015019183260294975
146187	serv	0.014993370616487579
146187	scale	0.01483573404507015
146187	modern	0.014654907831126189
146187	dip	0.014631127937305567
146187	term	0.014583362408819292
146187	standard	0.014564164504371513
146187	allergen	0.014496755173684211
146187	loui	0.014494703739768843
146187	corner	0.014490083275724172
146187	water	0.014481478049235618
146187	think	0.01434914383863183
146187	talk	0.014227652509076285
146187	cal	0.01418802792824573
146187	sq	0.014150567943997784
146187	front	0.014147755991560039
146187	royal	0.014059290036295045
146187	matur	0.014037030558492165
146187	2009	0.014003511482973997
146187	stick	0.013884812614687339
146187	know	0.013881058303778197
146187	150	0.013755387333115912
146187	bake	0.013528769930269939
146187	bison	0.013484468407749993
146187	170	0.013457958011367852
146187	custom	0.013416433985166386
146187	occup	0.013375884047364839
146187	hard	0.01329621978479063
146187	rank	0.013284365806089042
146187	spain	0.013265865547498448
146187	call	0.013212543216788334
146187	reno	0.013145360562493413
146187	453g	0.013096189533076343
146187	tail	0.013061937550214016
146187	11th	0.013050322128640886
146187	america	0.013044188080276848
146187	178	0.012994208614750816
146187	summari	0.01291314714235827
146187	harmless	0.012899211253117429
146187	rose	0.012860039403270617
146187	remain	0.012848901434531003
146187	174	0.012817149441632321
146187	perfectli	0.01278476527043443
146187	sai	0.01276435030151617
146187	involv	0.012710280472632425
146187	2004	0.012643949160219558
146187	answer	0.012643454538308695
146187	contrast	0.012617072562449474
146187	year	0.0125880407454867
146187	monopoli	0.012490118306715403
146187	top	0.012480514011190736
146187	financ	0.012430600997244131
146187	limit	0.012412689724139192
146187	ft	0.012399645672927197
146187	take	0.01233209902829678
146187	germani	0.012313059295238578
146187	princip	0.01224070658565311
146187	2place	0.012201686372240528
146187	individu	0.012191328417971777
146187	neg	0.012124500393688438
146187	consid	0.01199043263826826
146187	least	0.011962815386671785
146187	experienc	0.01194868372648558
146187	put	0.011861078062119019
146187	recip	0.01185097831543979
146187	pair	0.011850430981971487
146187	chart	0.011814689972545247
146187	st	0.01168863556390371
146187	27	0.011685089014437686
146187	groceri	0.011674816230592166
146187	process	0.01147889712135342
146187	short	0.011433008025992371
146187	rins	0.011430532141038062
146187	kind	0.011360647605691599
146187	loan	0.011344147592750823
146187	multipl	0.011327852972013868
146187	california	0.011273427404301888
146187	old	0.011264821266076154
146187	cheeseburgb	0.011246527091665813
146187	beef	0.011244688291330704
146187	februari	0.011237998857288382
146187	soak	0.011212551693285458
146187	believ	0.011164884911600451
146187	yard	0.011128946371609416
146187	outlin	0.01110902397169449
146187	exampl	0.011069979038868437
146187	small	0.010978194516318927
146187	treat	0.010953636040352904
146187	46	0.010951974203397193
146187	365	0.010888219209476866
146187	oven	0.010849664714784917
146187	480	0.010843722764560366
146187	back	0.010820630799066493
146187	cours	0.010733169460991983
146187	spark	0.01071433741844201
146187	prefix	0.010711180022547102
146187	later	0.010706560225300159
146187	remov	0.010688753303845742
146187	fairli	0.010687618996806914
146187	9	0.010656218648080506
146187	lime	0.010596765638016977
146187	carefulli	0.010576736821521465
146187	tasti	0.01053349513615832
146187	normal	0.010495890358323249
146187	meatbal	0.010477924651178966
146187	past	0.010379629686695818
146187	nevada	0.010342722576436883
146187	melt	0.01030598743011472
146187	ingredi	0.010234353029991436
146187	southernstunna1	0.01017441047836686
146187	trademark	0.01013924783024606
146187	big	0.010127148364391252
146187	carbohydr	0.010075705640487464
146187	drain	0.009990170189610034
146187	47	0.009921364632522797
146187	30gram	0.009862459252116146
146187	element	0.009780445706716353
146187	calori	0.009770153888161721
146187	trip	0.009719528058918896
146187	flat	0.009624146381644041
146187	favorit	0.009581375619972613
146187	01	0.009432911214913168
146187	43	0.00928646971119429
146187	smoother	0.009202914102929446
146187	goe	0.009180637299613246
146187	continu	0.008985231088359807
146187	quick	0.008982297293705345
146187	count	0.008945951178209262
146187	counti	0.008886909525839043
146187	6	0.008878323503492741
146187	mcmuffin	0.0088512519027424
146187	brah	0.008751713081366474
146187	current	0.008663543039734864
146187	child	0.008608390444852596
146187	mammoth	0.008581168159641665
146187	easi	0.008568411426496959
146187	softer	0.008544934358309672
146187	far	0.008487608292921568
146187	averag	0.008476809870778666
146187	380	0.008461548574903274
146187	stori	0.008458555195546264
146187	fajita	0.008367792663002952
146187	famou	0.008355066421521076
146187	53g	0.008300564463208393
146187	centuri	0.008292570463398714
146187	dai	0.008264975595455696
146187	accommod	0.008260882237603425
146187	salad	0.008259487913859623
146187	uk	0.008257420864694685
146187	hour	0.00823162591399795
146187	52g	0.008230532017272526
146187	period	0.00816160872607121
146187	caloriek	0.008109545617734405
146187	pasta	0.008072430430522972
146187	result	0.008045099426370087
146187	chuck	0.007796913345225992
146187	1310	0.007793634062282669
146187	75g	0.0077924368185696615
146187	start	0.007758164454522381
146187	mouth	0.007597016147076365
146187	oz	0.007593578326230024
146187	799	0.007589047261682991
146187	769	0.007583806924477136
146187	779	0.007516359309600808
146187	296g	0.00750600929426593
146187	rare	0.007498283066688642
146187	lift	0.007481073877388848
146187	789	0.007430739248622449
146187	march	0.007391538341394096
146187	489	0.007385688559078493
146187	tremend	0.007355662669964758
146187	85	0.007342277488936625
146187	particip	0.007302439867919881
146187	simpli	0.007288633972629365
146187	101g	0.00721339659145293
146187	792	0.007104589205882201
146187	426	0.0070556810166186625
146187	singl	0.007006280776673568
146187	427	0.006973262564824378
146187	thinner	0.006939235572247648
146187	sourc	0.0069309463554685004
146187	263	0.006914120062107084
146187	149g	0.006896819034926879
146187	eat	0.00688703699420436
146187	sweet	0.006812024972030828
146187	272	0.0067774507151827845
146187	ye	0.0067198432929006895
146187	isn	0.006696373139486306
146187	660	0.006684798208692679
146187	fine	0.006638909838053911
146187	dish	0.00662931204600828
146187	atleast	0.006583394254080112
146187	176	0.006541720298820642
146187	bowl	0.00648274830676963
146187	77	0.006425884914614446
146187	137	0.006376579893919776
146187	steak	0.006375623340047903
146187	shake	0.006346038092062687
146187	590	0.0062759627319231865
146187	ve	0.00626664360831025
146187	appli	0.00625400485119827
146187	129	0.006156509377334923
146187	ground	0.006142274090497497
146187	commun	0.006104001685224906
146187	425	0.006061465501665871
146187	imagin	0.0060579235526921505
146187	experi	0.005972294300998006
146187	112	0.005933927740935915
146187	imposs	0.005859376934797755
146187	990	0.005856793977853965
146187	fish	0.005792218666789341
146187	layer	0.005758184551428272
146187	go	0.005739658734621102
146187	yesterdai	0.0056872988055991554
146187	135	0.005672253979748787
146187	lunch	0.005645436557002348
146187	found	0.005641883049190177
146187	ut	0.005633291715662026
146187	35	0.005631909308939264
146187	270	0.005608929091644414
146187	belong	0.005582888841330341
146187	lol	0.005529800098716778
146187	jack	0.005504605541538603
146187	faster	0.005458709364896658
146187	pretti	0.00544450225859111
146187	requir	0.005363589569616271
146187	actual	0.005343506859526043
146187	turn	0.005297481825634742
146187	mac	0.005296258358984174
146187	brand	0.005266825985393069
146187	identifi	0.005193299702770396
146187	center	0.005190732371099431
146187	touch	0.005117145355416362
146187	fake	0.005093822242925521
146187	tumblr	0.00508203293307225
146187	veggi	0.005024115672348534
146187	minut	0.004908051118310681
146187	0	0.004890831233412712
146187	sentenc	0.004875632513393007
146187	72	0.0047606504554983655
146187	down	0.004729217038108927
146187	spread	0.004728662552987456
146187	127	0.004719136482105734
146187	pinterest	0.004673979414877142
146187	rate	0.004655690065892556
146187	idea	0.004634789240270766
146187	speed	0.004608233157832257
146187	adventur	0.0045555160565166454
146187	anim	0.004536935092278464
146187	slightli	0.0044949902567394265
146187	angu	0.004466434552874855
146187	fat	0.004408100627465512
146187	diet	0.004381239876199331
146187	percent	0.004381157451155845
146187	nutrient	0.004380043195805988
146187	48	0.004356774957636917
146187	who	0.004352614142439656
146187	18	0.004351020288590895
146187	fall	0.004337576378782327
146187	made	0.004328395697545672
146187	gui	0.00428686145205875
146187	790	0.004281997891487834
146187	make	0.004273153483726426
146187	portion	0.004223314245815004
146187	cup	0.004197532806802841
146187	turkei	0.004197278787388143
146187	860	0.004181103166761836
146187	walk	0.004109358545613939
146187	510	0.004086167685536581
146187	burn	0.004080697437978249
146187	defin	0.003972007013057202
146187	nice	0.0038150100211608107
146187	googl	0.003814602786313129
146187	style	0.003777803993093905
146187	jump	0.003736712535308344
146187	estim	0.003718189378475344
146187	smidg	0.0037039700776973026
146187	visit	0.0037021781664670125
146187	smaller	0.0036975484621436703
146187	western	0.003658976918863645
146187	australia	0.0036452555188472057
146187	joint	0.003631196955168344
146187	special	0.0036107397722301192
146187	21	0.0035975055917980905
146187	definit	0.0035691086834206426
146187	twitter	0.003564824273709435
146187	reportedli	0.0035585506107317826
146187	startup	0.003542566023548844
146187	state	0.003502232635091715
146187	16	0.003445615029952005
146187	name	0.003373348641789663
146187	162g	0.0033477857362076177
146187	88	0.003294863563743147
146187	couldn	0.00325666467014693
146187	rye	0.003240112848340412
146187	facebook	0.0032242897544801337
146187	data	0.0032074171040675447
146187	comprehens	0.0031746620391740654
146187	wheat	0.00317389916206591
146187	268g	0.003135648491256434
146187	produc	0.0031232314700500178
146187	patti	0.003098967176027227
146187	56	0.003062037264336108
146187	210g	0.0030513933414487104
146187	suppos	0.0029953050108090266
146187	post	0.002963079893597452
146187	87	0.002889537276075687
146187	substitut	0.002888820518062649
146187	best	0.0028395796532390376
146187	email	0.0028392724626099507
146187	pink	0.0027167518853950076
146187	2000	0.002702978019164292
146187	agre	0.0026397671291268736
146187	90	0.0026252564184731948
146187	dome	0.0024324430341162136
146187	product	0.0023376712834752467
146187	entir	0.0022849354886433455
146187	hot	0.002237608471806166
146187	flip	0.0022258358639866273
146187	twofold	0.002211100307708049
146187	databas	0.002202536893907131
146187	lid	0.0021845156621899285
146187	hundr	0.0021750169807370295
146187	lower	0.00216879108616179
146187	1050	0.0021296803571212667
146187	industri	0.002107971932122716
146187	need	0.0020662476716212896
146187	thousand	0.0020645547944071426
146187	side	0.0019679773238601155
146187	filet	0.001931948539065653
146187	plant	0.0019277862537693258
146187	resourc	0.0019216540113657335
146187	encourag	0.0019081977409035422
146187	plai	0.0019079306779670408
146187	830	0.0018911004909189645
146187	680	0.0018326829136495152
146187	offer	0.0018194513479842154
146187	pan	0.0018038080992733815
146187	base	0.001775633314742445
146187	560	0.0017430958996887736
146187	soon	0.0017224455127045073
146187	develop	0.0017211021185462591
146187	popular	0.0016726866189919675
146187	join	0.001633185603825275
146187	learn	0.0015664311366110001
146187	middl	0.0015440764151674997
146187	cheap	0.0015040195334463005
146187	hydrat	0.001486698365497859
146187	junior	0.001457656594986081
146187	58	0.0014004595229359258
146187	secret	0.0013906594218955903
146187	125	0.0013313028015952593
146187	55	0.001309837186372055
146187	cover	0.0012851564504244432
146187	fast	0.0012537250691210952
146187	75	0.0011384353870335126
146187	origin	0.0011168809279684018
146187	whopper	0.0010923223142322574
146187	wai	0.0010806035930903814
146187	280	0.0010597972344570273
146187	earli	0.0008777616402611757
146187	french	0.000761716362545162
146187	28	0.0007113790320466321
146187	2001	0.0006988971963106405
146187	gravi	0.0006453838110381461
146187	mai	0.0006369180174974349
146187	wedg	0.0006205423880575559
146187	mash	0.0006196122565776072
146187	clark	0.0005806723140009701
146187	toss	0.0005769242100353853
146187	jar	0.0005706044459750816
146187	grape	0.0005650678303513331
146187	fulfil	0.0005554350355174481
146187	polish	0.0005311245448326875
146187	mandat	0.0004981173330715875
146187	potato	0.0004836362132526924
146187	italian	0.00047907266818805457
146187	juic	0.000456047871568068
146187	liver	0.00042996661739212234
146187	request	0.00042499943306123283
146187	texa	0.0004121436409526786
146187	john	0.00040146873736538006
146187	june	0.00040057011714357126
146187	januari	0.0003929059187252366
146187	extens	0.00036571972815097243
146187	bottom	0.0003317931095026701
146187	choos	0.0002996697580623444
146187	program	0.000265802245598433
146187	38	0.0002161314903491504
146187	100	0.0001655344667095222
146187	mcdonald	-6.363153100780857e-05
146187	beat	-0.00012069994193177102
146187	quot	-0.00012082164633343286
146187	wors	-0.00012774728611817217
146187	healthi	-0.00013728762133002987
146187	cut	-0.00017425839577993793
146187	mandarin	-0.00017448602700908926
146187	preserv	-0.00019812674145868727
146187	known	-0.0003906152479386547
146187	460	-0.0004318940687459691
146187	leav	-0.000517406477049001
146187	satur	-0.0009330657093431885
146187	31	-0.0009923125469202493
146187	form	-0.0011351270754447545
146187	vitamin	-0.0014150174978630923
146187	sugar	-0.001416304831517156
146187	avoid	-0.001469083024484397
146187	24	-0.0014711165247298591
146187	iron	-0.0014835798424468437
146187	condiment	-0.0015734767750136657
146187	343	-0.0016172808334502342
146187	posit	-0.0016770058114187315
146187	sign	-0.0016930028168096337
146187	fiber	-0.0017065532207996056
146187	heat	-0.0017462230509249768
146187	intak	-0.0017679047986679734
146187	cholesterol	-0.0017807854798198692
146187	word	-0.0017810830992755701
146187	mention	-0.0017899557542043517
146187	blue	-0.0019751088222752637
146187	combin	-0.0020039637855449144
146187	lai	-0.002023847322814532
146187	polic	-0.0020241415135308265
146187	crunchi	-0.0020256921172844278
146187	regist	-0.002050811170882342
146187	notabl	-0.0020665956766718037
146187	b12	-0.0020692261590973668
146187	manner	-0.0020739993313027764
146187	counter	-0.002117965820051558
146187	52	-0.0021619049871600456
146187	right	-0.002187338624178147
146187	stuff	-0.0022420470701452156
146187	b6	-0.002242968321878449
146187	65	-0.00225287805351229
146187	degre	-0.00226328658792183
146187	give	-0.0023466634420994514
146187	dessert	-0.0023572717992453992
146187	forc	-0.0023612872172591036
146187	96	-0.0023940292887156727
146187	cry	-0.0025783259609244067
146187	mayan	-0.002585742714721562
146187	smoothi	-0.002611552007867894
146187	warm	-0.002624197525054762
146187	fanci	-0.002638110473880825
146187	rack	-0.002660601125764272
146187	450	-0.0026627508035965276
146187	ad	-0.0026939493111292055
146187	perfect	-0.002705543542500509
146187	hope	-0.002812212413144659
146187	deli	-0.002952718363117952
146187	blend	-0.0031480746697866617
146187	convect	-0.0031873118646446852
146187	classic	-0.003189243652832276
146187	pricei	-0.0031892982066095625
146187	meatloaf	-0.003290716220097509
146187	upward	-0.003291244654487255
146187	keep	-0.0033513739240302425
146187	475	-0.003358592442143035
146187	crust	-0.003367969914309751
146187	great	-0.0033782929519261275
146187	440	-0.003380198307573231
146187	be	-0.003383423127195976
146187	36	-0.003509687877285409
146187	quarter	-0.0035637908842026515
146187	level	-0.003633144072942445
146187	love	-0.003713860543085638
146187	210	-0.0038431876058986993
146187	contribut	-0.0038875946636987894
146187	natur	-0.003958731816939468
146187	lb	-0.003963968764707309
146187	simpl	-0.004006906201076398
146187	mayonnais	-0.00401836664598553
146187	salti	-0.004024197121300388
146187	real	-0.0040554156176059895
146187	prot	-0.004058543171293558
146187	4x4	-0.004160875989668498
146187	ll	-0.0041925927486198234
146187	peso	-0.004271483130091506
146187	mind	-0.004283974309872327
146187	updat	-0.004293804913551074
146187	lean	-0.004330975525323977
146187	rest	-0.00444817887261635
146187	cost	-0.0044759706982818726
146187	area	-0.004562074698211033
146187	due	-0.004802115206472194
146187	thank	-0.004860750951069153
146187	ww	-0.0049479586131977935
146187	reason	-0.005059465675817241
146187	challeng	-0.005136688935089492
146187	grill	-0.005192159911101803
146187	hole	-0.005230022610127599
146187	beefi	-0.005286523348262889
146187	burger	-0.00539264075993522
146187	mcdo	-0.0054250512431078465
146187	gave	-0.00545310264018006
146187	kraft	-0.005542502116254304
146187	caus	-0.00570044262175529
146187	share	-0.005707789477082159
146187	250	-0.0057078738805687226
146187	15	-0.005709407640038609
146187	signatur	-0.005711906414072707
146187	ring	-0.005732693553340994
146187	breast	-0.005898752302377091
146187	now	-0.005905354121444293
146187	hit	-0.006094970125380652
146187	ham	-0.00614336624397596
146187	buffalo	-0.006157335321660216
146187	wich	-0.006282850275320724
146187	dress	-0.0063237986246644055
146187	180	-0.006368019828243786
146187	33	-0.006437635974918113
146187	season	-0.006488394682868995
146187	290	-0.006569051973110982
146187	140	-0.006578001301423783
146187	rope	-0.006701791051069872
146187	34	-0.006890054702249751
146187	200	-0.006970175706313644
146187	refer	-0.007008077009551572
146187	cheddar	-0.007126346093454099
146187	pound	-0.007183725992291177
146187	420	-0.007224596438480143
146187	strip	-0.007299696168638337
146187	southwest	-0.0073157194799745185
146187	new	-0.0075709514647861135
146187	mozzarella	-0.007711945384921977
146187	total	-0.007936178228243912
146187	issu	-0.00794541357695762
146187	note	-0.008049387974008624
146187	prick	-0.008053091292421835
146187	300	-0.00826897765186333
146187	22	-0.008355861273611712
146187	feb	-0.008402094280703315
146187	glutam	-0.008562586810441275
146187	textur	-0.008673444986130267
146187	pounder	-0.008785283550387242
146187	chili	-0.008820728210827765
146187	330	-0.00900380734682335
146187	jerki	-0.009079875916126127
146187	crinkl	-0.009110024624924268
146187	red	-0.009112556132188483
146187	weigh	-0.009379441356618232
146187	470	-0.009486448085216558
146187	locat	-0.009833669236752551
146187	white	-0.009889834995047805
146187	dehydr	-0.009943488594180268
146187	670	-0.00998895989007537
146187	half	-0.010093972569230636
146187	depend	-0.010413762961544611
146187	jr	-0.010422417067326287
146187	sodium	-0.010590645665995662
146187	tablespoon	-0.01062960671338145
146187	huge	-0.010946223445085182
146187	part	-0.010970728907043715
146187	weight	-0.011032778404578659
146187	castl	-0.011058930368398496
146187	whataburg	-0.011420454769792756
146187	pai	-0.011678126824214303
146187	work	-0.011688348183485957
146187	select	-0.011700117141814249
146187	ol	-0.011757925712197336
146187	drink	-0.01177663423937577
146187	sauc	-0.011800638871738487
146187	pizza	-0.01194984850122165
146187	gooei	-0.01195430473363774
146187	plain	-0.012101927968099736
146187	broil	-0.012306976171773015
146187	dill	-0.012659032306224751
146187	unhealthi	-0.012792886505195973
146187	enjoi	-0.012811966766526722
146187	noob	-0.013008423087413663
146187	understand	-0.013051379056835878
146187	ranch	-0.013098828837126672
146187	ask	-0.013103787675669972
146187	umami	-0.013175203199796877
146187	plu	-0.0132257805756247
146187	29	-0.013240763934662858
146187	sound	-0.013370707930173396
146187	bought	-0.013376810848447204
146187	crispi	-0.0134156112516453
146187	53	-0.01358853626031653
146187	addit	-0.013648963226198836
146187	sonic	-0.013782570441236867
146187	miss	-0.013803708115178925
146187	server	-0.013966945257696286
146187	didn	-0.013969356470627806
146187	63	-0.014006409653487
146187	jalapeno	-0.014244072726738494
146187	size	-0.014489406001287276
146187	don	-0.014625599740323653
146187	455	-0.014690396310074546
146187	tortilla	-0.014714662717271166
146187	pepper	-0.014817131896212334
146187	maintain	-0.01494076320779726
146187	bbq	-0.014970375352078208
146187	region	-0.014995929151620874
146187	wrong	-0.015408525221247825
146187	queen	-0.015673093469670003
146187	higher	-0.015673241715432776
146187	central	-0.015756082879734346
146187	yellow	-0.015792220187299116
146187	prepar	-0.016013027558832892
146187	juici	-0.016022373896214196
146187	tabl	-0.016053931692252325
146187	320	-0.01605435821330262
146187	west	-0.016061333340248982
146187	wrapper	-0.01653558156136181
146187	salt	-0.016681052500445288
146187	fittingli	-0.016914203967832296
146187	flame	-0.017225072792291025
146187	800	-0.017590560635724686
146187	twenti	-0.017608305421652808
146187	25	-0.01782640448006067
146187	dairi	-0.0178758933672025
146187	shrivel	-0.018518003555420832
146187	seed	-0.01861324871683959
146187	crave	-0.018958598799799324
146187	told	-0.01897051591516715
146187	chang	-0.018991910259450386
146187	cheesi	-0.019306749392020674
146187	suupperduude	-0.020052771613423146
146187	fifti	-0.020129282141851765
146187	absolut	-0.020332061177721572
146187	forti	-0.020489114639358378
146187	superson	-0.020697168710111805
146187	630	-0.020942000250873824
146187	compar	-0.021121940316824295
146187	similarli	-0.021158241788142504
146187	watcher	-0.0211859574197586
146187	typic	-0.021214040637243504
146187	pasteur	-0.02137057450332931
146187	meatier	-0.02147962793953
146187	50	-0.02185254723220311
146187	wisconsin	-0.02191049549009613
146187	chop	-0.022122780353034596
146187	histori	-0.022236575134103143
146187	cheep	-0.023027252751602566
146187	add	-0.02308219885276955
146187	dice	-0.02333464945963517
146187	ey	-0.023488308394170893
146187	section	-0.023799935789128108
146187	anywai	-0.023825102077302755
146187	1160	-0.023986351348618914
146187	prep	-0.024074379854633208
146187	pinch	-0.02427322738210166
146187	390	-0.02491279858070237
146187	consum	-0.02498623812576867
146187	kid	-0.02506895928508781
146187	king	-0.025581268316915907
146187	70	-0.026140378313413856
146187	larger	-0.026551902940144916
146187	dq	-0.026907897270948954
146187	place	-0.027107527393698375
146187	sens	-0.027508853379920886
146187	sesam	-0.02771998233260224
146187	confus	-0.02872394351517451
146187	littl	-0.030181904546875
146187	pure	-0.030254656887447485
146187	tangi	-0.030439038753556198
146187	happi	-0.031051425568615437
146187	kitchen	-0.031876635891410904
146187	fell	-0.03209195481042598
146187	moment	-0.032489800180999936
146187	loos	-0.033406419845434514
146187	nearli	-0.03505942967690952
146187	thick	-0.036035657655534306
146187	cent	-0.036229909731591924
146187	obvious	-0.036938478187649997
146187	human	-0.03845049224402571
146187	mighti	-0.039260469694664867
146187	melti	-0.03929205146971708
146187	99	-0.03930250629114362
146187	thrown	-0.03980890136905545
146187	850mg	-0.0410741266975883
146187	tag	-0.041224875185343526
146187	featur	-0.04187936785019295
146187	daili	-0.042023087864677955
146187	delux	-0.042296642929662585
146187	valu	-0.04287725672435207
146187	variant	-0.04288523229408988
146187	food	-0.043266109289461764
146187	bacon	-0.043348363433652344
146187	gram	-0.044533274945912506
146187	050mg	-0.04598204704041781
146187	late	-0.046326099908271946
146187	meal	-0.046404817342915045
146187	19	-0.04692238306817275
146187	head	-0.04738723934553464
146187	wrath	-0.04739367241079049
146187	argu	-0.04823431644314209
146187	hamburg	-0.04862455827642596
146187	mayo	-0.04887854222775949
146187	consist	-0.05028302736169307
146187	extra	-0.05078674908237446
146187	lettuc	-0.051047901791997974
146187	00	-0.05203538880535206
146187	12oz	-0.05493845235425613
146187	16oz	-0.05587076839841922
146187	stupid	-0.056762892383113564
146187	greatest	-0.05681091976411003
146187	winc	-0.05718861506309226
146187	mcnugget	-0.06016474454755234
146187	shred	-0.060752273137838354
146187	chicken	-0.06081530869711356
146187	bewilder	-0.06140159383718204
146187	toast	-0.06359265847319774
146187	tomato	-0.06433450920275106
146187	point	-0.06445188914627778
146187	beefier	-0.06797266745445471
146187	review	-0.06963057211403631
146187	scratch	-0.07213652919878098
146187	bun	-0.07226401829177344
146187	sliver	-0.07521189164139756
146187	tripl	-0.08723086151020426
146187	cheesier	-0.10219628507777868
