2000511	octob	0.43308222
2000511	temperatur	0.37602
2000511	averag	0.2917031
2000511	bahama	0.25679502
2000511	low	0.185455
2000511	high	0.16985045
2000511	fall	0.15223126
2000511	daytim	0.14819303
2000511	rainfal	0.13429709
2000511	nighttim	0.13298456
2000511	humid	0.12346165
2000511	warm	0.11730554
2000511	drop	0.11605414
2000511	84	0.103433475
2000511	80	0.101860404
2000511	weather	0.10084475
2000511	221mm	0.097199395
2000511	22	0.096090585
2000511	winter	0.088145114
2000511	rang	0.0872682
2000511	april	0.087069824
2000511	78	0.08076395
2000511	30	0.07987909
2000511	night	0.079374395
2000511	degre	0.076086864
2000511	deg	0.07473639
2000511	nassau	0.07433293
2000511	autumn	0.07256244
2000511	27	0.07236657
2000511	beachwear	0.07140004
2000511	indic	0.06866845
2000511	still	0.06793866
2000511	7in	0.06740532
2000511	even	0.06324552
2000511	declin	0.062239297
2000511	74	0.060541827
2000511	slightli	0.0600594
2000511	bearabl	0.05968417
2000511	monthli	0.058787644
2000511	earli	0.05841626
2000511	season	0.058031302
2000511	bahamian	0.057471525
2000511	novemb	0.056125335
2000511	approxim	0.05548378
2000511	overnight	0.05444943
2000511	summer	0.05323996
2000511	typic	0.05205374
2000511	wonderfulli	0.04960806
2000511	march	0.049433354
2000511	sea	0.048879933
2000511	mid	0.048495952
2000511	air	0.04845207
2000511	taho	0.04839699
2000511	gloriou	0.047417264
2000511	102	0.04670431
2000511	70	0.04550043
2000511	cool	0.044821464
2000511	37	0.044588923
2000511	time	0.044352967
2000511	dai	0.0443442
2000511	loung	0.044328783
2000511	sharpli	0.044310354
2000511	condit	0.043399516
2000511	99	0.04227123
2000511	1976	0.042194534
2000511	28	0.041818026
2000511	90	0.041675627
2000511	29	0.040683344
2000511	jacket	0.040505104
2000511	warmer	0.039269127
2000511	preval	0.03922969
2000511	moder	0.038855683
2000511	98	0.038643487
2000511	harsh	0.03816707
2000511	septemb	0.037541293
2000511	span	0.037473977
2000511	pleasant	0.03741354
2000511	last	0.036515895
2000511	equival	0.0359328
2000511	58	0.035840135
2000511	crowd	0.03545006
2000511	dramat	0.035420645
2000511	9	0.035396963
2000511	sunni	0.035284657
2000511	resort	0.03479897
2000511	sub	0.034286674
2000511	afternoon	0.03417358
2000511	cooler	0.034002926
2000511	remain	0.03391512
2000511	lowest	0.033269394
2000511	exceed	0.03258115
2000511	cruis	0.032352924
2000511	closer	0.03235208
2000511	57	0.032041032
2000511	reach	0.031616066
2000511	freez	0.031554528
2000511	zero	0.031254757
2000511	39	0.030512914
2000511	month	0.03044624
2000511	consider	0.029863661
2000511	lake	0.029402155
2000511	73	0.02905901
2000511	ship	0.029025586
2000511	48	0.028966464
2000511	plu	0.028878672
2000511	sunshin	0.02877278
2000511	mild	0.028426997
2000511	peak	0.028157396
2000511	86	0.027346907
2000511	whole	0.027302383
2000511	charg	0.02694189
2000511	81	0.02693061
2000511	mm	0.026521124
2000511	77	0.026279286
2000511	consist	0.025767231
2000511	hotel	0.025740907
2000511	wet	0.025559423
2000511	offici	0.025531823
2000511	island	0.025316134
2000511	coldest	0.025302416
2000511	8	0.02503582
2000511	record	0.024736403
2000511	31	0.024645275
2000511	avoid	0.02451943
2000511	stai	0.024459852
2000511	differ	0.024085736
2000511	82	0.02406359
2000511	univers	0.023701414
2000511	continu	0.02365584
2000511	beach	0.023095872
2000511	morn	0.022952294
2000511	mark	0.022660075
2000511	26	0.022537764
2000511	85	0.022408102
2000511	enjoi	0.022223331
2000511	hottest	0.022192383
2000511	price	0.022139385
2000511	ll	0.02178535
2000511	amount	0.021185858
2000511	climat	0.020738477
2000511	creat	0.020438533
2000511	87	0.020397883
2000511	give	0.020304615
2000511	be	0.019974526
2000511	rate	0.01987601
2000511	69	0.019777834
2000511	will	0.0196911
2000511	16	0.019683342
2000511	60	0.01950012
2000511	great	0.019434117
2000511	decreas	0.019429997
2000511	featur	0.01911736
2000511	keep	0.018852588
2000511	79	0.018846156
2000511	4	0.018359164
2000511	17	0.018230654
2000511	call	0.018205306
2000511	66	0.018192235
2000511	follow	0.018167589
2000511	rare	0.018015815
2000511	visit	0.017920628
2000511	set	0.017666763
2000511	kei	0.017594606
2000511	well	0.017049665
2000511	75	0.015982427
2000511	0	0.015768196
2000511	23	0.01573581
2000511	begin	0.015677005
2000511	24	0.015268211
2000511	need	0.01478631
2000511	heat	0.014516299
2000511	like	0.01428624
2000511	start	0.014282134
2000511	refer	0.011860473
2000511	decemb	0.011755932
2000511	januari	0.01033171
2000511	daili	0.009502374
2000511	2	0.0069360416
2000511	1	0.005865041
2000511	august	0.005808149
2000511	mai	0.004360246
2000511	hot	0.0038312566
2000511	3	0.0014471642
2000511	5	0.0014285016
2000511	fell	0.00106003
2000511	exclud	0.001012971
2000511	trace	0.0009985456
2000511	quantiti	0.00094949413
2000511	observ	0.00084844953
2000511	mix	0.0007561825
2000511	type	0.0005205515
2000511	49	0.00010289346
2000511	05	-1.7991399e-05
2000511	02	-6.482474e-05
2000511	06	-9.3581715e-05
2000511	07	-0.0001011763
2000511	00	-0.00010854478
2000511	44	-0.00014223736
2000511	help	-0.000188236
2000511	game	-0.00020442232
2000511	known	-0.0002240577
2000511	who	-0.00022526218
2000511	offer	-0.00023315135
2000511	govern	-0.0002331521
2000511	power	-0.00023406387
2000511	administr	-0.00025438
2000511	art	-0.0002589658
2000511	made	-0.00026253678
2000511	process	-0.00026400515
2000511	cultur	-0.00026807367
2000511	08	-0.00026857475
2000511	polit	-0.00027147107
2000511	1950	-0.00027741338
2000511	plan	-0.00027828658
2000511	fulli	-0.00027890646
2000511	addit	-0.0002826196
2000511	reliabl	-0.00028625436
2000511	sourc	-0.0002864096
2000511	district	-0.000286978
2000511	school	-0.00029182553
2000511	club	-0.0002961047
2000511	offic	-0.0002972007
2000511	recommend	-0.0002988207
2000511	direct	-0.00029916572
2000511	alon	-0.00030070078
2000511	moment	-0.00030254503
2000511	comment	-0.00030319727
2000511	ve	-0.00030366686
2000511	model	-0.00030378508
2000511	houston	-0.00030512927
2000511	2010	-0.00030913728
2000511	appli	-0.00031171678
2000511	success	-0.00031228748
2000511	world	-0.00031402393
2000511	200	-0.00031742346
2000511	social	-0.00032061906
2000511	knowledg	-0.00032168013
2000511	basic	-0.00032204908
2000511	definit	-0.00032461816
2000511	local	-0.0003259115
2000511	rose	-0.00032614847
2000511	plata	-0.0003331118
2000511	860	-0.00033360845
2000511	submit	-0.00033384352
2000511	categori	-0.0003355452
2000511	444	-0.00033586062
2000511	studio	-0.00033602098
2000511	speed	-0.00033609866
2000511	depart	-0.00033717236
2000511	contact	-0.00033726927
2000511	300	-0.00033745792
2000511	variat	-0.00033834358
2000511	fine	-0.00033871445
2000511	2016	-0.00033935707
2000511	416	-0.000340255
2000511	word	-0.00034548386
2000511	akron	-0.00034558636
2000511	cm	-0.00034606492
2000511	flower	-0.00034663986
2000511	food	-0.0003484528
2000511	websit	-0.00034919602
2000511	liberia	-0.00035077624
2000511	municip	-0.0003537787
2000511	address	-0.00035497366
2000511	try	-0.0003549879
2000511	spend	-0.00035567617
2000511	suppli	-0.0003564443
2000511	know	-0.0003624703
2000511	research	-0.0003624869
2000511	special	-0.0003631224
2000511	1990	-0.0003693939
2000511	institut	-0.0003699397
2000511	analysi	-0.00037092966
2000511	01	-0.0003712004
2000511	us	-0.00037201456
2000511	older	-0.0003735039
2000511	730	-0.00037499395
2000511	distanc	-0.00037645738
2000511	capabl	-0.00037696544
2000511	content	-0.00037875833
2000511	1970	-0.0003794463
2000511	sprai	-0.00038019178
2000511	pot	-0.0003805711
2000511	mobil	-0.00038301345
2000511	auburn	-0.0003839303
2000511	2009	-0.00038497947
2000511	de	-0.00038576237
2000511	engag	-0.00038779946
2000511	1960	-0.00038819766
2000511	396	-0.00038913547
2000511	faster	-0.00039052285
2000511	cover	-0.00039188183
2000511	doesn	-0.00039523648
2000511	press	-0.00039783813
2000511	2004	-0.00039895682
2000511	fl	-0.00039921174
2000511	forget	-0.00039936276
2000511	popul	-0.00039983608
2000511	british	-0.00040260557
2000511	shown	-0.00040299288
2000511	zone	-0.00040857028
2000511	wikipedia	-0.00040905605
2000511	boat	-0.00041032242
2000511	point	-0.0004105991
2000511	easi	-0.00041097862
2000511	light	-0.0004113993
2000511	org	-0.00041291685
2000511	essenti	-0.00041491617
2000511	bright	-0.00041506923
2000511	detail	-0.00041594906
2000511	capit	-0.00041622826
2000511	commonwealth	-0.00041742617
2000511	cost	-0.000423715
2000511	shore	-0.00042785416
2000511	declar	-0.00042922268
2000511	dollar	-0.00043095887
2000511	major	-0.0004312831
2000511	possibl	-0.000431865
2000511	met	-0.00043263013
2000511	plane	-0.00043449795
2000511	shop	-0.00043622358
2000511	mission	-0.00043837732
2000511	depend	-0.0004391609
2000511	underground	-0.00044087795
2000511	group	-0.00044139693
2000511	grai	-0.00044351158
2000511	non	-0.00044483185
2000511	origin	-0.00044891099
2000511	trai	-0.0004495982
2000511	now	-0.00045017205
2000511	benefit	-0.00045133106
2000511	todai	-0.00045147186
2000511	clearer	-0.00046006686
2000511	28th	-0.00046298883
2000511	rule	-0.0004642445
2000511	civil	-0.00046506608
2000511	292	-0.00046616
2000511	proport	-0.00046779646
2000511	charter	-0.00047020617
2000511	gp	-0.0004709662
2000511	foliag	-0.0004710992
2000511	christma	-0.0004720677
2000511	footbal	-0.0004760238
2000511	sponsor	-0.000477959
2000511	watch	-0.00047906965
2000511	comparison	-0.0004814764
2000511	histori	-0.00048762682
2000511	santa	-0.00048798072
2000511	brows	-0.0004895625
2000511	59	-0.0004897796
2000511	tail	-0.00049048045
2000511	fashion	-0.0004951013
2000511	style	-0.000501214
2000511	fit	-0.00050216744
2000511	anniversari	-0.00050352194
2000511	chang	-0.0005037498
2000511	mist	-0.00050534116
2000511	10th	-0.00050657644
2000511	wash	-0.00050707837
2000511	short	-0.0005072456
2000511	currenc	-0.00050742173
2000511	latitud	-0.00051014614
2000511	visa	-0.0005136545
2000511	255	-0.00051399536
2000511	least	-0.0005163143
2000511	safeti	-0.0005166664
2000511	awai	-0.0005177062
2000511	advanc	-0.00051868317
2000511	airwai	-0.0005195781
2000511	reconstruct	-0.0005250061
2000511	parti	-0.00052532123
2000511	36	-0.00052694883
2000511	fafsa	-0.0005288686
2000511	open	-0.0005308545
2000511	demographi	-0.0005346591
2000511	altern	-0.00053622597
2000511	swim	-0.00053629477
2000511	netherland	-0.0005368246
2000511	limit	-0.00053767016
2000511	percentil	-0.00053795875
2000511	seek	-0.00053891045
2000511	25th	-0.000541005
2000511	evan	-0.0005417441
2000511	660	-0.0005435728
2000511	dog	-0.00054395245
2000511	print	-0.00054623646
2000511	1860	-0.00054949353
2000511	ecoregion	-0.0005504383
2000511	1974	-0.0005511609
2000511	marin	-0.0005511771
2000511	tip	-0.0005513306
2000511	temper	-0.0005520147
2000511	hvac	-0.0005532161
2000511	royal	-0.0005538282
2000511	longitud	-0.000558122
2000511	pari	-0.0005589146
2000511	predominantli	-0.00055949757
2000511	108	-0.0005601706
2000511	canada	-0.00056568056
2000511	164	-0.00056858937
2000511	caus	-0.0005700151
2000511	mile	-0.00057085656
2000511	push	-0.0005725406
2000511	fill	-0.00057310757
2000511	107	-0.00057312474
2000511	came	-0.0005743383
2000511	develop	-0.0005746507
2000511	thick	-0.00058521883
2000511	545	-0.000586685
2000511	bird	-0.00058749656
2000511	guarante	-0.0005884861
2000511	ni	-0.00058932556
2000511	experienc	-0.0005914151
2000511	tel	-0.0005929825
2000511	549	-0.00059485424
2000511	cape	-0.00059591536
2000511	75th	-0.0005969628
2000511	brazil	-0.00059849647
2000511	savannah	-0.0005990989
2000511	pattern	-0.0006012557
2000511	retain	-0.00060144416
2000511	lat	-0.00060513837
2000511	90th	-0.0006068075
2000511	american	-0.00060723914
2000511	top	-0.00060798484
2000511	move	-0.0006121991
2000511	mask	-0.0006152036
2000511	accur	-0.0006165138
2000511	fast	-0.0006170247
2000511	incred	-0.00061771343
2000511	theodor	-0.0006183701
2000511	sandal	-0.00061843556
2000511	samantha	-0.00062078383
2000511	hundr	-0.00062102336
2000511	common	-0.000623328
2000511	2005	-0.0006301977
2000511	hill	-0.0006322025
2000511	497	-0.00063797337
2000511	web	-0.0006413373
2000511	excit	-0.0006419101
2000511	meteorolog	-0.0006428158
2000511	articl	-0.0006436766
2000511	upper	-0.0006445597
2000511	princess	-0.00064880686
2000511	inappropri	-0.00064896856
2000511	con	-0.00065223477
2000511	empti	-0.0006531788
2000511	overlai	-0.0006549036
2000511	trendi	-0.00065609644
2000511	southern	-0.0006565385
2000511	cloth	-0.00065726973
2000511	pro	-0.0006584878
2000511	live	-0.0006591664
2000511	seat	-0.0006599147
2000511	accompani	-0.0006636676
2000511	mountain	-0.0006650326
2000511	expens	-0.00066589273
2000511	1940	-0.0006677674
2000511	taiwan	-0.0006684257
2000511	hike	-0.0006707779
2000511	maker	-0.0006716549
2000511	242	-0.0006731567
2000511	coat	-0.0006735912
2000511	rapid	-0.0006771467
2000511	rental	-0.0006773328
2000511	twilight	-0.00067816
2000511	6mm	-0.00067912455
2000511	625	-0.0006804838
2000511	land	-0.00068163086
2000511	memori	-0.00068201934
2000511	abl	-0.0006838452
2000511	date	-0.0006846078
2000511	1780	-0.0006861076
2000511	523	-0.0006881672
2000511	packag	-0.00068999745
2000511	index	-0.000690168
2000511	aviv	-0.00069083006
2000511	tend	-0.000694013
2000511	compar	-0.0006945548
2000511	valu	-0.00069713645
2000511	median	-0.0006983242
2000511	38	-0.00069937477
2000511	industri	-0.00070396246
2000511	look	-0.00070562464
2000511	1mm	-0.00070593774
2000511	nearbi	-0.0007064556
2000511	vrbo	-0.0007067821
2000511	suddenli	-0.00070724066
2000511	select	-0.0007113405
2000511	announc	-0.00071309187
2000511	overview	-0.0007136726
2000511	strongest	-0.0007137979
2000511	migrat	-0.00071416824
2000511	notic	-0.00071528717
2000511	entri	-0.00071607355
2000511	consular	-0.0007188388
2000511	divis	-0.00072210026
2000511	introduc	-0.000722189
2000511	wai	-0.00072245306
2000511	eastern	-0.00072291266
2000511	bai	-0.0007229896
2000511	andrew	-0.00072766346
2000511	weekli	-0.0007282489
2000511	1942	-0.00073181465
2000511	cru	-0.00073259004
2000511	california	-0.0007333012
2000511	hair	-0.0007337171
2000511	reflect	-0.00073400594
2000511	dress	-0.00073840277
2000511	burst	-0.00074107485
2000511	anglia	-0.00074513553
2000511	financi	-0.0007503866
2000511	consid	-0.00075088243
2000511	bodi	-0.0007520904
2000511	spike	-0.00075267267
2000511	snorkel	-0.0007540301
2000511	impli	-0.00075534836
2000511	especi	-0.0007563254
2000511	progress	-0.00075677934
2000511	find	-0.0007576967
2000511	907	-0.0007606498
2000511	statement	-0.00076369784
2000511	true	-0.00076439633
2000511	fish	-0.0007647063
2000511	itinerari	-0.0007670925
2000511	paradis	-0.00076737656
2000511	advis	-0.000769117
2000511	532	-0.000770119
2000511	34	-0.0007714345
2000511	tour	-0.0007725061
2000511	east	-0.0007777903
2000511	1598	-0.0007812822
2000511	2022	-0.000784402
2000511	page	-0.00078458845
2000511	butterfli	-0.0007865763
2000511	53	-0.0007893099
2000511	airlin	-0.0007908939
2000511	metric	-0.00079195324
2000511	want	-0.00079664175
2000511	routin	-0.0007986465
2000511	affect	-0.0007996325
2000511	1980	-0.0008048142
2000511	person	-0.00080517895
2000511	969	-0.00081511645
2000511	gui	-0.000815981
2000511	maniac	-0.0008161255
2000511	mainli	-0.0008176203
2000511	leisur	-0.0008215208
2000511	bloom	-0.0008251048
2000511	constantli	-0.0008266525
2000511	91	-0.0008287475
2000511	except	-0.0008292584
2000511	visitor	-0.00083151413
2000511	0in	-0.00083485193
2000511	hat	-0.00083574426
2000511	976	-0.000837623
2000511	pinta	-0.0008384704
2000511	protocol	-0.00084030326
2000511	tempera	-0.0008416303
2000511	length	-0.00084317493
2000511	avg	-0.0008454575
2000511	inexpens	-0.00084702123
2000511	worri	-0.00084956747
2000511	cay	-0.00085031276
2000511	intens	-0.00085062964
2000511	republ	-0.00085087586
2000511	imperi	-0.00085148565
2000511	ambergri	-0.0008532584
2000511	slide	-0.0008554714
2000511	illustr	-0.000855975
2000511	go	-0.0008564099
2000511	allow	-0.0008564295
2000511	refug	-0.00085688225
2000511	fridai	-0.00085840106
2000511	monarch	-0.00085846096
2000511	trade	-0.0008614624
2000511	roughli	-0.00086370733
2000511	assur	-0.00086490205
2000511	view	-0.0008669866
2000511	orlando	-0.0008680129
2000511	converg	-0.00086987775
2000511	travelzoo	-0.00087021664
2000511	wetsuit	-0.00087076245
2000511	slight	-0.00087084575
2000511	scorch	-0.00087098236
2000511	stroll	-0.0008716393
2000511	similarli	-0.00087324064
2000511	moistur	-0.00087529916
2000511	angler	-0.0008770522
2000511	93	-0.0008786409
2000511	shut	-0.0008802801
2000511	92	-0.0008804529
2000511	significantli	-0.00088304793
2000511	bry	-0.000884473
2000511	ow	-0.00088543346
2000511	weekend	-0.00088562566
2000511	skyrocket	-0.0008866795
2000511	2014	-0.0008895604
2000511	calm	-0.00089046644
2000511	canaver	-0.0008912254
2000511	uv	-0.0008915802
2000511	thunderstorm	-0.0008920587
2000511	quickli	-0.00089459936
2000511	hurrah	-0.0008963137
2000511	43	-0.00089654943
2000511	note	-0.0008970444
2000511	includ	-0.0008974539
2000511	16c	-0.0009001377
2000511	bewar	-0.00090596755
2000511	read	-0.0009081075
2000511	discoveri	-0.0009094047
2000511	tournament	-0.0009103781
2000511	sport	-0.0009111398
2000511	liquid	-0.00091139995
2000511	economi	-0.00091340736
2000511	previou	-0.0009148287
2000511	provid	-0.00091589626
2000511	lucia	-0.0009173615
2000511	warn	-0.00091788685
2000511	slow	-0.00092069217
2000511	romant	-0.000921045
2000511	brood	-0.0009233253
2000511	pleasantli	-0.00092373544
2000511	disnei	-0.00092387566
2000511	occur	-0.00092735403
2000511	far	-0.0009314196
2000511	simmer	-0.0009316011
2000511	foreign	-0.0009319204
2000511	47	-0.0009349764
2000511	expat	-0.00093978416
2000511	peopl	-0.0009431661
2000511	jan	-0.0009525098
2000511	stabl	-0.00095740444
2000511	11am	-0.00096644514
2000511	spectacl	-0.00096655247
2000511	pool	-0.0009681647
2000511	mauritiu	-0.0009692451
2000511	form	-0.0009714721
2000511	privat	-0.0009717628
2000511	sure	-0.0009718826
2000511	3pm	-0.0009742324
2000511	canari	-0.00097451935
2000511	mixtur	-0.0009753804
2000511	apr	-0.0009766647
2000511	ski	-0.0009785923
2000511	name	-0.0009800242
2000511	citizen	-0.0009801146
2000511	26c	-0.0009801439
2000511	share	-0.000983167
2000511	myrtl	-0.0009855422
2000511	feb	-0.0009862231
2000511	adjac	-0.000986801
2000511	35	-0.0009869946
2000511	blacken	-0.0009927576
2000511	take	-0.0009951544
2000511	09	-0.0009957051
2000511	contrast	-0.0009957578
2000511	dec	-0.0009961815
2000511	quieter	-0.0009993236
2000511	driven	-0.0009994615
2000511	crisp	-0.0010006852
2000511	northern	-0.0010017317
2000511	aug	-0.0010017789
2000511	hilton	-0.0010053245
2000511	dark	-0.0010057107
2000511	gran	-0.0010061119
2000511	uncommon	-0.0010098041
2000511	sweater	-0.0010130516
2000511	seen	-0.0010143085
2000511	littl	-0.0010149204
2000511	rush	-0.0010162652
2000511	relief	-0.0010169474
2000511	busi	-0.0010218723
2000511	check	-0.0010297268
2000511	brief	-0.0010305445
2000511	196	-0.0010348349
2000511	changeabl	-0.0010399345
2000511	next	-0.0010401136
2000511	favor	-0.001042978
2000511	turk	-0.0010460432
2000511	jun	-0.001048388
2000511	distinguish	-0.0010493534
2000511	long	-0.0010503952
2000511	coordin	-0.0010537304
2000511	hustl	-0.0010559917
2000511	mildli	-0.0010577998
2000511	period	-0.0010611721
2000511	madrid	-0.0010657923
2000511	viewabl	-0.0010663862
2000511	charleston	-0.0010664056
2000511	code	-0.0010676644
2000511	jul	-0.0010693158
2000511	risen	-0.0010710519
2000511	jetti	-0.0010721554
2000511	reduc	-0.0010740884
2000511	pass	-0.0010763806
2000511	infrequ	-0.00107813
2000511	rel	-0.0010782961
2000511	signific	-0.0010808497
2000511	prepar	-0.0010822027
2000511	due	-0.0010829705
2000511	site	-0.0010917626
2000511	factor	-0.0010943915
2000511	carniv	-0.0010960744
2000511	abat	-0.0011010738
2000511	shade	-0.0011018352
2000511	cap	-0.0011042061
2000511	dominican	-0.0011061855
2000511	exact	-0.0011115599
2000511	clearest	-0.0011131265
2000511	arround	-0.0011132268
2000511	john	-0.0011204235
2000511	wish	-0.0011236311
2000511	saturdai	-0.0011258037
2000511	accord	-0.0011267146
2000511	frequent	-0.0011267992
2000511	smallest	-0.0011344887
2000511	hotter	-0.0011353451
2000511	abaconian	-0.0011417384
2000511	approx	-0.001145863
2000511	wahoo	-0.001148536
2000511	unlik	-0.0011491559
2000511	tuesdai	-0.0011511999
2000511	repres	-0.0011530854
2000511	snowi	-0.0011535797
2000511	save	-0.0011576829
2000511	dive	-0.0011613248
2000511	categor	-0.0011630276
2000511	surfsid	-0.0011635317
2000511	occasion	-0.001168842
2000511	servic	-0.0011719867
2000511	puerto	-0.0011731128
2000511	drier	-0.0011750488
2000511	bimini	-0.0011750835
2000511	sunris	-0.0011772194
2000511	caico	-0.0011781593
2000511	perceiv	-0.0011833238
2000511	140	-0.0011843279
2000511	liz	-0.0011865711
2000511	transform	-0.0011866933
2000511	rest	-0.0011879641
2000511	memphi	-0.001193361
2000511	oahu	-0.001193663
2000511	accumul	-0.0011960674
2000511	break	-0.0012041325
2000511	fortnight	-0.0012049847
2000511	ideal	-0.0012062921
2000511	deal	-0.0012072704
2000511	western	-0.001225313
2000511	northerli	-0.0012358131
2000511	fieri	-0.0012397509
2000511	central	-0.0012407381
2000511	orlean	-0.0012413447
2000511	osborn	-0.0012422081
2000511	don	-0.001246148
2000511	mind	-0.0012462898
2000511	canaria	-0.0012468363
2000511	hold	-0.0012490578
2000511	cloud	-0.0012496256
2000511	hengchun	-0.0012517985
2000511	credit	-0.0012534587
2000511	frommer	-0.001254094
2000511	excel	-0.0012542147
2000511	wide	-0.0012560117
2000511	elev	-0.0012590081
2000511	vallarta	-0.001272858
2000511	post	-0.001280315
2000511	2018	-0.001292162
2000511	past	-0.0012947395
2000511	room	-0.0012948402
2000511	cubat	-0.0012962645
2000511	perfect	-0.0012972433
2000511	south	-0.0012972695
2000511	characteris	-0.0012978866
2000511	apiec	-0.0013008511
2000511	collect	-0.0013026895
2000511	colder	-0.0013034667
2000511	chilliest	-0.0013042733
2000511	australia	-0.0013063096
2000511	rainier	-0.0013088156
2000511	final	-0.0013176532
2000511	area	-0.0013290397
2000511	inconveni	-0.0013309373
2000511	sydnei	-0.0013337642
2000511	sep	-0.0013450828
2000511	stark	-0.0013469595
2000511	heart	-0.0013669456
2000511	portug	-0.0013697188
2000511	mar	-0.0013803546
2000511	middl	-0.0013831047
2000511	uncrowd	-0.0013840486
2000511	1492	-0.0013861378
2000511	boast	-0.0013875093
2000511	chilli	-0.0014012682
2000511	mfabahama	-0.0014018222
2000511	score	-0.00140899
2000511	first	-0.0014099916
2000511	big	-0.0014104515
2000511	unheard	-0.001417465
2000511	sundai	-0.0014218559
2000511	airfar	-0.0014237071
2000511	constant	-0.0014250558
2000511	wildlif	-0.001425759
2000511	molera	-0.0014265087
2000511	albania	-0.0014451096
2000511	coatu	-0.0014536469
2000511	com	-0.0014555813
2000511	across	-0.0014783742
2000511	similar	-0.0014783827
2000511	sunset	-0.0014892287
2000511	canyon	-0.0014918515
2000511	oklahoma	-0.0014950181
2000511	12c	-0.0014961832
2000511	receiv	-0.001498274
2000511	arrang	-0.0014990116
2000511	liveabl	-0.0015069334
2000511	port	-0.0015185678
2000511	www	-0.0015205824
2000511	220mm	-0.0015236781
2000511	park	-0.0015299319
2000511	billfish	-0.001533126
2000511	head	-0.0015366498
2000511	williamsburg	-0.0015385346
2000511	25c	-0.0015473963
2000511	21c	-0.0015475354
2000511	pretti	-0.0015479965
2000511	cayman	-0.0015484265
2000511	rome	-0.001548975
2000511	number	-0.001550441
2000511	fawk	-0.0015569917
2000511	50mm	-0.0015580695
2000511	isn	-0.001559663
2000511	greec	-0.0015668991
2000511	bad	-0.0015707312
2000511	just	-0.0015709122
2000511	belt	-0.0015759678
2000511	precep	-0.0015821232
2000511	cabo	-0.0015836224
2000511	larg	-0.0015868217
2000511	place	-0.0015869898
2000511	deep	-0.0015870641
2000511	niagara	-0.0015882074
2000511	mykono	-0.0015928077
2000511	columbu	-0.0015934121
2000511	70f	-0.0015943984
2000511	86f	-0.0015952722
2000511	coskata	-0.001596993
2000511	station	-0.0015974272
2000511	dip	-0.0016051638
2000511	fan	-0.0016106276
2000511	80f	-0.0016107289
2000511	onshor	-0.0016155208
2000511	coolest	-0.001619852
2000511	04	-0.001626369
2000511	ago	-0.0016294672
2000511	gibraltar	-0.0016312756
2000511	departur	-0.0016333546
2000511	texa	-0.0016355506
2000511	52	-0.0016627926
2000511	2019	-0.0016717563
2000511	58mm	-0.0016727168
2000511	data	-0.0016775677
2000511	30c	-0.0016878406
2000511	climb	-0.0016929673
2000511	antonio	-0.001698264
2000511	make	-0.0017061805
2000511	nashvil	-0.0017106471
2000511	snow	-0.001711619
2000511	22c	-0.0017132062
2000511	2in	-0.0017133149
2000511	76f	-0.0017134047
2000511	stat	-0.0017203321
2000511	coastal	-0.0017215923
2000511	floridian	-0.0017238598
2000511	flight	-0.0017280398
2000511	81f	-0.001731456
2000511	77f	-0.0017392373
2000511	worst	-0.0017400001
2000511	georg	-0.0017406868
2000511	respect	-0.0017457256
2000511	discomfort	-0.0017524281
2000511	currentresult	-0.0017556231
2000511	invit	-0.001759456
2000511	girvan	-0.001762925
2000511	thermomet	-0.0017637552
2000511	iceland	-0.00178692
2000511	term	-0.0017924944
2000511	juan	-0.0017950957
2000511	section	-0.0017956087
2000511	surfac	-0.0017960109
2000511	taipei	-0.0018194054
2000511	advertis	-0.0018205728
2000511	67	-0.0018213687
2000511	outdoor	-0.0018279579
2000511	celebr	-0.0018323312
2000511	extrem	-0.0018341739
2000511	33	-0.0018353405
2000511	gener	-0.001838026
2000511	daylight	-0.0018386394
2000511	51	-0.0018550144
2000511	110	-0.0018709889
2000511	measur	-0.0018751138
2000511	2000	-0.0018932971
2000511	colombia	-0.0018944212
2000511	tabl	-0.0018949808
2000511	total	-0.0019007162
2000511	destin	-0.001901376
2000511	case	-0.0019101856
2000511	book	-0.001910619
2000511	2020	-0.0019234547
2000511	primarili	-0.0019300418
2000511	home	-0.0019335413
2000511	agonda	-0.0019348123
2000511	occurr	-0.0019597744
2000511	town	-0.0019602454
2000511	rainless	-0.001961342
2000511	bit	-0.0019647924
2000511	stormier	-0.0019678688
2000511	gradual	-0.00196985
2000511	guid	-0.0019772165
2000511	boston	-0.0019990255
2000511	norm	-0.0020002106
2000511	bring	-0.002015103
2000511	probabl	-0.002016371
2000511	nation	-0.0020242403
2000511	hawaii	-0.0020244906
2000511	ministri	-0.0020309042
2000511	1971	-0.0020330946
2000511	chillier	-0.002037046
2000511	north	-0.0020712249
2000511	wind	-0.0020728097
2000511	likelihood	-0.0020805714
2000511	usa	-0.0020956332
2000511	sky	-0.0020980395
2000511	unit	-0.0021040388
2000511	03	-0.0021121104
2000511	approach	-0.0021136536
2000511	2021	-0.00212539
2000511	bridgetown	-0.0021254183
2000511	event	-0.0021310598
2000511	41	-0.0021400193
2000511	region	-0.0021464387
2000511	punta	-0.0021606565
2000511	62	-0.002164185
2000511	longboat	-0.0021695963
2000511	shower	-0.0021724245
2000511	west	-0.0021802657
2000511	athen	-0.0021839708
2000511	honolulu	-0.0022017353
2000511	hawaiian	-0.0022144488
2000511	rainfre	-0.0022161736
2000511	nearli	-0.0022170949
2000511	holidai	-0.0022186856
2000511	golfer	-0.0022236444
2000511	normal	-0.002225006
2000511	escap	-0.002228109
2000511	gniadik	-0.0022421274
2000511	cana	-0.002245554
2000511	see	-0.0022456807
2000511	46	-0.002249302
2000511	mean	-0.002251532
2000511	here	-0.0022536856
2000511	report	-0.0022640417
2000511	84f	-0.002291571
2000511	black	-0.0022919306
2000511	grenada	-0.0022933716
2000511	kabul	-0.0023104341
2000511	vacat	-0.0023116895
2000511	54	-0.002337855
2000511	3in	-0.0023532035
2000511	millimetr	-0.002354525
2000511	vicin	-0.002357434
2000511	swimmer	-0.0023635016
2000511	balmi	-0.0023658376
2000511	attract	-0.0023690131
2000511	new	-0.0023691799
2000511	bahamasbillfish	-0.0023698788
2000511	cloudier	-0.002383372
2000511	mondai	-0.0023833772
2000511	feel	-0.0023841886
2000511	79f	-0.002393552
2000511	colorado	-0.0024102589
2000511	partli	-0.002420791
2000511	spent	-0.0024370805
2000511	onli	-0.0024486089
2000511	atlant	-0.0024537742
2000511	cartagena	-0.0024760354
2000511	trip	-0.0024855519
2000511	fuerteventura	-0.0024948977
2000511	run	-0.0025204453
2000511	week	-0.0025270975
2000511	234mm	-0.0025318654
2000511	san	-0.002542417
2000511	come	-0.002553427
2000511	later	-0.0025587077
2000511	current	-0.0026071384
2000511	40	-0.0026138662
2000511	st	-0.0026245925
2000511	oranjestad	-0.002649869
2000511	line	-0.002666157
2000511	201mm	-0.0026664876
2000511	latest	-0.0026785552
2000511	updat	-0.0026974785
2000511	excurs	-0.0027009998
2000511	27c	-0.0027065058
2000511	miami	-0.0027087242
2000511	histor	-0.0027335114
2000511	cloudiest	-0.0027350117
2000511	max	-0.0027605668
2000511	activ	-0.00279816
2000511	vari	-0.0028020549
2000511	000	-0.0028140396
2000511	temp	-0.0028485209
2000511	given	-0.0028707203
2000511	advic	-0.0028734603
2000511	popular	-0.0028744005
2000511	rapidli	-0.0028801267
2000511	min	-0.002885109
2000511	monsoon	-0.0028907033
2000511	nov	-0.0028955867
2000511	moon	-0.0029052664
2000511	covid	-0.002923779
2000511	oct	-0.0029250614
2000511	locat	-0.0029353858
2000511	percentag	-0.0029364664
2000511	48mm	-0.0029534532
2000511	half	-0.0029544078
2000511	grow	-0.0029567173
2000511	12	-0.0029772618
2000511	42	-0.0029978985
2000511	overcast	-0.0030358082
2000511	part	-0.0030569031
2000511	18	-0.0030642734
2000511	band	-0.0030877455
2000511	lisbon	-0.003091689
2000511	hover	-0.0031319454
2000511	list	-0.0031581554
2000511	182mm	-0.0032226038
2000511	dry	-0.0032325403
2000511	95	-0.0032588441
2000511	vaccin	-0.0032659885
2000511	tourism	-0.003273589
2000511	florida	-0.0032887016
2000511	castawai	-0.0033110438
2000511	45	-0.0033117034
2000511	18c	-0.003335677
2000511	caribbean	-0.003413162
2000511	coronaviru	-0.003424682
2000511	ocean	-0.0034762907
2000511	cloudi	-0.0034769198
2000511	base	-0.0034888687
2000511	higher	-0.0035323354
2000511	cococai	-0.0035920509
2000511	highest	-0.0035935582
2000511	am	-0.003603753
2000511	state	-0.003620994
2000511	second	-0.0036314763
2000511	longest	-0.0036409018
2000511	level	-0.0036573028
2000511	pm	-0.003736332
2000511	storm	-0.0037384047
2000511	arriv	-0.0037956252
2000511	sanibel	-0.003838835
2000511	minut	-0.0038578617
2000511	90f	-0.003899617
2000511	lower	-0.00391274
2000511	near	-0.00394312
2000511	archipelago	-0.003949294
2000511	frigid	-0.0039675776
2000511	14	-0.003981664
2000511	89	-0.0040020617
2000511	aruba	-0.0040168264
2000511	exce	-0.004021439
2000511	jamaica	-0.0040246095
2000511	fairli	-0.0040284977
2000511	countri	-0.004053858
2000511	55	-0.0040548826
2000511	spring	-0.0041347328
2000511	63	-0.0041581946
2000511	13	-0.0041653486
2000511	56	-0.0042325407
2000511	minimum	-0.004232997
2000511	breez	-0.004268513
2000511	barbado	-0.0042727827
2000511	grand	-0.0042740107
2000511	shortest	-0.0042808563
2000511	swelter	-0.0043456587
2000511	cours	-0.00435082
2000511	100	-0.004403691
2000511	64	-0.0044312063
2000511	87f	-0.004458918
2000511	15	-0.0044926153
2000511	71	-0.0044973246
2000511	experi	-0.0045786137
2000511	annual	-0.004650925
2000511	cancun	-0.0046921284
2000511	chanc	-0.0047121285
2000511	9in	-0.00474074
2000511	61	-0.00486164
2000511	clear	-0.004881647
2000511	down	-0.004962242
2000511	68	-0.0049724067
2000511	late	-0.0050144754
2000511	cai	-0.0050266255
2000511	increas	-0.0050606783
2000511	sun	-0.0051115113
2000511	50	-0.005113706
2000511	can	-0.0051432895
2000511	10	-0.005145296
2000511	travel	-0.0051844916
2000511	bermuda	-0.0051934235
2000511	expect	-0.00519544
2000511	best	-0.005319313
2000511	comfort	-0.0053243926
2000511	statist	-0.005384547
2000511	warmest	-0.0054247244
2000511	round	-0.005454174
2000511	cold	-0.0055417875
2000511	citi	-0.005615308
2000511	11	-0.005740612
2000511	raini	-0.00576848
2000511	74f	-0.0061467653
2000511	rise	-0.0064076832
2000511	6	-0.0064481823
2000511	83	-0.0065998244
2000511	wettest	-0.0068103317
2000511	driest	-0.0068943
2000511	65	-0.0069375183
2000511	tropic	-0.00729253
2000511	25	-0.0073123905
2000511	beliz	-0.0075290026
2000511	20	-0.007530045
2000511	water	-0.0077672945
2000511	precipit	-0.007995102
2000511	freeport	-0.008315697
2000511	88	-0.008612896
2000511	februari	-0.008687217
2000511	maximum	-0.008908043
2000511	19	-0.009433163
2000511	76	-0.009640598
2000511	end	-0.009760199
2000511	fahrenheit	-0.010172734
2000511	celsiu	-0.010459663
2000511	7	-0.010799254
2000511	72	-0.010806071
2000511	32	-0.011439556
2000511	21	-0.012243834
2000511	inch	-0.01226427
2000511	juli	-0.013036622
2000511	june	-0.015808214
2000511	rain	-0.01837484
2000511	hurrican	-0.018469702
2000511	year	-0.020687055
2000511	show	-0.024544872
2000511	color	-0.02852837
2000511	center	-0.028573347
2000511	figur	-0.033117007
2000511	quarter	-0.04172894
2000511	vertic	-0.04229105
2000511	compact	-0.043299954
2000511	character	-0.044097353
2000511	horizont	-0.044412997
2000511	hour	-0.0491428
2000511	hourli	-0.052989956
2000511	axi	-0.06311273
