2005861	eastasia	0.6792253
2005861	eurasia	0.4733201
2005861	oceania	0.4280673
2005861	war	0.16914716
2005861	winston	0.100594565
2005861	superst	0.090765804
2005861	orwel	0.08095044
2005861	totalitarian	0.07235236
2005861	alli	0.072055444
2005861	allianc	0.061309442
2005861	enemi	0.053706944
2005861	perpetu	0.051633786
2005861	parti	0.049762413
2005861	hate	0.049047865
2005861	1984	0.04573747
2005861	state	0.044722583
2005861	world	0.043714035
2005861	novel	0.036764108
2005861	divid	0.03501123
2005861	constantli	0.034832958
2005861	truth	0.03398399
2005861	ingsoc	0.032968964
2005861	london	0.030902375
2005861	propagandist	0.029012285
2005861	suddenli	0.028582241
2005861	week	0.02834441
2005861	enot	0.026715212
2005861	bolshev	0.025020782
2005861	super	0.024481632
2005861	chang	0.023649156
2005861	ideolog	0.023599781
2005861	oceani	0.023233477
2005861	airstrip	0.022788871
2005861	protagonist	0.021207301
2005861	polit	0.020374186
2005861	actual	0.02035006
2005861	provinc	0.019914811
2005861	obliter	0.0187518
2005861	battl	0.018284203
2005861	continu	0.018047282
2005861	onli	0.017814312
2005861	knew	0.017617352
2005861	speaker	0.017610345
2005861	goldstein	0.017528787
2005861	quizro	0.017288193
2005861	who	0.017097088
2005861	english	0.016759656
2005861	neo	0.016691003
2005861	editori	0.016687607
2005861	russia	0.016406367
2005861	rimrod	0.016303666
2005861	switch	0.016273635
2005861	nation	0.016229799
2005861	superpow	0.016137376
2005861	record	0.016110467
2005861	smith	0.01578267
2005861	ministri	0.0156226475
2005861	year	0.015611424
2005861	wigan	0.015556837
2005861	hatr	0.014842296
2005861	happen	0.014764028
2005861	europ	0.014507953
2005861	unsourc	0.014422567
2005861	similar	0.014406589
2005861	begin	0.014355456
2005861	mansion	0.0142939985
2005861	fight	0.014198601
2005861	occur	0.014168102
2005861	book	0.014164693
2005861	landmark	0.0138327
2005861	appar	0.013511603
2005861	ash	0.013289089
2005861	absurdum	0.013140549
2005861	memori	0.013097837
2005861	govern	0.012826027
2005861	middl	0.012482504
2005861	sai	0.01236564
2005861	ongo	0.012307719
2005861	bomb	0.01216831
2005861	victori	0.012164008
2005861	true	0.0120922495
2005861	leader	0.011786784
2005861	nineteen	0.011774664
2005861	sudden	0.011629582
2005861	name	0.011628366
2005861	rule	0.011445206
2005861	furtiv	0.011430578
2005861	ii	0.01142951
2005861	social	0.011421107
2005861	vision	0.0113776885
2005861	luxuri	0.011333843
2005861	citat	0.011318777
2005861	depict	0.011114389
2005861	eighti	0.011097909
2005861	previous	0.011083037
2005861	mindlessli	0.011066714
2005861	1465	0.011046054
2005861	revil	0.011042396
2005861	rememb	0.010866983
2005861	citizen	0.010828961
2005861	isl	0.01069459
2005861	pacif	0.010563857
2005861	written	0.010559068
2005861	unaccount	0.0105517795
2005861	strike	0.0105479155
2005861	abet	0.010512604
2005861	pier	0.0104141785
2005861	know	0.010318648
2005861	blare	0.010253289
2005861	be	0.010242974
2005861	dilapid	0.01019291
2005861	consid	0.0101816645
2005861	2	0.010137063
2005861	satisfactorili	0.010051094
2005861	februari	0.010026659
2005861	past	0.00998069
2005861	self	0.0098580625
2005861	live	0.009849576
2005861	desensitis	0.009730376
2005861	summari	0.009704043
2005861	fervour	0.009671054
2005861	challeng	0.0096519925
2005861	traitor	0.009610518
2005861	earlier	0.009535795
2005861	real	0.009507337
2005861	dictatorship	0.0094911605
2005861	sixth	0.0094406735
2005861	trampl	0.009439132
2005861	fascism	0.009409647
2005861	patriot	0.009352142
2005861	oceanian	0.00930609
2005861	proletariat	0.009271422
2005861	claim	0.009239538
2005861	hoard	0.00915159
2005861	huge	0.009134447
2005861	hasn	0.009112913
2005861	wartim	0.009078616
2005861	denounc	0.008995572
2005861	brotherhood	0.00898776
2005861	enthusiasm	0.008893543
2005861	exampl	0.008853372
2005861	unthink	0.008791001
2005861	churchil	0.008749749
2005861	turmoil	0.008742503
2005861	presumpt	0.008736885
2005861	nuclear	0.008725635
2005861	global	0.008704795
2005861	stratifi	0.008700067
2005861	doublethink	0.00868817
2005861	consist	0.00860902
2005861	kind	0.0085977325
2005861	citi	0.008548938
2005861	write	0.0085470695
2005861	populac	0.008525269
2005861	materi	0.008465884
2005861	rest	0.008464891
2005861	explain	0.008464789
2005861	vilifi	0.008450054
2005861	declar	0.00844397
2005861	stalin	0.008432721
2005861	philosoph	0.008426341
2005861	buddhist	0.008368695
2005861	black	0.00836256
2005861	expo	0.00831514
2005861	white	0.00820982
2005861	prole	0.008205944
2005861	exist	0.008184428
2005861	tue	0.008116079
2005861	barcelona	0.008105015
2005861	newspeak	0.008039818
2005861	brainwash	0.007964664
2005861	delirium	0.007941319
2005861	parad	0.007924829
2005861	midwai	0.007917788
2005861	sovereign	0.007896853
2005861	orat	0.007882695
2005861	crumbl	0.007863061
2005861	ralli	0.00784846
2005861	sign	0.007827126
2005861	roosevelt	0.007822668
2005861	faction	0.0078078643
2005861	annex	0.0077508776
2005861	make	0.0077444245
2005861	member	0.0077191056
2005861	focu	0.007684009
2005861	happili	0.007681932
2005861	1948	0.0076204967
2005861	honour	0.0075691375
2005861	embarrass	0.0074883387
2005861	rutherford	0.00748697
2005861	1943	0.007463914
2005861	profession	0.007398206
2005861	control	0.007380162
2005861	idea	0.007369656
2005861	geopolit	0.007340959
2005861	specif	0.007302774
2005861	versa	0.007291807
2005861	current	0.007285712
2005861	realm	0.007285456
2005861	drew	0.0072847228
2005861	assert	0.0072646555
2005861	public	0.0072483034
2005861	decre	0.0071505127
2005861	moment	0.0071372753
2005861	titl	0.007125378
2005861	worship	0.0071101314
2005861	banner	0.0071043633
2005861	allegi	0.0070458697
2005861	oppon	0.006941134
2005861	remov	0.0069357366
2005861	anti	0.0069158007
2005861	rip	0.006914059
2005861	line	0.0069119665
2005861	struggl	0.006887844
2005861	british	0.006871223
2005861	origin	0.0068702707
2005861	ration	0.006857306
2005861	obedi	0.0068428395
2005861	team	0.0068387375
2005861	present	0.006821481
2005861	share	0.0068204
2005861	link	0.0067929816
2005861	impli	0.006762446
2005861	well	0.006751824
2005861	fantast	0.0067206714
2005861	believ	0.006705968
2005861	given	0.0067053577
2005861	mere	0.00664341
2005861	fought	0.006631146
2005861	uniform	0.0066064387
2005861	partial	0.006602906
2005861	renam	0.006594677
2005861	chapter	0.0065944064
2005861	establish	0.0065837894
2005861	attribut	0.0065560737
2005861	donald	0.006508855
2005861	jul	0.006508271
2005861	insignific	0.006507013
2005861	2021	0.006500528
2005861	eas	0.00649866
2005861	falsifi	0.006475148
2005861	aid	0.006466978
2005861	inferior	0.0064475317
2005861	emphas	0.0063744714
2005861	elus	0.006367936
2005861	confer	0.006342113
2005861	vice	0.0062566553
2005861	doctrin	0.0062420247
2005861	lifetim	0.00622746
2005861	slice	0.006225335
2005861	regim	0.0062192907
2005861	aaron	0.006217781
2005861	authoritarian	0.0062109306
2005861	aris	0.0061965403
2005861	chosen	0.006159763
2005861	planet	0.0061583826
2005861	move	0.006153644
2005861	era	0.0061497195
2005861	soldier	0.006133458
2005861	great	0.0061315396
2005861	confus	0.006103649
2005861	overnight	0.0060939253
2005861	halfwai	0.006084155
2005861	iv	0.0060810912
2005861	fairli	0.0060733375
2005861	countri	0.006062838
2005861	minut	0.0060496046
2005861	amus	0.0060436134
2005861	job	0.006042451
2005861	fri	0.006028223
2005861	oct	0.0060098567
2005861	iii	0.0060049663
2005861	scheme	0.005997604
2005861	spy	0.0059878076
2005861	57	0.0059546614
2005861	ambigu	0.005929973
2005861	employe	0.005927962
2005861	opposit	0.005903196
2005861	meant	0.0058967844
2005861	possess	0.00588274
2005861	russian	0.00586711
2005861	propaganda	0.0058493535
2005861	speech	0.005839086
2005861	design	0.0058376077
2005861	routin	0.0058219857
2005861	translat	0.0058204564
2005861	forget	0.0057945047
2005861	scene	0.005791533
2005861	battlefield	0.0057771904
2005861	encount	0.005755546
2005861	fortun	0.0057550548
2005861	creat	0.005742895
2005861	footag	0.0057228073
2005861	compris	0.0057197115
2005861	imagin	0.005717077
2005861	societi	0.0057136584
2005861	twentieth	0.0056719515
2005861	kingdom	0.005661359
2005861	04	0.0056319726
2005861	accus	0.0056197806
2005861	trump	0.005599658
2005861	start	0.005579196
2005861	excerpt	0.0055357534
2005861	atom	0.005524067
2005861	princip	0.0054930965
2005861	rigor	0.005487348
2005861	whom	0.005469352
2005861	distant	0.005466902
2005861	new	0.005464465
2005861	451	0.0054578925
2005861	empir	0.0054524257
2005861	long	0.005413725
2005861	term	0.005403081
2005861	wrong	0.0053858967
2005861	editor	0.0053812885
2005861	wipe	0.0053636674
2005861	alter	0.0053583565
2005861	unfortun	0.005334406
2005861	inspir	0.00530242
2005861	direct	0.0052980375
2005861	regard	0.00528991
2005861	justifi	0.005288687
2005861	boil	0.0052856435
2005861	approv	0.0052731102
2005861	commonli	0.0052539
2005861	partner	0.0052299737
2005861	flow	0.0052166386
2005861	distribut	0.00521424
2005861	oligarch	0.005213131
2005861	chines	0.0052122013
2005861	jone	0.005190581
2005861	focus	0.0051730275
2005861	blind	0.005168232
2005861	walk	0.0051512364
2005861	demonstr	0.0051150657
2005861	collectiv	0.0050974977
2005861	count	0.005079935
2005861	duti	0.005064454
2005861	daili	0.0050501996
2005861	discov	0.0050441483
2005861	wear	0.005042178
2005861	easili	0.005039469
2005861	2000	0.0049990327
2005861	expect	0.0049935854
2005861	econom	0.0049572997
2005861	elect	0.0049548275
2005861	prove	0.0049534696
2005861	contribut	0.0049244147
2005861	squar	0.004922736
2005861	began	0.0048989304
2005861	popul	0.0048864833
2005861	tendenc	0.004856591
2005861	resist	0.0048293043
2005861	decemb	0.0048244265
2005861	encourag	0.0047714897
2005861	quickli	0.0047623185
2005861	piec	0.0047476003
2005861	short	0.0047384175
2005861	inhabit	0.00470251
2005861	satellit	0.004680364
2005861	manifest	0.0046428316
2005861	philosophi	0.0046154535
2005861	suggest	0.0045974148
2005861	front	0.0045818384
2005861	statement	0.004560894
2005861	spend	0.0045530917
2005861	resid	0.004552928
2005861	known	0.004545214
2005861	told	0.004517086
2005861	transit	0.004501353
2005861	death	0.0045000124
2005861	blue	0.0044927048
2005861	fahrenheit	0.004482684
2005861	subject	0.004477469
2005861	13	0.0044602007
2005861	crimin	0.004444313
2005861	advertis	0.0044421637
2005861	mid	0.004427257
2005861	shoot	0.004417695
2005861	mai	0.0044174143
2005861	2017	0.0043885685
2005861	shot	0.00434976
2005861	17	0.004327392
2005861	replac	0.0043118214
2005861	promot	0.0042856247
2005861	correct	0.0042666574
2005861	differ	0.004237018
2005861	come	0.0042040884
2005861	care	0.004199912
2005861	georg	0.0041921497
2005861	rise	0.004180924
2005861	build	0.0041571744
2005861	cold	0.004155498
2005861	monitor	0.0041342345
2005861	deal	0.004114351
2005861	wonder	0.0041076518
2005861	newspap	0.0040985034
2005861	ad	0.004089565
2005861	leav	0.0040591913
2005861	clear	0.0040494893
2005861	pass	0.0040431498
2005861	unit	0.00403825
2005861	prepar	0.0040165614
2005861	tell	0.0040017245
2005861	execut	0.0039812108
2005861	deriv	0.0039532143
2005861	mass	0.003941994
2005861	dai	0.0039337333
2005861	shown	0.0039184885
2005861	stai	0.0039166776
2005861	relationship	0.003911876
2005861	arm	0.003908312
2005861	fun	0.0039081955
2005861	submit	0.003899762
2005861	com	0.0038976625
2005861	offici	0.0038946236
2005861	principl	0.0038940455
2005861	unknown	0.0038901868
2005861	won	0.003843761
2005861	16	0.003836864
2005861	big	0.003811991
2005861	don	0.003749148
2005861	document	0.0037406734
2005861	involv	0.0037298438
2005861	iron	0.003724858
2005861	post	0.0036980682
2005861	initi	0.0036541093
2005861	dedic	0.0036275487
2005861	displai	0.0036046652
2005861	child	0.003565572
2005861	join	0.0035531458
2005861	depart	0.003531096
2005861	sentenc	0.0035194503
2005861	hold	0.0035114342
2005861	britain	0.0035100183
2005861	psycholog	0.003492146
2005861	emerg	0.0034895905
2005861	classic	0.0034864931
2005861	centuri	0.0034757636
2005861	size	0.0034738006
2005861	longer	0.0034611295
2005861	place	0.003441184
2005861	12	0.003429009
2005861	system	0.0033916566
2005861	stori	0.0033432404
2005861	warn	0.0033018375
2005861	announc	0.0032528872
2005861	down	0.0032348607
2005861	educ	0.003218349
2005861	watch	0.003213934
2005861	brother	0.0032110647
2005861	fear	0.0031876797
2005861	multipl	0.0031726877
2005861	head	0.0031674004
2005861	repres	0.003138808
2005861	china	0.0031136982
2005861	5	0.0030682336
2005861	part	0.003065435
2005861	look	0.0030531015
2005861	applic	0.0029678042
2005861	develop	0.0029396983
2005861	realiti	0.0029172143
2005861	page	0.0029108599
2005861	hous	0.0028883696
2005861	2001	0.002886893
2005861	forc	0.0028672016
2005861	run	0.0027870727
2005861	number	0.0027730435
2005861	conflict	0.0027718341
2005861	need	0.0027660502
2005861	made	0.0027577213
2005861	seri	0.00274612
2005861	review	0.002741689
2005861	knowledg	0.0027382665
2005861	point	0.0027141285
2005861	mean	0.0027079347
2005861	broadcast	0.0026868589
2005861	land	0.0026757047
2005861	physic	0.0026453312
2005861	time	0.0026188593
2005861	free	0.0025948675
2005861	busi	0.0025899424
2005861	shift	0.002534051
2005861	updat	0.0025180266
2005861	chief	0.0025068363
2005861	histori	0.002483399
2005861	accord	0.0024265256
2005861	major	0.0023945982
2005861	fiction	0.0022518274
2005861	full	0.0022508737
2005861	natur	0.0022051958
2005861	hand	0.0021964933
2005861	food	0.0021871233
2005861	later	0.0021789332
2005861	ship	0.002107003
2005861	refuge	0.0020982153
2005861	turn	0.0020517358
2005861	order	0.0020295982
2005861	sort	0.002001634
2005861	read	0.0019169707
2005861	languag	0.0018410542
2005861	event	0.0018168689
2005861	limit	0.0018111473
2005861	paus	0.0018058508
2005861	show	0.0017173897
2005861	connect	0.00169501
2005861	basic	0.0016349431
2005861	mission	0.0016323604
2005861	manipul	0.0015820889
2005861	entir	0.0015221813
2005861	isn	0.0015162869
2005861	domin	0.0014868464
2005861	now	0.001453202
2005861	answer	0.0014403849
2005861	gener	0.0014096817
2005861	locat	0.0013412286
2005861	last	0.0013197613
2005861	america	0.0012600815
2005861	still	0.0012511425
2005861	decid	0.0012304423
2005861	set	0.0011900995
2005861	question	0.0011498295
2005861	end	0.001102066
2005861	peac	0.0010930632
2005861	9	0.0010887111
2005861	here	0.001057525
2005861	can	0.00078246294
2005861	like	0.0007662316
2005861	go	0.00073515216
2005861	10	0.0006341812
2005861	will	0.00057827536
2005861	side	0.00045691026
2005861	see	0.00031372812
2005861	children	0.00027655865
2005861	sure	0.00019938243
2005861	ago	0.00013741499
2005861	work	5.535636e-05
2005861	life	4.651194e-05
2005861	panama	1.389632e-05
2005861	dprk	8.502846e-06
2005861	vanuatu	7.563669e-06
2005861	guyana	6.9224707e-06
2005861	tobago	6.908122e-06
2005861	trinidad	6.521049e-06
2005861	uganda	6.4810756e-06
2005861	delet	4.061106e-06
2005861	risk	3.0842127e-06
2005861	zimbabw	2.588017e-06
2005861	hondura	2.5747493e-06
2005861	1905	2.3330874e-06
2005861	019	2.1853966e-06
2005861	030	2.2724132e-07
2005861	830	2.1702317e-07
2005861	zagreb	-5.4731044e-07
2005861	baku	-5.5399835e-07
2005861	minsk	-5.6792555e-07
2005861	yerevan	-5.95583e-07
2005861	vella	-5.997283e-07
2005861	tirana	-6.0160716e-07
2005861	guatemala	-8.651115e-07
2005861	andora	-9.715399e-07
2005861	gain	-1.4641321e-06
2005861	354	-1.4817704e-06
2005861	413	-1.688991e-06
2005861	543	-1.7406863e-06
2005861	621	-1.859597e-06
2005861	data	-1.861641e-06
2005861	821	-1.8898768e-06
2005861	defenc	-1.9890722e-06
2005861	twin	-2.0915234e-06
2005861	752	-2.1137105e-06
2005861	steve	-2.1932674e-06
2005861	212	-2.2304034e-06
2005861	anger	-2.2613667e-06
2005861	676	-2.3827827e-06
2005861	deleg	-2.4069602e-06
2005861	phil	-2.5299296e-06
2005861	alpin	-2.6577272e-06
2005861	1867	-3.1675631e-06
2005861	384	-3.231953e-06
2005861	986	-3.3315403e-06
2005861	426	-3.3329045e-06
2005861	695	-3.3692227e-06
2005861	727	-3.3748263e-06
2005861	895	-3.4271548e-06
2005861	recess	-3.4275276e-06
2005861	jure	-3.491088e-06
2005861	398	-3.517952e-06
2005861	819	-3.523012e-06
2005861	826	-3.5236928e-06
2005861	cedc	-3.5597368e-06
2005861	482	-3.5964472e-06
2005861	row	-3.6402053e-06
2005861	682	-3.654578e-06
2005861	quarterli	-3.6761512e-06
2005861	interest	-3.682575e-06
2005861	gdp	-3.7066145e-06
2005861	younger	-3.8935395e-06
2005861	biathlon	-3.89527e-06
2005861	charl	-3.930802e-06
2005861	835	-3.983549e-06
2005861	mahr	-3.9870984e-06
2005861	219	-4.0019077e-06
2005861	220	-4.071194e-06
2005861	franko	-4.1810763e-06
2005861	score	-4.1877593e-06
2005861	eirik	-4.1931844e-06
2005861	461	-4.2028996e-06
2005861	160	-4.219399e-06
2005861	thank	-4.2403503e-06
2005861	1924	-4.2694573e-06
2005861	jim	-4.271474e-06
2005861	skier	-4.2738498e-06
2005861	757	-4.2850616e-06
2005861	extra	-4.3222476e-06
2005861	397	-4.3282016e-06
2005861	239	-4.4887365e-06
2005861	923	-4.5441116e-06
2005861	718	-4.5734964e-06
2005861	dialogu	-4.6190503e-06
2005861	anna	-4.691763e-06
2005861	wale	-4.7286157e-06
2005861	9th	-4.7784574e-06
2005861	434	-4.8424968e-06
2005861	222	-4.883424e-06
2005861	1998	-4.9174696e-06
2005861	diana	-4.959495e-06
2005861	013	-4.9821847e-06
2005861	nichola	-5.0332364e-06
2005861	002	-5.1891766e-06
2005861	slalom	-5.1923303e-06
2005861	156	-5.200568e-06
2005861	934	-5.22696e-06
2005861	208	-5.38553e-06
2005861	82	-5.4808984e-06
2005861	146	-5.6350846e-06
2005861	177	-5.6801177e-06
2005861	occupi	-5.6931935e-06
2005861	683	-5.7341967e-06
2005861	273	-5.75913e-06
2005861	kvalfoss	-5.8284454e-06
2005861	240	-5.8362925e-06
2005861	betsi	-5.9637887e-06
2005861	2025	-6.0671623e-06
2005861	786	-6.069988e-06
2005861	uncredit	-6.101182e-06
2005861	massei	-6.2755944e-06
2005861	2030	-6.3062425e-06
2005861	366	-6.4712594e-06
2005861	249	-6.4777905e-06
2005861	122	-6.5386357e-06
2005861	028	-6.542556e-06
2005861	162	-6.559877e-06
2005861	1791	-6.6265734e-06
2005861	schofield	-6.631142e-06
2005861	427	-6.718189e-06
2005861	758	-6.798627e-06
2005861	913	-6.8534464e-06
2005861	822	-6.8935747e-06
2005861	836	-6.8982e-06
2005861	imogen	-6.9214334e-06
2005861	brantlei	-6.9899043e-06
2005861	1937	-7.033214e-06
2005861	584	-7.0482965e-06
2005861	449	-7.0763303e-06
2005861	515	-7.0812616e-06
2005861	270	-7.0882156e-06
2005861	230	-7.0971046e-06
2005861	431	-7.1119607e-06
2005861	tavar	-7.1232657e-06
2005861	spencer	-7.1691325e-06
2005861	2040	-7.1924014e-06
2005861	073	-7.272923e-06
2005861	910	-7.2742164e-06
2005861	646	-7.313915e-06
2005861	1803	-7.3525725e-06
2005861	093	-7.368363e-06
2005861	375	-7.3773513e-06
2005861	548	-7.399361e-06
2005861	353	-7.4016893e-06
2005861	202	-7.422989e-06
2005861	1926	-7.4523014e-06
2005861	931	-7.452404e-06
2005861	phone	-7.4853237e-06
2005861	1873	-7.5072635e-06
2005861	132	-7.5760872e-06
2005861	1923	-7.642389e-06
2005861	688	-7.643588e-06
2005861	2011	-7.64824e-06
2005861	310	-7.656644e-06
2005861	581	-7.7059985e-06
2005861	592	-7.711071e-06
2005861	158	-7.731514e-06
2005861	223	-7.74704e-06
2005861	566	-7.761628e-06
2005861	317	-7.901382e-06
2005861	060	-7.926995e-06
2005861	346	-7.974573e-06
2005861	103	-8.093912e-06
2005861	779	-8.104125e-06
2005861	861	-8.105063e-06
2005861	motiv	-8.119458e-06
2005861	297	-8.1821645e-06
2005861	violat	-8.205922e-06
2005861	173	-8.227259e-06
2005861	mobil	-8.24542e-06
2005861	conclus	-8.249449e-06
2005861	180	-8.256987e-06
2005861	516	-8.277999e-06
2005861	provid	-8.283643e-06
2005861	916	-8.289638e-06
2005861	1921	-8.344882e-06
2005861	149	-8.405827e-06
2005861	743	-8.498112e-06
2005861	chair	-8.52847e-06
2005861	intervent	-8.558246e-06
2005861	793	-8.5905795e-06
2005861	192	-8.598745e-06
2005861	dozen	-8.630505e-06
2005861	896	-8.762536e-06
2005861	039	-8.789206e-06
2005861	186	-8.80701e-06
2005861	190	-8.885361e-06
2005861	989	-8.907854e-06
2005861	coverag	-8.911381e-06
2005861	291	-8.9449295e-06
2005861	birth	-8.992002e-06
2005861	458	-8.999208e-06
2005861	875	-9.013635e-06
2005861	117	-9.019524e-06
2005861	973	-9.02279e-06
2005861	166	-9.12485e-06
2005861	1939	-9.186484e-06
2005861	steadi	-9.232532e-06
2005861	275	-9.275165e-06
2005861	834	-9.29146e-06
2005861	1915	-9.4504085e-06
2005861	860	-9.465798e-06
2005861	583	-9.471056e-06
2005861	724	-9.534601e-06
2005861	069	-9.550224e-06
2005861	128	-9.736694e-06
2005861	922	-9.743093e-06
2005861	637	-9.764694e-06
2005861	1848	-9.7846805e-06
2005861	016	-9.866835e-06
2005861	021	-9.8995115e-06
2005861	224	-9.919497e-06
2005861	tri	-9.944735e-06
2005861	738	-1.002057e-05
2005861	518	-1.0056185e-05
2005861	anglo	-1.0067933e-05
2005861	279	-1.008988e-05
2005861	andr	-1.01338765e-05
2005861	171	-1.0173724e-05
2005861	zone	-1.0202745e-05
2005861	1951	-1.0210911e-05
2005861	1944	-1.0235761e-05
2005861	345	-1.0241259e-05
2005861	spungin	-1.025966e-05
2005861	120	-1.0295318e-05
2005861	saxon	-1.0430689e-05
2005861	816	-1.047197e-05
2005861	221	-1.0584139e-05
2005861	680	-1.0598028e-05
2005861	211	-1.0705278e-05
2005861	831	-1.0710022e-05
2005861	751	-1.0783359e-05
2005861	841	-1.0795663e-05
2005861	openli	-1.0828223e-05
2005861	111	-1.0830127e-05
2005861	1933	-1.092908e-05
2005861	quebec	-1.0962018e-05
2005861	tabl	-1.0986883e-05
2005861	550	-1.1069696e-05
2005861	narrow	-1.1113903e-05
2005861	network	-1.1136229e-05
2005861	330	-1.1310452e-05
2005861	888	-1.1368461e-05
2005861	trajectori	-1.1414914e-05
2005861	150	-1.1453636e-05
2005861	529	-1.1491288e-05
2005861	524	-1.158825e-05
2005861	191	-1.1612736e-05
2005861	fourteen	-1.1654629e-05
2005861	29th	-1.1738721e-05
2005861	112	-1.1741636e-05
2005861	spot	-1.1749058e-05
2005861	335	-1.1786745e-05
2005861	887	-1.1881643e-05
2005861	053	-1.1916241e-05
2005861	798	-1.2017115e-05
2005861	199	-1.2105823e-05
2005861	178	-1.2110739e-05
2005861	liber	-1.2277637e-05
2005861	340	-1.2284474e-05
2005861	founder	-1.2353005e-05
2005861	828	-1.2364031e-05
2005861	address	-1.2455728e-05
2005861	574	-1.2457008e-05
2005861	501	-1.2468104e-05
2005861	1927	-1.24830485e-05
2005861	564	-1.2500549e-05
2005861	707	-1.2516219e-05
2005861	equal	-1.254896e-05
2005861	351	-1.2641617e-05
2005861	157	-1.2720184e-05
2005861	email	-1.2793084e-05
2005861	5g	-1.2820025e-05
2005861	165	-1.2841187e-05
2005861	1942	-1.2844271e-05
2005861	050	-1.2903557e-05
2005861	signatori	-1.2903648e-05
2005861	181	-1.291262e-05
2005861	519	-1.2975364e-05
2005861	4g	-1.3067415e-05
2005861	575	-1.3070964e-05
2005861	1969	-1.3132454e-05
2005861	787	-1.3146624e-05
2005861	invad	-1.3154985e-05
2005861	1860	-1.3181438e-05
2005861	024	-1.3239434e-05
2005861	868	-1.3287049e-05
2005861	broadband	-1.330389e-05
2005861	135	-1.3358128e-05
2005861	3g	-1.3518797e-05
2005861	921	-1.3544226e-05
2005861	eritrea	-1.3562198e-05
2005861	peru	-1.3600628e-05
2005861	ahead	-1.3781879e-05
2005861	1925	-1.3797666e-05
2005861	040	-1.3801874e-05
2005861	timor	-1.3903144e-05
2005861	york	-1.3924564e-05
2005861	638	-1.406272e-05
2005861	513	-1.4127926e-05
2005861	2g	-1.418872e-05
2005861	075	-1.42434965e-05
2005861	204	-1.435258e-05
2005861	610	-1.4356464e-05
2005861	expel	-1.4531651e-05
2005861	ambassador	-1.4555701e-05
2005861	sapir	-1.4567906e-05
2005861	087	-1.4606385e-05
2005861	508	-1.4624168e-05
2005861	439	-1.4814296e-05
2005861	ck	-1.4878962e-05
2005861	833	-1.49167445e-05
2005861	877	-1.4953349e-05
2005861	481	-1.49595735e-05
2005861	1914	-1.5079814e-05
2005861	327	-1.5139743e-05
2005861	invit	-1.5196297e-05
2005861	605	-1.5218063e-05
2005861	pakistan	-1.5234739e-05
2005861	259	-1.5241027e-05
2005861	288	-1.5256473e-05
2005861	269	-1.5325268e-05
2005861	454	-1.5386764e-05
2005861	086	-1.5399379e-05
2005861	shape	-1.54922e-05
2005861	1776	-1.5501755e-05
2005861	1934	-1.5506952e-05
2005861	228	-1.5516973e-05
2005861	944	-1.5532967e-05
2005861	catalunya	-1.5609525e-05
2005861	590	-1.5681588e-05
2005861	172	-1.5688724e-05
2005861	1800	-1.582116e-05
2005861	114	-1.585351e-05
2005861	210	-1.5963535e-05
2005861	452	-1.6104274e-05
2005861	350	-1.6108504e-05
2005861	754	-1.6230733e-05
2005861	255	-1.6257376e-05
2005861	704	-1.6356908e-05
2005861	macau	-1.6424205e-05
2005861	565	-1.6493912e-05
2005861	142	-1.6568269e-05
2005861	690	-1.6610029e-05
2005861	969	-1.6729513e-05
2005861	goe	-1.6762802e-05
2005861	efta	-1.6925407e-05
2005861	glock	-1.6963118e-05
2005861	756	-1.7124936e-05
2005861	863	-1.7186223e-05
2005861	883	-1.7245884e-05
2005861	ll	-1.733368e-05
2005861	685	-1.7441218e-05
2005861	169	-1.7498947e-05
2005861	url	-1.7592254e-05
2005861	lpr	-1.7604825e-05
2005861	plo	-1.7631293e-05
2005861	126	-1.7741944e-05
2005861	153	-1.796917e-05
2005861	umt	-1.8030587e-05
2005861	560	-1.8113296e-05
2005861	586	-1.8163904e-05
2005861	hutchison	-1.819021e-05
2005861	576	-1.8229908e-05
2005861	657	-1.8233497e-05
2005861	618	-1.8234969e-05
2005861	197	-1.838408e-05
2005861	295	-1.8491382e-05
2005861	677	-1.8517441e-05
2005861	2015	-1.8700908e-05
2005861	343	-1.8709898e-05
2005861	newslett	-1.8735727e-05
2005861	615	-1.8940389e-05
2005861	545	-1.9136693e-05
2005861	386	-1.9238292e-05
2005861	970	-1.946071e-05
2005861	1978	-1.9536226e-05
2005861	159	-1.9629742e-05
2005861	396	-1.96306e-05
2005861	fertil	-1.9633468e-05
2005861	987	-1.968191e-05
2005861	283	-1.9791318e-05
2005861	special	-1.9949595e-05
2005861	144	-1.9958396e-05
2005861	312	-1.9991174e-05
2005861	concret	-2.0086354e-05
2005861	39	-2.0129095e-05
2005861	105	-2.022896e-05
2005861	roman	-2.0282343e-05
2005861	473	-2.0321006e-05
2005861	127	-2.0330172e-05
2005861	864	-2.037977e-05
2005861	372	-2.0417347e-05
2005861	1930	-2.0446574e-05
2005861	874	-2.0454609e-05
2005861	691	-2.067767e-05
2005861	242	-2.0684542e-05
2005861	131	-2.068935e-05
2005861	488	-2.0700922e-05
2005861	951	-2.0782734e-05
2005861	736	-2.0873798e-05
2005861	1929	-2.0962554e-05
2005861	urban	-2.102181e-05
2005861	slovenia	-2.1033384e-05
2005861	2005	-2.11126e-05
2005861	isra	-2.1152504e-05
2005861	742	-2.1178594e-05
2005861	703	-2.1211888e-05
2005861	623	-2.1370533e-05
2005861	1900	-2.1522366e-05
2005861	445	-2.152706e-05
2005861	750	-2.1554471e-05
2005861	726	-2.1572083e-05
2005861	812	-2.1588456e-05
2005861	oper	-2.1665775e-05
2005861	537	-2.1813188e-05
2005861	733	-2.1830598e-05
2005861	170	-2.193057e-05
2005861	brought	-2.200489e-05
2005861	729	-2.2040798e-05
2005861	710	-2.2117729e-05
2005861	wider	-2.2175629e-05
2005861	dissolv	-2.2276023e-05
2005861	1922	-2.232579e-05
2005861	bestsel	-2.2374721e-05
2005861	constitut	-2.2392966e-05
2005861	1952	-2.2516993e-05
2005861	418	-2.2689968e-05
2005861	448	-2.2693228e-05
2005861	comarmond	-2.2880338e-05
2005861	233	-2.2889088e-05
2005861	wall	-2.3004774e-05
2005861	format	-2.306456e-05
2005861	1865	-2.3159191e-05
2005861	108	-2.3263752e-05
2005861	904	-2.3305543e-05
2005861	673	-2.3441553e-05
2005861	salvador	-2.345452e-05
2005861	ecuador	-2.3536631e-05
2005861	238	-2.3571865e-05
2005861	246	-2.3573297e-05
2005861	081	-2.3613587e-05
2005861	446	-2.371764e-05
2005861	492	-2.385308e-05
2005861	noc	-2.3995428e-05
2005861	331	-2.4035875e-05
2005861	402	-2.4243884e-05
2005861	699	-2.4254485e-05
2005861	crown	-2.4453595e-05
2005861	david	-2.4637337e-05
2005861	559	-2.4654093e-05
2005861	autobiographi	-2.4662357e-05
2005861	83	-2.4792073e-05
2005861	577	-2.4950767e-05
2005861	somalia	-2.517378e-05
2005861	313	-2.5175603e-05
2005861	remitt	-2.5350982e-05
2005861	965	-2.5438994e-05
2005861	1935	-2.54758e-05
2005861	pear	-2.5480269e-05
2005861	287	-2.5572324e-05
2005861	282	-2.5627003e-05
2005861	mou	-2.5695672e-05
2005861	comment	-2.5756728e-05
2005861	847	-2.5809184e-05
2005861	2002	-2.592834e-05
2005861	362	-2.6216494e-05
2005861	implement	-2.6260263e-05
2005861	marshal	-2.6377002e-05
2005861	2009	-2.670079e-05
2005861	1919	-2.6723344e-05
2005861	416	-2.6760332e-05
2005861	84	-2.6780777e-05
2005861	341	-2.680035e-05
2005861	fail	-2.6906162e-05
2005861	1928	-2.6912025e-05
2005861	mccormick	-2.7286977e-05
2005861	maureen	-2.7460812e-05
2005861	001	-2.7469676e-05
2005861	867	-2.7492548e-05
2005861	226	-2.7663345e-05
2005861	tonga	-2.7713078e-05
2005861	1918	-2.8047272e-05
2005861	107	-2.8087754e-05
2005861	guest	-2.8126142e-05
2005861	978	-2.8201306e-05
2005861	679	-2.8375534e-05
2005861	school	-2.8680472e-05
2005861	393	-2.8736255e-05
2005861	log	-2.8743112e-05
2005861	95	-2.8994404e-05
2005861	624	-2.9093864e-05
2005861	851	-2.9256915e-05
2005861	obvious	-2.9301438e-05
2005861	trilater	-2.9461282e-05
2005861	423	-2.9480983e-05
2005861	1850	-2.9508396e-05
2005861	886	-2.9577574e-05
2005861	349	-2.9889135e-05
2005861	doubt	-2.9925755e-05
2005861	155	-2.9946728e-05
2005861	810	-3.0083242e-05
2005861	629	-3.0269606e-05
2005861	588	-3.0427916e-05
2005861	293	-3.0724463e-05
2005861	lack	-3.0747036e-05
2005861	241	-3.076974e-05
2005861	136	-3.0975603e-05
2005861	stone	-3.120294e-05
2005861	interchang	-3.135756e-05
2005861	760	-3.1593692e-05
2005861	472	-3.1783315e-05
2005861	1903	-3.181634e-05
2005861	1965	-3.1847725e-05
2005861	research	-3.1907362e-05
2005861	semi	-3.1960957e-05
2005861	europetravel	-3.206103e-05
2005861	admit	-3.2144188e-05
2005861	broader	-3.2535754e-05
2005861	761	-3.255641e-05
2005861	moldova	-3.2643366e-05
2005861	788	-3.2695607e-05
2005861	safeti	-3.2773878e-05
2005861	liberia	-3.2930257e-05
2005861	pai	-3.3057826e-05
2005861	1954	-3.3315584e-05
2005861	environ	-3.333049e-05
2005861	scotland	-3.3914257e-05
2005861	madagascar	-3.40408e-05
2005861	38	-3.4098928e-05
2005861	luxemburg	-3.421751e-05
2005861	373	-3.4247892e-05
2005861	104	-3.4316872e-05
2005861	1953	-3.4453467e-05
2005861	183	-3.4648263e-05
2005861	196	-3.4778714e-05
2005861	148	-3.4803164e-05
2005861	economicshistori	-3.486756e-05
2005861	460	-3.494043e-05
2005861	1967	-3.4974975e-05
2005861	expert	-3.4975466e-05
2005861	1962	-3.503369e-05
2005861	1945	-3.5056983e-05
2005861	photograph	-3.5543842e-05
2005861	1870	-3.5590598e-05
2005861	nigeria	-3.559462e-05
2005861	administ	-3.5687266e-05
2005861	1959	-3.5698005e-05
2005861	societyczech	-3.5866557e-05
2005861	placeseuropehistori	-3.5866557e-05
2005861	unionnorth	-3.5866557e-05
2005861	118	-3.5913738e-05
2005861	1938	-3.5971985e-05
2005861	2018	-3.6133257e-05
2005861	choic	-3.61688e-05
2005861	121	-3.6173275e-05
2005861	078	-3.6311198e-05
2005861	iter	-3.6970694e-05
2005861	102	-3.697221e-05
2005861	300	-3.6990743e-05
2005861	target	-3.7234913e-05
2005861	mauritiu	-3.7347247e-05
2005861	088	-3.7644153e-05
2005861	188	-3.7988884e-05
2005861	253	-3.8368384e-05
2005861	775	-3.8454968e-05
2005861	match	-3.8539863e-05
2005861	industri	-3.8648122e-05
2005861	restor	-3.867132e-05
2005861	recognit	-3.8684542e-05
2005861	expens	-3.8720333e-05
2005861	store	-3.8754948e-05
2005861	64	-3.8799026e-05
2005861	1961	-3.9007253e-05
2005861	websit	-3.9122788e-05
2005861	track	-3.953089e-05
2005861	secretli	-3.9594684e-05
2005861	728	-3.9718296e-05
2005861	764	-3.9963234e-05
2005861	morocco	-3.9965507e-05
2005861	vincent	-3.997363e-05
2005861	fraction	-4.0188228e-05
2005861	91	-4.036595e-05
2005861	808	-4.0595918e-05
2005861	tuvalu	-4.060294e-05
2005861	underworld	-4.073891e-05
2005861	81	-4.0814437e-05
2005861	petrost	-4.1109706e-05
2005861	804	-4.1312378e-05
2005861	season	-4.1337105e-05
2005861	110	-4.1540196e-05
2005861	cellar	-4.160051e-05
2005861	resolut	-4.1676285e-05
2005861	monument	-4.185286e-05
2005861	93	-4.2025807e-05
2005861	factor	-4.2625292e-05
2005861	236	-4.2632448e-05
2005861	young	-4.2764812e-05
2005861	audienc	-4.277369e-05
2005861	jordan	-4.2964777e-05
2005861	erect	-4.2983305e-05
2005861	conspir	-4.3056058e-05
2005861	67	-4.306545e-05
2005861	1996	-4.3417076e-05
2005861	finalist	-4.344212e-05
2005861	175	-4.3468324e-05
2005861	interview	-4.3526274e-05
2005861	resum	-4.3898992e-05
2005861	mozambiqu	-4.3907414e-05
2005861	syria	-4.393949e-05
2005861	cours	-4.4163473e-05
2005861	contact	-4.4326665e-05
2005861	case	-4.435626e-05
2005861	71	-4.449187e-05
2005861	coordin	-4.4519413e-05
2005861	affect	-4.4572134e-05
2005861	peninsula	-4.4651602e-05
2005861	1972	-4.4712684e-05
2005861	41	-4.4930475e-05
2005861	problem	-4.5181805e-05
2005861	116	-4.5378532e-05
2005861	project	-4.5458808e-05
2005861	highlight	-4.561057e-05
2005861	carefulli	-4.5661418e-05
2005861	break	-4.5690507e-05
2005861	instal	-4.5852637e-05
2005861	feet	-4.5899866e-05
2005861	subsequ	-4.5927947e-05
2005861	scribbl	-4.619348e-05
2005861	classroom	-4.6216734e-05
2005861	nicaragua	-4.6239944e-05
2005861	viewer	-4.6265028e-05
2005861	alba	-4.6301626e-05
2005861	lucia	-4.6327874e-05
2005861	medic	-4.634845e-05
2005861	student	-4.6375975e-05
2005861	block	-4.6402747e-05
2005861	lithuania	-4.643131e-05
2005861	kazakhstan	-4.6518624e-05
2005861	99	-4.655291e-05
2005861	paraguai	-4.6814763e-05
2005861	sore	-4.6894078e-05
2005861	estonia	-4.699415e-05
2005861	firm	-4.7647365e-05
2005861	fund	-4.776434e-05
2005861	sam	-4.785491e-05
2005861	construct	-4.7973208e-05
2005861	nato	-4.7984413e-05
2005861	latvia	-4.806801e-05
2005861	vote	-4.8076752e-05
2005861	monarchi	-4.8175454e-05
2005861	kyrgyzstan	-4.8196067e-05
2005861	604	-4.8555492e-05
2005861	irish	-4.8621197e-05
2005861	nevi	-4.8693644e-05
2005861	commonwealth	-4.8737198e-05
2005861	forum	-4.900136e-05
2005861	effort	-4.9031925e-05
2005861	market	-4.9117447e-05
2005861	adult	-4.932731e-05
2005861	strengthen	-4.9654784e-05
2005861	92	-4.9731752e-05
2005861	kitt	-4.9747952e-05
2005861	1897	-4.9774455e-05
2005861	saint	-4.981197e-05
2005861	grenada	-5.0286293e-05
2005861	foundat	-5.052004e-05
2005861	plan	-5.05374e-05
2005861	june	-5.0539944e-05
2005861	previou	-5.0747247e-05
2005861	draw	-5.084796e-05
2005861	mutual	-5.092743e-05
2005861	center	-5.0965486e-05
2005861	surinam	-5.117118e-05
2005861	slip	-5.146886e-05
2005861	obtain	-5.1507857e-05
2005861	diseas	-5.1511168e-05
2005861	grenadin	-5.15646e-05
2005861	station	-5.1764866e-05
2005861	dominica	-5.1952153e-05
2005861	timelin	-5.200512e-05
2005861	infrastructur	-5.2380885e-05
2005861	46	-5.2665247e-05
2005861	cell	-5.2685955e-05
2005861	pride	-5.27301e-05
2005861	scandinavian	-5.290415e-05
2005861	47	-5.29927e-05
2005861	dub	-5.3101234e-05
2005861	fierc	-5.3123767e-05
2005861	97	-5.3193642e-05
2005861	program	-5.3218624e-05
2005861	worth	-5.3455493e-05
2005861	tier	-5.3472042e-05
2005861	candid	-5.3575484e-05
2005861	cal	-5.3918106e-05
2005861	slovakia	-5.39571e-05
2005861	hear	-5.4160824e-05
2005861	hill	-5.426342e-05
2005861	color	-5.4299646e-05
2005861	chemistri	-5.437302e-05
2005861	444	-5.4513945e-05
2005861	arrang	-5.4593165e-05
2005861	radio	-5.4610286e-05
2005861	distinct	-5.4683554e-05
2005861	296	-5.4690216e-05
2005861	tend	-5.480451e-05
2005861	send	-5.5031916e-05
2005861	lose	-5.5120858e-05
2005861	entertain	-5.516807e-05
2005861	montenegro	-5.530261e-05
2005861	helen	-5.5538985e-05
2005861	medicin	-5.562156e-05
2005861	42	-5.5629273e-05
2005861	fit	-5.565678e-05
2005861	approach	-5.579784e-05
2005861	05	-5.5834775e-05
2005861	kuwait	-5.587e-05
2005861	graduat	-5.587119e-05
2005861	virgin	-5.5951157e-05
2005861	ga	-5.6082125e-05
2005861	113	-5.6097382e-05
2005861	engin	-5.6124474e-05
2005861	748	-5.618216e-05
2005861	trend	-5.637059e-05
2005861	pop	-5.6415334e-05
2005861	scandinavia	-5.6435856e-05
2005861	87	-5.6444347e-05
2005861	coin	-5.646842e-05
2005861	currenc	-5.681929e-05
2005861	gari	-5.7031208e-05
2005861	breeder	-5.720856e-05
2005861	286	-5.7268448e-05
2005861	1973	-5.7477308e-05
2005861	puerto	-5.7493893e-05
2005861	344	-5.7625362e-05
2005861	circumst	-5.767993e-05
2005861	inform	-5.7800786e-05
2005861	item	-5.7814017e-05
2005861	deliv	-5.785131e-05
2005861	red	-5.7874324e-05
2005861	55	-5.796285e-05
2005861	recoveri	-5.813576e-05
2005861	rock	-5.851923e-05
2005861	split	-5.8550122e-05
2005861	339	-5.858356e-05
2005861	debat	-5.8716814e-05
2005861	board	-5.8782254e-05
2005861	98	-5.879925e-05
2005861	invas	-5.881383e-05
2005861	woman	-5.8872378e-05
2005861	06	-5.894738e-05
2005861	paragraph	-5.9181326e-05
2005861	rico	-5.924282e-05
2005861	nikel	-5.9268263e-05
2005861	500	-5.937612e-05
2005861	lynch	-5.952603e-05
2005861	roll	-5.9697733e-05
2005861	born	-5.976104e-05
2005861	02	-5.9814527e-05
2005861	pure	-6.0075603e-05
2005861	cancer	-6.0083185e-05
2005861	immigr	-6.0388204e-05
2005861	god	-6.064093e-05
2005861	63	-6.068707e-05
2005861	gambia	-6.093433e-05
2005861	tent	-6.0974373e-05
2005861	77	-6.103908e-05
2005861	sweet	-6.129543e-05
2005861	gun	-6.154308e-05
2005861	leagu	-6.186516e-05
2005861	addit	-6.204865e-05
2005861	getti	-6.211009e-05
2005861	ukrain	-6.2229774e-05
2005861	parallel	-6.2466795e-05
2005861	alabama	-6.249091e-05
2005861	2007	-6.257776e-05
2005861	collect	-6.282052e-05
2005861	mile	-6.288643e-05
2005861	un	-6.295479e-05
2005861	governor	-6.3003135e-05
2005861	surgeri	-6.302202e-05
2005861	anywai	-6.314609e-05
2005861	npr	-6.319088e-05
2005861	depress	-6.339418e-05
2005861	defens	-6.343456e-05
2005861	eddi	-6.350795e-05
2005861	1963	-6.351539e-05
2005861	brand	-6.351602e-05
2005861	1920	-6.421518e-05
2005861	brainstorm	-6.436821e-05
2005861	expuls	-6.4448315e-05
2005861	iberian	-6.451057e-05
2005861	financi	-6.4540975e-05
2005861	brenda	-6.458823e-05
2005861	1955	-6.4672e-05
2005861	69	-6.474077e-05
2005861	ballroom	-6.4946114e-05
2005861	privat	-6.509016e-05
2005861	neill	-6.5133005e-05
2005861	noun	-6.5439046e-05
2005861	licens	-6.5596585e-05
2005861	restaur	-6.573044e-05
2005861	paul	-6.631676e-05
2005861	reveng	-6.638206e-05
2005861	vein	-6.6876026e-05
2005861	contract	-6.698928e-05
2005861	jennif	-6.7039306e-05
2005861	warrant	-6.712997e-05
2005861	75	-6.7178014e-05
2005861	impair	-6.723633e-05
2005861	villag	-6.727313e-05
2005861	trouser	-6.742814e-05
2005861	sudan	-6.780017e-05
2005861	133	-6.781645e-05
2005861	contemporari	-6.7950365e-05
2005861	somaliland	-6.803783e-05
2005861	recur	-6.805494e-05
2005861	maximum	-6.8232686e-05
2005861	transfer	-6.827395e-05
2005861	twelv	-6.832277e-05
2005861	08	-6.8339585e-05
2005861	lui	-6.841814e-05
2005861	balanc	-6.84478e-05
2005861	disqualifi	-6.8516965e-05
2005861	86	-6.853379e-05
2005861	gradual	-6.881466e-05
2005861	defin	-6.924397e-05
2005861	rockefel	-6.942005e-05
2005861	jack	-6.951143e-05
2005861	07	-7.002474e-05
2005861	speak	-7.0051916e-05
2005861	trust	-7.0167116e-05
2005861	dead	-7.017281e-05
2005861	bar	-7.02017e-05
2005861	doubl	-7.034369e-05
2005861	1940	-7.038837e-05
2005861	lost	-7.0443166e-05
2005861	rush	-7.057902e-05
2005861	baltic	-7.081122e-05
2005861	citizenship	-7.08262e-05
2005861	code	-7.101916e-05
2005861	playlist	-7.1149865e-05
2005861	roger	-7.148349e-05
2005861	trim	-7.163032e-05
2005861	peter	-7.177574e-05
2005861	g8	-7.188526e-05
2005861	result	-7.210954e-05
2005861	76	-7.2216666e-05
2005861	2013	-7.229491e-05
2005861	desert	-7.232662e-05
2005861	guess	-7.25902e-05
2005861	tripoint	-7.259559e-05
2005861	ill	-7.2670344e-05
2005861	beat	-7.269776e-05
2005861	quot	-7.2875955e-05
2005861	bai	-7.292071e-05
2005861	law	-7.2930496e-05
2005861	medium	-7.306291e-05
2005861	surpris	-7.322273e-05
2005861	wholli	-7.322489e-05
2005861	agent	-7.336286e-05
2005861	experienc	-7.360943e-05
2005861	quo	-7.387225e-05
2005861	boss	-7.393483e-05
2005861	romanc	-7.404295e-05
2005861	123	-7.430927e-05
2005861	prize	-7.431784e-05
2005861	exil	-7.433664e-05
2005861	concert	-7.434188e-05
2005861	viru	-7.434604e-05
2005861	preced	-7.444418e-05
2005861	consult	-7.446389e-05
2005861	dirt	-7.464763e-05
2005861	sundai	-7.4845135e-05
2005861	reissu	-7.498014e-05
2005861	apartheid	-7.511983e-05
2005861	chicago	-7.516074e-05
2005861	histor	-7.5241696e-05
2005861	edward	-7.5440854e-05
2005861	artist	-7.549095e-05
2005861	isol	-7.5618955e-05
2005861	25	-7.56857e-05
2005861	56	-7.583741e-05
2005861	drum	-7.59402e-05
2005861	mark	-7.639635e-05
2005861	1991	-7.642733e-05
2005861	philadelphia	-7.654398e-05
2005861	profit	-7.68582e-05
2005861	label	-7.6872886e-05
2005861	seneg	-7.6879405e-05
2005861	guidanc	-7.68809e-05
2005861	mubarak	-7.706997e-05
2005861	cairn	-7.7202676e-05
2005861	postwar	-7.729474e-05
2005861	poorli	-7.733425e-05
2005861	globe	-7.7389304e-05
2005861	consolid	-7.741779e-05
2005861	ceremoni	-7.742608e-05
2005861	physiolog	-7.747015e-05
2005861	wound	-7.750541e-05
2005861	reagan	-7.7644065e-05
2005861	36	-7.772051e-05
2005861	workshop	-7.786359e-05
2005861	canon	-7.7880075e-05
2005861	korean	-7.800872e-05
2005861	mine	-7.8166195e-05
2005861	mirren	-7.8246616e-05
2005861	redirect	-7.826379e-05
2005861	indi	-7.830397e-05
2005861	laureat	-7.832157e-05
2005861	rocki	-7.8479025e-05
2005861	archiv	-7.8525685e-05
2005861	offens	-7.859796e-05
2005861	favor	-7.879383e-05
2005861	708	-7.896195e-05
2005861	earl	-7.914686e-05
2005861	901	-7.9174635e-05
2005861	de	-7.92774e-05
2005861	democraci	-7.9427526e-05
2005861	jupit	-7.9524914e-05
2005861	adriat	-7.961451e-05
2005861	abc	-7.97436e-05
2005861	kerri	-7.983388e-05
2005861	gorg	-7.988588e-05
2005861	cast	-7.995976e-05
2005861	meet	-8.0147256e-05
2005861	ma	-8.040863e-05
2005861	484	-8.045875e-05
2005861	cup	-8.0629274e-05
2005861	jessica	-8.064032e-05
2005861	glori	-8.067187e-05
2005861	met	-8.0727936e-05
2005861	teenag	-8.093682e-05
2005861	pari	-8.103895e-05
2005861	model	-8.1097554e-05
2005861	18	-8.115524e-05
2005861	linda	-8.1223516e-05
2005861	e3	-8.1251215e-05
2005861	dictionari	-8.12976e-05
2005861	nov	-8.137329e-05
2005861	kavanagh	-8.140282e-05
2005861	stadium	-8.141477e-05
2005861	lee	-8.148075e-05
2005861	1947	-8.148446e-05
2005861	duplex	-8.1518636e-05
2005861	8th	-8.158724e-05
2005861	415	-8.17149e-05
2005861	sadat	-8.174574e-05
2005861	591	-8.1933526e-05
2005861	mar	-8.205288e-05
2005861	6th	-8.2118546e-05
2005861	048	-8.2177714e-05
2005861	ricki	-8.219177e-05
2005861	exempt	-8.2245126e-05
2005861	pronunci	-8.2296836e-05
2005861	virtuou	-8.234029e-05
2005861	politi	-8.2440274e-05
2005861	disjunct	-8.278791e-05
2005861	nurs	-8.2793114e-05
2005861	spin	-8.293919e-05
2005861	hemispher	-8.294926e-05
2005861	140	-8.297528e-05
2005861	heard	-8.3008854e-05
2005861	sever	-8.306264e-05
2005861	fudg	-8.307931e-05
2005861	theatric	-8.310824e-05
2005861	offer	-8.3302344e-05
2005861	nc	-8.349365e-05
2005861	1957	-8.3769875e-05
2005861	leather	-8.385237e-05
2005861	tucson	-8.397345e-05
2005861	01	-8.4087216e-05
2005861	oman	-8.415346e-05
2005861	highland	-8.4172134e-05
2005861	negoti	-8.4210646e-05
2005861	bless	-8.424819e-05
2005861	domest	-8.4461964e-05
2005861	phrase	-8.462185e-05
2005861	induc	-8.477788e-05
2005861	cope	-8.507236e-05
2005861	pope	-8.5110274e-05
2005861	presidenti	-8.517879e-05
2005861	neurolog	-8.526572e-05
2005861	bernardo	-8.531359e-05
2005861	steer	-8.533225e-05
2005861	closur	-8.54582e-05
2005861	redesign	-8.5460575e-05
2005861	fridai	-8.546264e-05
2005861	loos	-8.58104e-05
2005861	anticommunist	-8.593079e-05
2005861	35	-8.5941065e-05
2005861	tommi	-8.598111e-05
2005861	regiment	-8.599987e-05
2005861	ambit	-8.600235e-05
2005861	cheer	-8.6104665e-05
2005861	rosenberg	-8.612668e-05
2005861	dodg	-8.63517e-05
2005861	pursu	-8.6531356e-05
2005861	contra	-8.6612374e-05
2005861	meridian	-8.672043e-05
2005861	reich	-8.698963e-05
2005861	belt	-8.719028e-05
2005861	62	-8.729536e-05
2005861	hydroelectr	-8.731574e-05
2005861	farmer	-8.766029e-05
2005861	96	-8.7719716e-05
2005861	houston	-8.7921246e-05
2005861	federico	-8.794263e-05
2005861	internation	-8.796466e-05
2005861	eighth	-8.817148e-05
2005861	summit	-8.819562e-05
2005861	2022	-8.8220455e-05
2005861	songwrit	-8.8250505e-05
2005861	gibson	-8.826744e-05
2005861	phase	-8.8753724e-05
2005861	chariti	-8.881029e-05
2005861	ut	-8.8814144e-05
2005861	canal	-8.8859786e-05
2005861	meadow	-8.891459e-05
2005861	northern	-8.912483e-05
2005861	shaw	-8.9129164e-05
2005861	widespread	-8.9285786e-05
2005861	gw	-8.9850706e-05
2005861	merl	-9.0087124e-05
2005861	golf	-9.013461e-05
2005861	slight	-9.019728e-05
2005861	31	-9.020645e-05
2005861	1936	-9.0288835e-05
2005861	outstand	-9.02902e-05
2005861	consecut	-9.042739e-05
2005861	mel	-9.048132e-05
2005861	press	-9.07658e-05
2005861	cken	-9.0846195e-05
2005861	18th	-9.0846836e-05
2005861	republican	-9.101914e-05
2005861	combin	-9.1021844e-05
2005861	campbel	-9.108267e-05
2005861	emmi	-9.1415925e-05
2005861	cnn	-9.1880254e-05
2005861	turkmenistan	-9.205354e-05
2005861	tajikistan	-9.216451e-05
2005861	drink	-9.229881e-05
2005861	2020	-9.2381335e-05
2005861	visit	-9.2394264e-05
2005861	79	-9.243153e-05
2005861	fricker	-9.2635266e-05
2005861	rice	-9.2706505e-05
2005861	disturb	-9.2735834e-05
2005861	nobel	-9.279191e-05
2005861	rare	-9.286004e-05
2005861	971	-9.2901086e-05
2005861	turkei	-9.304283e-05
2005861	kerrang	-9.306866e-05
2005861	1968	-9.3185896e-05
2005861	astronom	-9.3245864e-05
2005861	site	-9.329887e-05
2005861	california	-9.33785e-05
2005861	dublin	-9.358685e-05
2005861	appear	-9.367254e-05
2005861	orlean	-9.370012e-05
2005861	cite	-9.384096e-05
2005861	independ	-9.38689e-05
2005861	soloist	-9.412058e-05
2005861	israel	-9.4129144e-05
2005861	cc	-9.41326e-05
2005861	fate	-9.429946e-05
2005861	whip	-9.450494e-05
2005861	tokyo	-9.452323e-05
2005861	crosbi	-9.537041e-05
2005861	conscious	-9.550127e-05
2005861	outdat	-9.556904e-05
2005861	beam	-9.560399e-05
2005861	137	-9.567142e-05
2005861	mcdonald	-9.574297e-05
2005861	mvp	-9.6004005e-05
2005861	moder	-9.613516e-05
2005861	holi	-9.616853e-05
2005861	rate	-9.6231524e-05
2005861	aka	-9.625097e-05
2005861	fake	-9.635882e-05
2005861	125	-9.638587e-05
2005861	329	-9.646676e-05
2005861	freed	-9.6677664e-05
2005861	excis	-9.686195e-05
2005861	imag	-9.711626e-05
2005861	norm	-9.72431e-05
2005861	kink	-9.7343254e-05
2005861	blatant	-9.735171e-05
2005861	haggard	-9.7388656e-05
2005861	critic	-9.743091e-05
2005861	chevi	-9.7480166e-05
2005861	navi	-9.748697e-05
2005861	seller	-9.758454e-05
2005861	fighter	-9.7593984e-05
2005861	flashpoint	-9.761438e-05
2005861	p5	-9.763418e-05
2005861	scottsdal	-9.7784825e-05
2005861	burma	-9.800264e-05
2005861	creativecommon	-9.805467e-05
2005861	dam	-9.8446435e-05
2005861	carlo	-9.864313e-05
2005861	saarbr	-9.869093e-05
2005861	conlei	-9.8751276e-05
2005861	barbara	-9.880964e-05
2005861	ferri	-9.89214e-05
2005861	1975	-9.905072e-05
2005861	approxim	-9.907522e-05
2005861	coalit	-9.910623e-05
2005861	prosper	-9.9328776e-05
2005861	lit	-9.933319e-05
2005861	abolit	-9.944374e-05
2005861	gazett	-9.9707846e-05
2005861	arrow	-9.9736324e-05
2005861	plymouth	-9.977608e-05
2005861	642	-9.9858305e-05
2005861	486	-9.9872595e-05
2005861	anim	-9.994678e-05
2005861	49	-0.00010030072
2005861	milstein	-0.00010035757
2005861	seoul	-0.00010035934
2005861	martyr	-0.00010036787
2005861	morgan	-0.00010038937
2005861	resembl	-0.000100443605
2005861	manic	-0.00010046262
2005861	899	-0.00010084617
2005861	ishtar	-0.00010100887
2005861	portrai	-0.00010115014
2005861	58	-0.00010123853
2005861	tom	-0.00010135123
2005861	jewel	-0.000101364196
2005861	schedul	-0.00010142107
2005861	harrison	-0.00010164837
2005861	bab	-0.000101707
2005861	string	-0.000101830796
2005861	englewood	-0.000101841026
2005861	dr	-0.00010190333
2005861	court	-0.000101961814
2005861	206	-0.00010197558
2005861	gritti	-0.000102141516
2005861	ivi	-0.00010223286
2005861	formal	-0.000102333775
2005861	toni	-0.00010236381
2005861	mainstream	-0.000102469625
2005861	jimmi	-0.00010251905
2005861	bureaucraci	-0.00010254891
2005861	1979	-0.000102565406
2005861	hussein	-0.00010302521
2005861	actor	-0.00010316976
2005861	carter	-0.000103357735
2005861	elgreggo11	-0.00010389796
2005861	reinhardeydt	-0.00010389796
2005861	assassin	-0.00010401736
2005861	britannia	-0.00010412949
2005861	caravan	-0.00010430864
2005861	mont	-0.000104365026
2005861	wife	-0.00010453894
2005861	willi	-0.000104822735
2005861	1917	-0.000105401814
2005861	ireland	-0.000105435574
2005861	pg	-0.00010546059
2005861	bit	-0.00010559666
2005861	media	-0.00010569418
2005861	widest	-0.00010622227
2005861	37	-0.00010624617
2005861	skagg	-0.00010630935
2005861	tampa	-0.00010650497
2005861	tale	-0.000106570595
2005861	militari	-0.000106621024
2005861	platinum	-0.000106690844
2005861	web	-0.0001069084
2005861	casual	-0.0001070595
2005861	jon	-0.000107416294
2005861	1966	-0.000107426706
2005861	journal	-0.00010747463
2005861	bluegrass	-0.000107575084
2005861	zair	-0.00010777957
2005861	paloma	-0.00010784335
2005861	readmit	-0.0001078588
2005861	thame	-0.00010840176
2005861	german	-0.000108429515
2005861	nautic	-0.000108770335
2005861	mini	-0.0001090765
2005861	simon	-0.00010926829
2005861	surplu	-0.0001093169
2005861	uneven	-0.00010933635
2005861	iceland	-0.000109348526
2005861	djibou	-0.00010958808
2005861	malibu	-0.00010971562
2005861	math	-0.00010981806
2005861	famin	-0.000109983564
2005861	atlanta	-0.00011007765
2005861	terrorist	-0.000110116845
2005861	ballad	-0.00011045094
2005861	tougher	-0.00011050902
2005861	stuart	-0.0001106164
2005861	starvat	-0.000110645706
2005861	198	-0.00011070034
2005861	digit	-0.000110727844
2005861	sang	-0.00011122716
2005861	pictur	-0.00011126753
2005861	secur	-0.0001114487
2005861	shannon	-0.00011187432
2005861	reprint	-0.000111939575
2005861	suspect	-0.000111974994
2005861	benelux	-0.0001120095
2005861	grand	-0.00011212961
2005861	88	-0.00011231891
2005861	hospit	-0.00011238067
2005861	tenth	-0.00011257414
2005861	gandhi	-0.00011274193
2005861	datum	-0.000112788235
2005861	twelfth	-0.00011285139
2005861	far	-0.000112895534
2005861	thesauru	-0.00011291071
2005861	water	-0.000112913134
2005861	screenplai	-0.00011362673
2005861	sissi	-0.000113660615
2005861	coliseum	-0.00011367109
2005861	tat	-0.00011430488
2005861	moodi	-0.00011434765
2005861	kinshasa	-0.000114386006
2005861	leloir	-0.00011441155
2005861	cb	-0.000114456474
2005861	letter	-0.00011462807
2005861	nitti	-0.00011463094
2005861	attracta	-0.00011464922
2005861	columbia	-0.00011467131
2005861	wasn	-0.00011473931
2005861	edinburgh	-0.00011501643
2005861	newcom	-0.000115021816
2005861	style	-0.000115030234
2005861	03	-0.0001150474
2005861	26	-0.00011515336
2005861	joyc	-0.0001151991
2005861	subjug	-0.00011527556
2005861	neurosurgeri	-0.00011544636
2005861	100u	-0.000115509276
2005861	1862	-0.00011565357
2005861	feminist	-0.00011598124
2005861	vi	-0.000116054274
2005861	gallo	-0.000116343654
2005861	2012	-0.00011638883
2005861	45	-0.00011651473
2005861	ting	-0.00011675573
2005861	1964	-0.00011688778
2005861	octob	-0.00011689937
2005861	suzann	-0.00011722731
2005861	success	-0.00011733043
2005861	retook	-0.00011749293
2005861	pittsburgh	-0.000117828095
2005861	rca	-0.00011785207
2005861	en	-0.00011799568
2005861	68	-0.00011829332
2005861	orion	-0.00011849216
2005861	bear	-0.00011851835
2005861	thirteenth	-0.00011852693
2005861	statesman	-0.0001185612
2005861	gymnast	-0.00011890675
2005861	billi	-0.00011928022
2005861	tre	-0.00011951319
2005861	sabin	-0.00011957895
2005861	houssai	-0.00011962271
2005861	toenniessen	-0.00011964361
2005861	bennett	-0.000119716264
2005861	marxist	-0.00011981303
2005861	seychel	-0.000119862605
2005861	tit	-0.00012002636
2005861	surviv	-0.00012013713
2005861	guri	-0.00012054626
2005861	html	-0.00012065113
2005861	assign	-0.00012101534
2005861	levin	-0.00012101657
2005861	switzerland	-0.000121188226
2005861	soda	-0.00012200862
2005861	coeur	-0.00012203902
2005861	inspector	-0.00012206733
2005861	kivu	-0.00012247008
2005861	achiev	-0.00012249271
2005861	uruguai	-0.00012266988
2005861	hypnosi	-0.00012278477
2005861	colin	-0.00012304258
2005861	jackson	-0.0001230483
2005861	mort	-0.00012306844
2005861	failur	-0.00012335785
2005861	home	-0.00012336303
2005861	impos	-0.00012346746
2005861	goalscor	-0.00012353729
2005861	just	-0.00012363127
2005861	polici	-0.00012372325
2005861	itaipu	-0.00012382652
2005861	train	-0.00012392036
2005861	alain	-0.00012421358
2005861	jame	-0.00012426448
2005861	thriller	-0.00012428038
2005861	respons	-0.00012492546
2005861	malaysia	-0.00012505517
2005861	44	-0.00012536815
2005861	tripper	-0.00012539043
2005861	greenwood	-0.00012561807
2005861	ne	-0.00012568121
2005861	navig	-0.0001260082
2005861	grant	-0.00012638452
2005861	bethani	-0.000126413
2005861	loxahatche	-0.0001267493
2005861	adrian	-0.00012694017
2005861	unsympathet	-0.0001269594
2005861	amour	-0.0001276493
2005861	ngo	-0.00012781871
2005861	spacek	-0.00012787836
2005861	bpi	-0.00012800853
2005861	1971	-0.00012812694
2005861	aster	-0.000128213
2005861	purplish	-0.00012874097
2005861	absent	-0.00012874906
2005861	eu	-0.00012875871
2005861	julio	-0.000128812
2005861	whisper	-0.00012906108
2005861	dec	-0.0001292523
2005861	capac	-0.0001293623
2005861	subtleti	-0.00012963447
2005861	suez	-0.00012978514
2005861	nazareth	-0.0001298675
2005861	studi	-0.00013029987
2005861	85	-0.00013054688
2005861	edit	-0.0001308419
2005861	dewitt	-0.00013108447
2005861	car	-0.0001311262
2005861	cann	-0.00013139342
2005861	larg	-0.00013140008
2005861	ioc	-0.00013140241
2005861	recept	-0.0001319001
2005861	hydropow	-0.0001320353
2005861	ritter	-0.00013208007
2005861	gerri	-0.00013208561
2005861	beij	-0.00013227448
2005861	2019	-0.000132723
2005861	director	-0.0001327894
2005861	quartet	-0.00013280635
2005861	ivori	-0.00013280803
2005861	embassi	-0.00013285992
2005861	paralymp	-0.00013292745
2005861	sanction	-0.00013298093
2005861	taiko	-0.00013301424
2005861	somer	-0.00013326448
2005861	70	-0.00013333501
2005861	hockei	-0.00013350227
2005861	70u	-0.0001339507
2005861	copyright	-0.00013402232
2005861	sedan	-0.0001340812
2005861	53	-0.00013409651
2005861	roper	-0.00013411096
2005861	suprem	-0.00013413258
2005861	51	-0.00013415088
2005861	cordial	-0.00013421998
2005861	libyan	-0.00013434516
2005861	liabil	-0.0001343815
2005861	attend	-0.00013456818
2005861	cayman	-0.0001346856
2005861	iglesia	-0.00013509422
2005861	bafta	-0.00013512699
2005861	wish	-0.0001353189
2005861	stroke	-0.00013553922
2005861	servic	-0.00013566765
2005861	48	-0.00013573251
2005861	unessenti	-0.00013588858
2005861	chassi	-0.00013595828
2005861	24	-0.00013619506
2005861	unleash	-0.00013639279
2005861	cia	-0.00013653307
2005861	palm	-0.00013675616
2005861	odd	-0.00013679409
2005861	crucial	-0.00013684596
2005861	winner	-0.00013689195
2005861	suppli	-0.00013693242
2005861	badli	-0.00013715128
2005861	retroviru	-0.00013724735
2005861	nehru	-0.0001372631
2005861	indira	-0.00013761241
2005861	congress	-0.00013804021
2005861	ghana	-0.00013817812
2005861	lake	-0.00013854845
2005861	sponsor	-0.00013866914
2005861	poll	-0.00013867478
2005861	34	-0.00013908229
2005861	ski	-0.00013937747
2005861	bosnian	-0.00013964261
2005861	macmillan	-0.00014017541
2005861	resolv	-0.00014018256
2005861	careless	-0.0001407311
2005861	georgia	-0.00014122689
2005861	htlv	-0.00014134723
2005861	innsbruck	-0.00014157394
2005861	divis	-0.00014159761
2005861	mcentir	-0.00014164508
2005861	nadia	-0.00014178616
2005861	ado	-0.000141813
2005861	woodi	-0.00014223855
2005861	sisterhood	-0.00014226265
2005861	1974	-0.000142695
2005861	muirfield	-0.00014302904
2005861	40min	-0.00014353234
2005861	encyclopedia	-0.00014353322
2005861	extract	-0.00014389305
2005861	irri	-0.00014446052
2005861	whitlei	-0.00014488437
2005861	cooper	-0.00014498213
2005861	springbok	-0.00014499425
2005861	ro	-0.00014523187
2005861	78	-0.0001454155
2005861	andorra	-0.00014564759
2005861	autonomi	-0.00014581108
2005861	59	-0.00014614586
2005861	ghat	-0.00014615888
2005861	mari	-0.00014711737
2005861	sea	-0.00014749457
2005861	romant	-0.00014754677
2005861	52	-0.0001475481
2005861	mali	-0.0001476319
2005861	recent	-0.00014763724
2005861	circu	-0.00014785817
2005861	2008	-0.00014824678
2005861	mandrel	-0.00014836849
2005861	cook	-0.00014856951
2005861	surround	-0.00014857494
2005861	iraq	-0.00014887293
2005861	norman	-0.00014892255
2005861	minivan	-0.00014937528
2005861	niger	-0.00014963055
2005861	ysidro	-0.0001496831
2005861	el	-0.00014971984
2005861	lester	-0.00014978141
2005861	onlin	-0.0001504559
2005861	put	-0.00015084546
2005861	juku	-0.00015101965
2005861	flag	-0.00015113903
2005861	field	-0.00015178637
2005861	marino	-0.00015196441
2005861	saudi	-0.0001523386
2005861	arabia	-0.00015260243
2005861	marek	-0.00015288424
2005861	gilbert	-0.0001533607
2005861	canadi	-0.00015340572
2005861	chauvinist	-0.00015377488
2005861	sought	-0.00015390727
2005861	2003	-0.00015421386
2005861	thierri	-0.00015432331
2005861	san	-0.00015445473
2005861	return	-0.00015476154
2005861	spent	-0.00015500704
2005861	lymphotrop	-0.00015530497
2005861	74	-0.00015544514
2005861	tanzania	-0.00015561034
2005861	kroq	-0.00015562134
2005861	robert	-0.00015563147
2005861	incom	-0.00015599123
2005861	1981	-0.00015650726
2005861	featur	-0.00015661964
2005861	receiv	-0.00015691035
2005861	hostil	-0.00015694508
2005861	vestig	-0.0001569689
2005861	hatchback	-0.00015718315
2005861	45min	-0.00015754803
2005861	80	-0.00015756645
2005861	associ	-0.00015789592
2005861	male	-0.00015819682
2005861	meter	-0.00015819915
2005861	least	-0.00015872634
2005861	atkin	-0.00015881011
2005861	beauvoir	-0.00015886535
2005861	appli	-0.00015893733
2005861	islam	-0.00016013776
2005861	enslav	-0.00016128496
2005861	singapor	-0.00016164508
2005861	saeed	-0.00016187891
2005861	sold	-0.00016192927
2005861	insurg	-0.00016200742
2005861	regular	-0.00016232311
2005861	rym	-0.00016274877
2005861	venezuela	-0.00016280073
2005861	ellipsoid	-0.00016354553
2005861	fl	-0.00016357108
2005861	min	-0.00016364093
2005861	thailand	-0.00016364882
2005861	border	-0.0001638684
2005861	horn	-0.00016399918
2005861	statutori	-0.00016414971
2005861	thoma	-0.00016440605
2005861	togo	-0.00016443737
2005861	61	-0.00016468453
2005861	threaten	-0.00016468846
2005861	volta	-0.00016471591
2005861	role	-0.00016502831
2005861	friendship	-0.00016527926
2005861	magdala	-0.00016533904
2005861	perfect	-0.00016571129
2005861	resnai	-0.0001657448
2005861	tax	-0.00016605733
2005861	terror	-0.00016606705
2005861	jr	-0.00016658647
2005861	express	-0.00016698785
2005861	struck	-0.00016816505
2005861	cape	-0.00016827419
2005861	bill	-0.00016830389
2005861	damag	-0.00016852902
2005861	60	-0.0001686216
2005861	sep	-0.0001687653
2005861	insid	-0.00016877972
2005861	schengen	-0.00016907821
2005861	denmark	-0.00016916246
2005861	talaba	-0.00016917005
2005861	attack	-0.0001695034
2005861	institut	-0.00016967376
2005861	bronski	-0.00016984034
2005861	qatar	-0.0001700832
2005861	gold	-0.00017013765
2005861	left	-0.00017049117
2005861	30u	-0.00017074968
2005861	pursuant	-0.00017078774
2005861	66	-0.000170964
2005861	1993	-0.00017150701
2005861	orwellian	-0.00017176874
2005861	geodet	-0.00017204722
2005861	fripp	-0.00017232147
2005861	p31	-0.00017282007
2005861	homework	-0.00017362199
2005861	sahara	-0.00017394677
2005861	river	-0.00017418317
2005861	parol	-0.00017437531
2005861	odk	-0.00017547456
2005861	europeasiatravel	-0.00017625162
2005861	placesbord	-0.00017625162
2005861	old	-0.00017650856
2005861	15	-0.00017671661
2005861	yugoslavia	-0.00017683629
2005861	ppp	-0.00017748935
2005861	la	-0.00017763746
2005861	grier	-0.0001777972
2005861	hambl	-0.00017807557
2005861	definit	-0.00017892048
2005861	ehrmann	-0.00017900771
2005861	farrel	-0.00017919592
2005861	decad	-0.00017934112
2005861	mongolia	-0.00017940954
2005861	femal	-0.00017980547
2005861	lang	-0.00018010459
2005861	chet	-0.00018018804
2005861	emir	-0.00018031102
2005861	jenile	-0.00018145636
2005861	find	-0.00018164143
2005861	council	-0.00018182168
2005861	comaneci	-0.00018198638
2005861	sigi	-0.0001819911
2005861	organis	-0.0001822986
2005861	basi	-0.00018237223
2005861	qualifi	-0.00018253394
2005861	spanish	-0.00018262674
2005861	clydestuff	-0.00018272792
2005861	penalti	-0.00018279097
2005861	bruford	-0.0001828748
2005861	belew	-0.00018405466
2005861	vocalist	-0.00018408897
2005861	januari	-0.00018413394
2005861	libya	-0.000185674
2005861	foriegn	-0.00018624087
2005861	theme	-0.00018678779
2005861	sec	-0.00018699179
2005861	finish	-0.00018733283
2005861	saxton	-0.0001877029
2005861	pair	-0.00018810279
2005861	comput	-0.000188226
2005861	kod	-0.0001885328
2005861	altern	-0.00018885967
2005861	miss	-0.00018953037
2005861	cont	-0.00018983614
2005861	foreign	-0.00019021226
2005861	cond	-0.0001906473
2005861	quotat	-0.00019106027
2005861	expir	-0.00019179488
2005861	premier	-0.0001924418
2005861	asian	-0.00019255736
2005861	150u	-0.00019309981
2005861	respect	-0.0001933163
2005861	gregg	-0.00019371015
2005861	camino	-0.00019371486
2005861	paid	-0.00019386537
2005861	loyalti	-0.00019410485
2005861	plai	-0.00019454258
2005861	academ	-0.00019459118
2005861	berk	-0.00019460368
2005861	lesotho	-0.00019484508
2005861	degre	-0.00019487887
2005861	ask	-0.00019529642
2005861	reaffirm	-0.00019560932
2005861	constitution	-0.00019667252
2005861	32	-0.00019716693
2005861	ratifi	-0.00019729776
2005861	pressur	-0.00019763577
2005861	5000	-0.00019771732
2005861	august	-0.00019800129
2005861	sovereignti	-0.00019863396
2005861	www	-0.00019870662
2005861	28	-0.0001993158
2005861	runner	-0.00019973337
2005861	behavior	-0.00019982937
2005861	largest	-0.00019992205
2005861	weak	-0.0002004083
2005861	tour	-0.00020043473
2005861	coach	-0.00020110927
2005861	musician	-0.00020117505
2005861	sankara	-0.00020126726
2005861	pattern	-0.00020245987
2005861	happi	-0.00020274278
2005861	nelson	-0.00020312141
2005861	gui	-0.0002031424
2005861	joint	-0.00020407727
2005861	worker	-0.00020430611
2005861	miltimor	-0.00020458642
2005861	administr	-0.00020460892
2005861	ouagadoug	-0.00020604076
2005861	late	-0.00020618932
2005861	ben	-0.00020641583
2005861	form	-0.00020643618
2005861	125u	-0.00020675981
2005861	grammi	-0.00020694635
2005861	duet	-0.000209096
2005861	peacefulli	-0.0002092599
2005861	town	-0.00021050192
2005861	zimbaw	-0.000211939
2005861	statist	-0.00021344144
2005861	career	-0.00021381506
2005861	hungarian	-0.00021384298
2005861	lebanon	-0.00021402533
2005861	65	-0.00021480613
2005861	94	-0.00021501795
2005861	certifi	-0.00021526174
2005861	soon	-0.00021569378
2005861	month	-0.0002158242
2005861	highli	-0.00021583421
2005861	select	-0.00021590477
2005861	229	-0.00021590597
2005861	inclus	-0.0002161103
2005861	brian	-0.00021620575
2005861	mitchel	-0.00021715196
2005861	directli	-0.00021756906
2005861	tank	-0.00021766221
2005861	burkinab	-0.00021795648
2005861	crossov	-0.0002189242
2005861	farm	-0.00021900336
2005861	kanievska	-0.00021981448
2005861	portug	-0.00022084443
2005861	comer	-0.00022126529
2005861	cherish	-0.00022208331
2005861	stronger	-0.00022240255
2005861	studio	-0.00022244231
2005861	channel	-0.0002226547
2005861	cockburn	-0.00022284627
2005861	pact	-0.00022290874
2005861	magellan	-0.00022309141
2005861	significantli	-0.00022324758
2005861	33	-0.00022331171
2005861	21	-0.00022331359
2005861	1956	-0.00022353175
2005861	king	-0.00022412911
2005861	furman	-0.00022490727
2005861	pre	-0.00022520464
2005861	french	-0.00022573826
2005861	edg	-0.00022697712
2005861	johnni	-0.00022711682
2005861	multiparti	-0.00022776004
2005861	reli	-0.0002279187
2005861	1h	-0.00022817882
2005861	1992	-0.00022932819
2005861	debut	-0.00022952208
2005861	ross	-0.00023005926
2005861	warsaw	-0.00023062067
2005861	nad83	-0.00023069476
2005861	alexand	-0.00023091909
2005861	playboi	-0.00023128599
2005861	occurr	-0.00023138394
2005861	threat	-0.00023144728
2005861	orthodoxi	-0.00023163909
2005861	1941	-0.00023249022
2005861	fourth	-0.00023250523
2005861	wgs84	-0.00023254678
2005861	academi	-0.00023272826
2005861	julian	-0.00023311639
2005861	fifth	-0.0002331354
2005861	1987	-0.00023348459
2005861	embed	-0.00023363704
2005861	desir	-0.00023401692
2005861	wage	-0.00023511099
2005861	withdraw	-0.00023696816
2005861	actress	-0.00023731179
2005861	1995	-0.00023792019
2005861	compani	-0.00023821584
2005861	wham	-0.00023838464
2005861	50	-0.00023903494
2005861	73	-0.0002391737
2005861	benefici	-0.00024015855
2005861	finland	-0.00024079591
2005861	hope	-0.00024088302
2005861	43	-0.00024173137
2005861	margaret	-0.00024200081
2005861	impact	-0.00024233584
2005861	taught	-0.00024309335
2005861	arcad	-0.00024384976
2005861	measur	-0.000244144
2005861	everett	-0.00024454232
2005861	withdrew	-0.00024557166
2005861	protest	-0.00024655828
2005861	nam	-0.00024673148
2005861	1960	-0.00024855876
2005861	az	-0.00024876947
2005861	nordic	-0.00024900748
2005861	plough	-0.00024914884
2005861	kou	-0.0002492174
2005861	took	-0.00024947376
2005861	hysteria	-0.00025007568
2005861	sentiment	-0.00025033875
2005861	relev	-0.0002504638
2005861	topic	-0.00025062935
2005861	gyakush	-0.00025149508
2005861	29	-0.00025160925
2005861	drama	-0.00025203262
2005861	march	-0.00025298062
2005861	right	-0.00025304148
2005861	scienc	-0.00025348074
2005861	suspend	-0.00025394873
2005861	interact	-0.0002541683
2005861	rabbitt	-0.00025499042
2005861	box	-0.0002550349
2005861	193	-0.00025511332
2005861	contrari	-0.00025568384
2005861	viet	-0.0002557848
2005861	mirror	-0.00025627876
2005861	contradictori	-0.00025653298
2005861	spectrum	-0.00025722838
2005861	hot	-0.00025737146
2005861	version	-0.00025793613
2005861	prime	-0.00025858564
2005861	2044	-0.0002594635
2005861	park	-0.00025949802
2005861	committe	-0.00026026156
2005861	compet	-0.00026027975
2005861	262	-0.00026151992
2005861	2004	-0.0002620958
2005861	agreement	-0.0002628437
2005861	truli	-0.0002629351
2005861	norwai	-0.00026322462
2005861	rupert	-0.00026353568
2005861	second	-0.00026504978
2005861	televis	-0.00026555665
2005861	tim	-0.00026633573
2005861	solo	-0.00026636862
2005861	energi	-0.00026659327
2005861	egypt	-0.00026733504
2005861	sphere	-0.0002673708
2005861	burgess	-0.00026757928
2005861	requir	-0.00026773397
2005861	retali	-0.0002680538
2005861	eventu	-0.00026888493
2005861	1958	-0.00026956105
2005861	incept	-0.00026987694
2005861	72	-0.00027025957
2005861	closer	-0.00027025965
2005861	40	-0.00027176985
2005861	investig	-0.00027287338
2005861	nichol	-0.00027296066
2005861	berni	-0.000273453
2005861	affair	-0.00027408265
2005861	strait	-0.00027462203
2005861	1896	-0.00027532515
2005861	john	-0.00027538367
2005861	nafta	-0.0002759707
2005861	holland	-0.00027607495
2005861	unconsci	-0.0002767205
2005861	peterson	-0.00027720974
2005861	http	-0.00027846982
2005861	confirm	-0.00027873236
2005861	mall	-0.00027876152
2005861	medal	-0.00027909962
2005861	tie	-0.0002804113
2005861	crimson	-0.00028059902
2005861	greec	-0.00028119254
2005861	inch	-0.0002816496
2005861	suspens	-0.00028222462
2005861	lansana	-0.00028224595
2005861	xivth	-0.00028249875
2005861	due	-0.00028258766
2005861	1986	-0.00028273152
2005861	heart	-0.00028302602
2005861	refer	-0.00028307975
2005861	pdr	-0.0002834276
2005861	nomin	-0.0002836656
2005861	club	-0.0002842044
2005861	jump	-0.0002844494
2005861	1970	-0.00028495002
2005861	lower	-0.0002850845
2005861	act	-0.00028592115
2005861	athlet	-0.00028648708
2005861	try	-0.00028652974
2005861	hair	-0.00028662296
2005861	scott	-0.00028818139
2005861	2006	-0.00028965142
2005861	sekou	-0.00029348157
2005861	presid	-0.0002936746
2005861	nashvil	-0.0002945792
2005861	bad	-0.0002949516
2005861	support	-0.00029527093
2005861	amount	-0.00029532556
2005861	finkelstein	-0.00029698815
2005861	grip	-0.00029786208
2005861	european	-0.00029900597
2005861	sourc	-0.00029910277
2005861	perform	-0.00029933333
2005861	stripe	-0.00029967632
2005861	help	-0.0003003261
2005861	000	-0.00030065482
2005861	org	-0.00030078573
2005861	funni	-0.00030171438
2005861	yemen	-0.00030237527
2005861	thatcher	-0.00030263906
2005861	total	-0.00030268717
2005861	commemor	-0.00030277646
2005861	sale	-0.00030330184
2005861	remind	-0.00030353275
2005861	zhao	-0.00030462144
2005861	unveil	-0.0003049134
2005861	54	-0.00030533568
2005861	firth	-0.00030535262
2005861	pleasur	-0.0003056292
2005861	introduct	-0.00030616476
2005861	sacrific	-0.00030626
2005861	19	-0.00030696118
2005861	learn	-0.00030752178
2005861	alami	-0.000307621
2005861	1994	-0.00030805802
2005861	frederick	-0.0003090884
2005861	sino	-0.00030921525
2005861	medallist	-0.00031117487
2005861	convei	-0.0003121726
2005861	wikipedia	-0.00031221187
2005861	sorri	-0.0003124014
2005861	1999	-0.00031311854
2005861	interpret	-0.0003137321
2005861	sham	-0.00031373222
2005861	logic	-0.00031417483
2005861	appl	-0.0003146808
2005861	gb	-0.0003150542
2005861	coup	-0.00031605165
2005861	cloth	-0.00031610654
2005861	09	-0.00031654374
2005861	optimist	-0.0003169336
2005861	mortim	-0.00031703096
2005861	vast	-0.00031753053
2005861	septemb	-0.00031831514
2005861	myanmar	-0.00031867193
2005861	romania	-0.00031901896
2005861	surg	-0.00031908922
2005861	hart	-0.00031935037
2005861	costa	-0.0003202678
2005861	process	-0.00032159634
2005861	symbol	-0.00032170495
2005861	sparknot	-0.00032178868
2005861	budget	-0.0003265489
2005861	te	-0.00032786306
2005861	facil	-0.00032903466
2005861	notion	-0.0003310777
2005861	on	-0.00033176786
2005861	indonesia	-0.00033223745
2005861	bodi	-0.0003334475
2005861	first	-0.00033411925
2005861	releas	-0.00033422592
2005861	veteran	-0.00033451302
2005861	silver	-0.00033458255
2005861	categori	-0.00033485566
2005861	await	-0.00033488523
2005861	rica	-0.00033741005
2005861	5000m	-0.000338445
2005861	luxembourg	-0.00033894743
2005861	pledg	-0.00033947965
2005861	april	-0.00034065373
2005861	sitcom	-0.00034079087
2005861	egalitarian	-0.000341231
2005861	absente	-0.00034124227
2005861	weegi	-0.0003415984
2005861	1990	-0.00034678352
2005861	1st	-0.00034744636
2005861	sacrif	-0.00034878124
2005861	enjoi	-0.00034969865
2005861	donkei	-0.00034983378
2005861	star	-0.00035129444
2005861	biggest	-0.0003518493
2005861	net	-0.0003530346
2005861	sceneri	-0.00035308956
2005861	enter	-0.0003535937
2005861	nepal	-0.00035625516
2005861	author	-0.0003586931
2005861	hutch	-0.00035893125
2005861	hundr	-0.00035926147
2005861	3rd	-0.00035953883
2005861	minist	-0.00036001555
2005861	rais	-0.00036064335
2005861	statu	-0.0003607711
2005861	disbelief	-0.00036107076
2005861	beliz	-0.00036108785
2005861	1946	-0.0003613503
2005861	elicit	-0.000364107
2005861	appreci	-0.0003646292
2005861	stroll	-0.00036478793
2005861	host	-0.00036485214
2005861	credit	-0.0003648538
2005861	colombia	-0.0003664255
2005861	verd	-0.0003675042
2005861	tibet	-0.00036920983
2005861	ali	-0.0003696821
2005861	decathlon	-0.00037045276
2005861	ao	-0.00037152952
2005861	hungari	-0.00037161447
2005861	2100	-0.00037330465
2005861	cypru	-0.00037377962
2005861	bahama	-0.00037429252
2005861	obviou	-0.00037555478
2005861	asean	-0.00037621023
2005861	sear	-0.0003767744
2005861	chad	-0.0003777214
2005861	upper	-0.00037776295
2005861	succumb	-0.00037921217
2005861	song	-0.00037965958
2005861	arab	-0.00037980624
2005861	half	-0.00037993424
2005861	profound	-0.0003821087
2005861	sarajevo	-0.00038293996
2005861	extremist	-0.0003838755
2005861	barbado	-0.00038423302
2005861	chrysler	-0.00038452158
2005861	cabo	-0.00038551242
2005861	armenia	-0.00038637815
2005861	1997	-0.0003864031
2005861	shade	-0.00038658423
2005861	advanc	-0.00038710117
2005861	aruba	-0.0003879129
2005861	provok	-0.00039075228
2005861	servicemen	-0.00039624108
2005861	belaru	-0.00039664292
2005861	democrat	-0.00039679167
2005861	tyrann	-0.00039691795
2005861	dem	-0.00039726865
2005861	netflix	-0.00039933147
2005861	botswana	-0.00039947804
2005861	2014	-0.00039981346
2005861	macintosh	-0.00040028646
2005861	billboard	-0.000404091
2005861	philippin	-0.00040519692
2005861	bronz	-0.0004053615
2005861	attempt	-0.00040593365
2005861	fantasi	-0.0004082361
2005861	disput	-0.00040859464
2005861	overbear	-0.00041043464
2005861	bhutan	-0.0004104564
2005861	commit	-0.00041184176
2005861	particip	-0.00041401671
2005861	dogma	-0.00041653676
2005861	conscienc	-0.00041715376
2005861	abl	-0.00041795927
2005861	cura	-0.00041959956
2005861	1977	-0.00042025768
2005861	next	-0.0004208679
2005861	winter	-0.00042128484
2005861	concern	-0.0004221668
2005861	czech	-0.0004224489
2005861	taiwan	-0.00042258317
2005861	bangladesh	-0.00042403414
2005861	devote	-0.00042567344
2005861	ridlei	-0.000426013
2005861	195	-0.00042686716
2005861	20	-0.0004280992
2005861	bosnia	-0.0004297087
2005861	ziyang	-0.00042997467
2005861	burundi	-0.0004319537
2005861	michael	-0.00043354603
2005861	1976	-0.00043370956
2005861	peak	-0.00043458454
2005861	warfar	-0.00043712984
2005861	neg	-0.00043721063
2005861	30	-0.0004379697
2005861	afghanistan	-0.0004418898
2005861	ivoir	-0.00044554155
2005861	censorship	-0.00044654738
2005861	base	-0.00044822146
2005861	herzegovina	-0.0004503204
2005861	dark	-0.00045059746
2005861	asia	-0.00045215004
2005861	fivb	-0.0004536762
2005861	gestur	-0.00045401274
2005861	explan	-0.00045422354
2005861	antigua	-0.0004550722
2005861	brilliantli	-0.0004571745
2005861	macao	-0.00045726716
2005861	bahrain	-0.0004574822
2005861	1989	-0.00045819161
2005861	croatia	-0.00045898627
2005861	wit	-0.00045902844
2005861	african	-0.00046040266
2005861	slave	-0.00046115785
2005861	usa	-0.00046232264
2005861	27	-0.0004629091
2005861	nake	-0.00046291717
2005861	am	-0.0004643704
2005861	add	-0.00046557182
2005861	movi	-0.00046812286
2005861	perman	-0.00046842764
2005861	tournament	-0.00047013443
2005861	radford	-0.00047018312
2005861	genr	-0.00047074253
2005861	massiv	-0.00047472934
2005861	cameroon	-0.00047517312
2005861	devot	-0.00047545406
2005861	chri	-0.00047573954
2005861	girl	-0.00047968433
2005861	award	-0.00048082008
2005861	tini	-0.00048215492
2005861	southeast	-0.00048221575
2005861	broad	-0.0004886331
2005861	bob	-0.0004909845
2005861	azerbaijan	-0.00049100036
2005861	stand	-0.0004911615
2005861	let	-0.0004925113
2005861	barbuda	-0.00049380434
2005861	american	-0.00049772125
2005861	progress	-0.0004999944
2005861	palestin	-0.00050301204
2005861	women	-0.0005060804
2005861	japan	-0.00050646154
2005861	prefect	-0.0005064918
2005861	fascist	-0.0005074649
2005861	1950	-0.00051106705
2005861	held	-0.00051260844
2005861	brien	-0.0005155007
2005861	crime	-0.00051618915
2005861	bolivia	-0.00051903113
2005861	algeria	-0.0005192205
2005861	led	-0.0005219441
2005861	maintain	-0.00052727695
2005861	comoro	-0.0005294015
2005861	territori	-0.0005322567
2005861	plurin	-0.00053634244
2005861	mutabl	-0.0005368308
2005861	poland	-0.0005371915
2005861	todai	-0.00053798384
2005861	convent	-0.0005382048
2005861	diplomat	-0.0005419608
2005861	littl	-0.0005420325
2005861	condit	-0.0005518689
2005861	fling	-0.0005578266
2005861	ahm	-0.00055900635
2005861	stage	-0.00055934134
2005861	austria	-0.0005600472
2005861	went	-0.0005633887
2005861	band	-0.0005698823
2005861	hitler	-0.0005711139
2005861	compon	-0.0005715976
2005861	imperialist	-0.00057300343
2005861	ethiopia	-0.0005753997
2005861	brazil	-0.00057719054
2005861	ussr	-0.0005831526
2005861	wai	-0.0005834506
2005861	strong	-0.0005836335
2005861	iran	-0.0005844696
2005861	evid	-0.000586003
2005861	horwil	-0.0005862706
2005861	mexico	-0.00058643246
2005861	1932	-0.00059001154
2005861	dictatori	-0.00059036125
2005861	appal	-0.00059654604
2005861	chile	-0.0006013384
2005861	hong	-0.0006020383
2005861	million	-0.0006054558
2005861	discuss	-0.00060545665
2005861	socialist	-0.0006061001
2005861	civilian	-0.0006113024
2005861	dylan	-0.00061676797
2005861	peril	-0.00061731116
2005861	adapt	-0.0006198919
2005861	price	-0.00062622287
2005861	flickr	-0.00063400774
2005861	sar	-0.00063437095
2005861	music	-0.0006354021
2005861	angola	-0.0006385438
2005861	custom	-0.0006427242
2005861	albania	-0.00064593885
2005861	method	-0.00065100513
2005861	brave	-0.00065468665
2005861	coast	-0.0006550215
2005861	hit	-0.00065601355
2005861	moscow	-0.00065675395
2005861	chart	-0.00065783534
2005861	nonchal	-0.0006583698
2005861	album	-0.000660062
2005861	argentina	-0.0006615871
2005861	bulgaria	-0.0006624077
2005861	2010	-0.0006676702
2005861	faso	-0.0006702542
2005861	burkina	-0.00067143963
2005861	caus	-0.0006750017
2005861	rome	-0.00068130734
2005861	thought	-0.0006847034
2005861	averag	-0.00068800565
2005861	want	-0.000688995
2005861	mediterranean	-0.0006958135
2005861	bureaucrat	-0.000700479
2005861	cambodia	-0.00070155034
2005861	biz	-0.00070813304
2005861	possibl	-0.00070817076
2005861	bookmark	-0.0007112546
2005861	stalinist	-0.00071264396
2005861	distinguish	-0.0007150948
2005861	harshli	-0.0007153859
2005861	congo	-0.0007167237
2005861	benin	-0.0007188529
2005861	effect	-0.000719972
2005861	uncontest	-0.00072138134
2005861	improv	-0.00072417886
2005861	utopian	-0.0007268639
2005861	8	-0.0007317636
2005861	championship	-0.0007322254
2005861	goal	-0.0007338088
2005861	bottom	-0.0007375744
2005861	organ	-0.0007448437
2005861	huxlei	-0.0007456054
2005861	23	-0.00075085706
2005861	100	-0.0007553168
2005861	southwestern	-0.00075922854
2005861	sweden	-0.0007626314
2005861	netherland	-0.0007661182
2005861	satiris	-0.0007742286
2005861	tripl	-0.00077891507
2005861	czechoslovakia	-0.0007815051
2005861	central	-0.0007849709
2005861	travel	-0.0007869311
2005861	activ	-0.00079022144
2005861	jacob	-0.00079165265
2005861	technolog	-0.0007933524
2005861	explor	-0.0007943399
2005861	air	-0.0008003085
2005861	brunei	-0.0008045408
2005861	aldou	-0.00081103016
2005861	reintegr	-0.00081212894
2005861	belgium	-0.0008144701
2005861	ultim	-0.0008170081
2005861	popular	-0.0008174657
2005861	film	-0.00082366506
2005861	treati	-0.00082705845
2005861	report	-0.0008278995
2005861	megast	-0.0008352337
2005861	introduc	-0.00084492
2005861	messag	-0.0008468452
2005861	paradox	-0.00084755616
2005861	eastern	-0.0008496991
2005861	1982	-0.0008521047
2005861	especi	-0.000853134
2005861	1985	-0.0008564038
2005861	earli	-0.0008590239
2005861	entent	-0.00086567533
2005861	men	-0.00086589775
2005861	saw	-0.0008680367
2005861	conduct	-0.0008727491
2005861	friend	-0.00087359076
2005861	14	-0.0008760374
2005861	copi	-0.00087722996
2005861	excess	-0.0008843018
2005861	1988	-0.0008869651
2005861	kong	-0.0008890896
2005861	republ	-0.0008926676
2005861	populationpyramid	-0.00089596707
2005861	juli	-0.00090104813
2005861	tradit	-0.00090360985
2005861	determin	-0.0009064304
2005861	escap	-0.0009109357
2005861	darussalam	-0.0009121386
2005861	techniqu	-0.00091739197
2005861	small	-0.0009234598
2005861	oppos	-0.0009527981
2005861	monaco	-0.00095374696
2005861	caribbean	-0.0009543036
2005861	percent	-0.0009545316
2005861	belief	-0.0009559677
2005861	face	-0.0009695131
2005861	characterist	-0.00097524945
2005861	ride	-0.00097545586
2005861	1983	-0.0009757767
2005861	cabl	-0.0009798395
2005861	amaz	-0.0009814535
2005861	transport	-0.0009819425
2005861	ms	-0.0009819445
2005861	exhaust	-0.0009842062
2005861	frank	-0.0009855371
2005861	ag	-0.0009884957
2005861	2016	-0.0009892404
2005861	regul	-0.0009906096
2005861	safe	-0.000992446
2005861	easier	-0.000997707
2005861	bloc	-0.001006365
2005861	contain	-0.0010097758
2005861	exact	-0.0010184798
2005861	relentless	-0.0010188606
2005861	rout	-0.0010191257
2005861	serbia	-0.0010284416
2005861	structur	-0.0010325643
2005861	6	-0.0010328437
2005861	destin	-0.0010342574
2005861	lao	-0.0010350739
2005861	fulli	-0.0010410853
2005861	nauru	-0.0010456768
2005861	destroi	-0.001046179
2005861	horror	-0.0010574004
2005861	trade	-0.0010654796
2005861	beach	-0.0010675965
2005861	christian	-0.00107421
2005861	simultan	-0.0010804242
2005861	tribe	-0.0010832269
2005861	cent	-0.0010866742
2005861	satisfact	-0.0010883851
2005861	mi	-0.0010925082
2005861	lead	-0.0010954442
2005861	give	-0.0010987145
2005861	addition	-0.0010990837
2005861	list	-0.0010990863
2005861	predict	-0.0011040058
2005861	rank	-0.0011046963
2005861	plant	-0.0011125326
2005861	welcom	-0.0011134177
2005861	person	-0.0011196397
2005861	kei	-0.0011222936
2005861	settl	-0.0011254903
2005861	nazi	-0.001128087
2005861	smaller	-0.0011301676
2005861	figur	-0.0011340647
2005861	download	-0.001135014
2005861	england	-0.0011368969
2005861	vietnam	-0.0011382859
2005861	89	-0.0011404001
2005861	strip	-0.001141654
2005861	built	-0.0011423288
2005861	normal	-0.0011423404
2005861	restrict	-0.0011443506
2005861	protopapa	-0.0011445711
2005861	perspect	-0.0011459728
2005861	fabric	-0.001147728
2005861	poverti	-0.0011511095
2005861	decis	-0.0011535026
2005861	11	-0.0011551002
2005861	delcar	-0.0011582101
2005861	common	-0.0011583009
2005861	capit	-0.001160663
2005861	giant	-0.001161542
2005861	religion	-0.001163958
2005861	guinea	-0.0011686333
2005861	commun	-0.0011700414
2005861	papua	-0.0011704577
2005861	0	-0.001178792
2005861	vatican	-0.0011817607
2005861	cross	-0.0011818527
2005861	keyword	-0.0011836663
2005861	tourist	-0.001184557
2005861	haven	-0.0011892309
2005861	ti	-0.0011912092
2005861	settlement	-0.0011923884
2005861	ca	-0.001196182
2005861	acquir	-0.0011981743
2005861	vessel	-0.0011985988
2005861	hung	-0.0012021214
2005861	km	-0.0012041522
2005861	dirti	-0.0012051722
2005861	essai	-0.001206803
2005861	analysi	-0.00120879
2005861	frighten	-0.0012204502
2005861	taken	-0.0012213363
2005861	longest	-0.0012245775
2005861	submiss	-0.0012258964
2005861	presenc	-0.0012284108
2005861	geograph	-0.0012296812
2005861	machineri	-0.0012343816
2005861	profess	-0.0012377043
2005861	publish	-0.0012409013
2005861	allow	-0.0012412716
2005861	best	-0.0012518999
2005861	famili	-0.0012525037
2005861	seen	-0.0012621117
2005861	strictli	-0.0012699345
2005861	recogn	-0.0012707105
2005861	sunset	-0.0012716295
2005861	earth	-0.0012767095
2005861	understand	-0.0012784635
2005861	bind	-0.0012865214
2005861	130	-0.0012869624
2005861	warm	-0.0012903888
2005861	wiki	-0.0012947995
2005861	australia	-0.0012998065
2005861	dictat	-0.0013017082
2005861	modern	-0.0013036275
2005861	spain	-0.0013072932
2005861	sens	-0.0013121418
2005861	movement	-0.0013178837
2005861	western	-0.0013258195
2005861	gift	-0.0013299603
2005861	whole	-0.0013358977
2005861	concept	-0.0013431965
2005861	neat	-0.0013437173
2005861	farther	-0.0013440503
2005861	1980	-0.0013563968
2005861	pasutri	-0.0013573127
2005861	atlant	-0.0013622325
2005861	dynasti	-0.0013625072
2005861	rebel	-0.0013774246
2005861	cuba	-0.0013783125
2005861	famou	-0.0013797063
2005861	fist	-0.0013970643
2005861	detail	-0.0013990473
2005861	vocabulari	-0.001406804
2005861	princess	-0.0014181328
2005861	han	-0.0014201056
2005861	illustr	-0.0014223456
2005861	doesn	-0.0014233333
2005861	indigen	-0.0014241583
2005861	hierarch	-0.0014254191
2005861	utter	-0.0014262544
2005861	summer	-0.0014350667
2005861	vista	-0.0014368967
2005861	294	-0.0014429436
2005861	extern	-0.0014512186
2005861	festiv	-0.0014527661
2005861	climat	-0.0014593636
2005861	pristin	-0.0014632369
2005861	antarctica	-0.0014709528
2005861	ve	-0.0014747515
2005861	intimid	-0.0014767076
2005861	poster	-0.0014842112
2005861	surveil	-0.0014842773
2005861	predomin	-0.0014865281
2005861	incident	-0.0014884975
2005861	take	-0.0014893629
2005861	ruler	-0.001496728
2005861	pyramid	-0.001500864
2005861	found	-0.0015025033
2005861	broom	-0.0015124241
2005861	pdf	-0.0015211763
2005861	boundari	-0.0015292979
2005861	wide	-0.0015363743
2005861	voyag	-0.0015376522
2005861	high	-0.0015422882
2005861	neutral	-0.0015468934
2005861	renaiss	-0.0015502264
2005861	vari	-0.0015552063
2005861	coloni	-0.0015558043
2005861	mainland	-0.001558208
2005861	synonym	-0.0015585886
2005861	fall	-0.001569417
2005861	abil	-0.0015698104
2005861	qualiti	-0.0015754495
2005861	remot	-0.0015846415
2005861	itali	-0.0015876712
2005861	union	-0.0015944862
2005861	hard	-0.0015946069
2005861	communist	-0.0016079698
2005861	observ	-0.0016096273
2005861	continent	-0.001617911
2005861	tropic	-0.0016185148
2005861	road	-0.0016219759
2005861	greenland	-0.0016324065
2005861	type	-0.0016341122
2005861	mariana	-0.001674787
2005861	polynesian	-0.0017039473
2005861	adj	-0.0017047419
2005861	india	-0.0017152906
2005861	mention	-0.0017182285
2005861	reader	-0.0017261428
2005861	offic	-0.0017268938
2005861	intern	-0.0017271508
2005861	boycot	-0.0017301602
2005861	action	-0.0017316754
2005861	ramif	-0.0017375256
2005861	load	-0.0017464006
2005861	angel	-0.0017466093
2005861	enclav	-0.0017525866
2005861	test	-0.0017591815
2005861	fascin	-0.0017644074
2005861	shrub	-0.0017650904
2005861	indig	-0.0017773181
2005861	subcontin	-0.001778848
2005861	overthrow	-0.0017810054
2005861	canada	-0.0017959254
2005861	close	-0.0017972064
2005861	cultur	-0.0017976068
2005861	non	-0.0017976367
2005861	946	-0.0017987917
2005861	check	-0.0018076965
2005861	stub	-0.0018079451
2005861	vine	-0.001811274
2005861	lo	-0.0018172845
2005861	genu	-0.0018338101
2005861	back	-0.0018486753
2005861	plu	-0.0018551147
2005861	comparison	-0.0018734117
2005861	7	-0.0018819208
2005861	00	-0.0018826929
2005861	onc	-0.0018856116
2005861	australian	-0.001901027
2005861	power	-0.0019027859
2005861	gave	-0.0019093417
2005861	inbetween	-0.0019230233
2005861	madman	-0.0019259294
2005861	singl	-0.0019319741
2005861	hour	-0.0019341564
2005861	892	-0.0019372929
2005861	audio	-0.0019378153
2005861	portion	-0.0019380545
2005861	defunct	-0.0019565325
2005861	space	-0.0019871525
2005861	belong	-0.0019972164
2005861	southern	-0.0020020278
2005861	austronesian	-0.0020072307
2005861	east	-0.0020155748
2005861	zealand	-0.0020191274
2005861	ensur	-0.002034801
2005861	soul	-0.0020374698
2005861	enhanc	-0.0020462407
2005861	accept	-0.0020540743
2005861	combat	-0.0020556205
2005861	screen	-0.002061228
2005861	keep	-0.0020690304
2005861	good	-0.0020729702
2005861	1	-0.0020788005
2005861	rebellion	-0.002081758
2005861	strength	-0.002087563
2005861	camel	-0.0021041797
2005861	search	-0.0021183747
2005861	advers	-0.0021237603
2005861	sin	-0.0021427448
2005861	art	-0.0021517016
2005861	4218	-0.0021537207
2005861	charact	-0.002155972
2005861	landmass	-0.002183754
2005861	zealandia	-0.0021894
2005861	mike	-0.002200955
2005861	final	-0.0022018002
2005861	automat	-0.0022061074
2005861	mix	-0.0022095963
2005861	individu	-0.0022118613
2005861	align	-0.002223784
2005861	equival	-0.0022263622
2005861	group	-0.0022329902
2005861	note	-0.0022332326
2005861	4	-0.002234632
2005861	korea	-0.0022381663
2005861	issu	-0.0022658955
2005861	south	-0.002267628
2005861	1949	-0.0022701686
2005861	posit	-0.0022851366
2005861	divin	-0.0022978557
2005861	teach	-0.0022984222
2005861	awai	-0.0023058837
2005861	futur	-0.0023153834
2005861	alien	-0.0023387307
2005861	open	-0.0023435822
2005861	factori	-0.0023445692
2005861	unlock	-0.0023480009
2005861	reach	-0.0023729189
2005861	silk	-0.0023747927
2005861	distanc	-0.0023812093
2005861	area	-0.002402478
2005861	function	-0.0024079587
2005861	outer	-0.0024178312
2005861	soviet	-0.0024250685
2005861	obstacl	-0.002428826
2005861	tv	-0.002442004
2005861	us	-0.0024438591
2005861	region	-0.0024557258
2005861	22	-0.0024566196
2005861	love	-0.0024655464
2005861	breed	-0.0024657184
2005861	germani	-0.002471681
2005861	class	-0.0024842967
2005861	emot	-0.0024843942
2005861	sit	-0.0024923277
2005861	bed	-0.0025022747
2005861	fleet	-0.0025386582
2005861	includ	-0.0025447158
2005861	win	-0.002556955
2005861	uk	-0.0025635955
2005861	third	-0.002570876
2005861	placenam	-0.002614025
2005861	word	-0.0026192141
2005861	low	-0.0026310524
2005861	franc	-0.0026356003
2005861	period	-0.0026399628
2005861	object	-0.0026407584
2005861	view	-0.002643811
2005861	drop	-0.0026562682
2005861	superior	-0.002670784
2005861	pot	-0.0026966655
2005861	stretch	-0.0027014024
2005861	k216	-0.0027264573
2005861	futurist	-0.0027295367
2005861	inner	-0.0027366618
2005861	beauti	-0.0027444288
2005861	journei	-0.002747728
2005861	utmost	-0.0027601672
2005861	fill	-0.0027627724
2005861	click	-0.0027965142
2005861	cruis	-0.0028035971
2005861	boycott	-0.0028115897
2005861	simpl	-0.0028213256
2005861	slaveri	-0.0028304083
2005861	felt	-0.002841906
2005861	europeansgradu	-0.0028585203
2005861	territorycontrol	-0.0028585203
2005861	agre	-0.0028625727
2005861	di	-0.0028789667
2005861	intend	-0.0029011567
2005861	sex	-0.002902598
2005861	geographi	-0.002903398
2005861	night	-0.0029042652
2005861	account	-0.0029065434
2005861	theori	-0.0029120345
2005861	johnson	-0.0029268616
2005861	200	-0.0029338792
2005861	cumul	-0.0029344105
2005861	complet	-0.0029391332
2005861	crossword	-0.00294503
2005861	destruct	-0.0029515615
2005861	difficult	-0.0029868996
2005861	wrote	-0.0029937054
2005861	cover	-0.0029953104
2005861	frequent	-0.0030257108
2005861	conglomer	-0.0030302582
2005861	literatur	-0.0030322354
2005861	apart	-0.0030370736
2005861	reflect	-0.0030470896
2005861	landscap	-0.0030471606
2005861	inflat	-0.0030489129
2005861	articl	-0.0030495736
2005861	ocean	-0.0030575348
2005861	passiv	-0.0030597136
2005861	contradict	-0.0030954003
2005861	biographi	-0.0031013277
2005861	produc	-0.003117111
2005861	west	-0.003126702
2005861	ramirez	-0.003150844
2005861	radic	-0.003151813
2005861	magazin	-0.0031527793
2005861	remain	-0.0031762219
2005861	sirena	-0.0031970395
2005861	novemb	-0.0032216648
2005861	straight	-0.0032232932
2005861	telescreen	-0.0032571496
2005861	narr	-0.0032588087
2005861	quiz	-0.0032962188
2005861	pale	-0.003313449
2005861	top	-0.0033154106
2005861	riviera	-0.0033185421
2005861	boston	-0.003323223
2005861	game	-0.0033337425
2005861	dream	-0.003363076
2005861	3	-0.0033704315
2005861	speci	-0.0033717847
2005861	absolut	-0.0033755088
2005861	polic	-0.0033789917
2005861	transcontinent	-0.0033835901
2005861	curiou	-0.0033857077
2005861	officinal	-0.0034082197
2005861	eleven	-0.0034253993
2005861	etern	-0.0034368385
2005861	slogan	-0.0034459068
2005861	napoleon	-0.0034815916
2005861	human	-0.0035071308
2005861	90	-0.0035155907
2005861	feel	-0.003560063
2005861	separ	-0.0035970209
2005861	dick	-0.0036099427
2005861	mystic	-0.0036426052
2005861	latin	-0.0036639848
2005861	mourn	-0.003678105
2005861	hat	-0.0036805358
2005861	jasminum	-0.0036898728
2005861	odyssei	-0.003714795
2005861	rever	-0.0037244982
2005861	golden	-0.0037326254
2005861	chimnei	-0.0037716248
2005861	influenc	-0.0037716692
2005861	olymp	-0.003773883
2005861	greatli	-0.0037912824
2005861	follow	-0.0038226806
2005861	polynesia	-0.0039411574
2005861	character	-0.003945756
2005861	oleacea	-0.003970523
2005861	sky	-0.0039735558
2005861	freedom	-0.003978683
2005861	ignor	-0.0039798724
2005861	man	-0.0039840434
2005861	north	-0.0039890516
2005861	textbook	-0.003991199
2005861	internet	-0.0039974586
2005861	nestl	-0.004014603
2005861	percept	-0.0040758606
2005861	map	-0.004076029
2005861	li	-0.0040883617
2005861	ix	-0.0041080527
2005861	micronesia	-0.0041161915
2005861	grave	-0.0041440004
2005861	mind	-0.004149606
2005861	insist	-0.0042205276
2005861	bonapart	-0.0042356113
2005861	julia	-0.0042909193
2005861	aspect	-0.004291581
2005861	emmanuel	-0.004305643
2005861	al	-0.00433291
2005861	mobi	-0.004336677
2005861	bomber	-0.0043512266
2005861	larger	-0.0043794145
2005861	partli	-0.004455977
2005861	practic	-0.0045100995
2005861	rewritten	-0.004528713
2005861	smallest	-0.004531799
2005861	danger	-0.004547932
2005861	wretch	-0.0045511867
2005861	call	-0.004591422
2005861	melanesia	-0.0045992113
2005861	peopl	-0.004620394
2005861	relat	-0.0047070696
2005861	instantan	-0.0047794734
2005861	purpos	-0.0048040785
2005861	reason	-0.00485056
2005861	nativ	-0.004896111
2005861	literari	-0.0049014185
2005861	grim	-0.0050200885
2005861	invent	-0.0050393576
2005861	mencken	-0.005095286
2005861	node	-0.005175932
2005861	africa	-0.0051825494
2005861	cloudless	-0.005269782
2005861	loyal	-0.005292203
2005861	intermin	-0.005316003
2005861	eachoth	-0.005392476
2005861	rewrit	-0.0054093837
2005861	rewrot	-0.005498066
2005861	proclaim	-0.005535966
2005861	jasmin	-0.006176256
2005861	tsarnaev	-0.006272399
2005861	think	-0.0063909073
2005861	oppress	-0.006610485
2005861	gore	-0.0067182924
2005861	island	-0.007183397
2005861	ficdep	-0.008054191
2005861	goodsex	-0.0081149
2005861	contin	-0.0084745325
2005861	australasia	-0.008528942
2005861	dystopian	-0.009459631
2005861	constant	-0.012468441
2005861	gtky	-0.013630713
