30611	marri	0.38905236
30611	men	0.33758122
30611	marriag	0.29051855
30611	ag	0.27713367
30611	women	0.2670105
30611	median	0.25637373
30611	27	0.2211013
30611	29	0.21700695
30611	first	0.17946644
30611	23	0.16516028
30611	1960	0.14304289
30611	26	0.12805943
30611	accord	0.10935387
30611	20	0.10575711
30611	later	0.1031913
30611	averag	0.0988225
30611	censu	0.09414725
30611	american	0.090834916
30611	adult	0.09055397
30611	todai	0.085919
30611	1990	0.085023165
30611	28	0.080538824
30611	1950	0.08007031
30611	colleg	0.0647499
30611	pew	0.062968984
30611	wait	0.05910299
30611	year	0.057991497
30611	2010	0.053550303
30611	1890	0.053049147
30611	unit	0.05278744
30611	woman	0.052516256
30611	man	0.052507073
30611	educ	0.052170716
30611	increas	0.050533183
30611	compar	0.04693684
30611	bureau	0.046609376
30611	now	0.045965653
30611	1946	0.045703825
30611	30	0.045442007
30611	research	0.044985455
30611	millenni	0.044972405
30611	5	0.04481352
30611	2018	0.044805646
30611	survei	0.044088107
30611	1947	0.040557105
30611	delai	0.040495746
30611	8	0.039586112
30611	7	0.03877115
30611	21	0.03752216
30611	decenni	0.03748541
30611	figur	0.036399476
30611	25	0.035312753
30611	2009	0.03529747
30611	report	0.034635738
30611	2017	0.034244325
30611	lower	0.033742048
30611	4	0.03315035
30611	6	0.033075742
30611	2007	0.032902677
30611	upward	0.031568
30611	percent	0.031382523
30611	24	0.030828653
30611	anon6135	0.030735228
30611	22	0.029151298
30611	bridebook	0.029048432
30611	recent	0.028965458
30611	worthington	0.028536962
30611	peopl	0.02728378
30611	career	0.027280796
30611	result	0.027121082
30611	longer	0.026892977
30611	state	0.026890729
30611	hurri	0.02678334
30611	2019	0.026583849
30611	1968	0.02577691
30611	wolfer	0.025451716
30611	econom	0.0250858
30611	respond	0.024645485
30611	trend	0.024539407
30611	third	0.023337452
30611	rate	0.02255707
30611	twenti	0.021505281
30611	2011	0.021492487
30611	rose	0.021242905
30611	believ	0.021024575
30611	gener	0.02094842
30611	lowest	0.020086687
30611	pexel	0.019662272
30611	2020	0.019518923
30611	consequ	0.019275364
30611	continu	0.019208767
30611	live	0.018938918
30611	like	0.018906519
30611	34	0.018844517
30611	down	0.01873577
30611	roughli	0.018548366
30611	1970	0.018523216
30611	factor	0.018140538
30611	childbear	0.018134113
30611	rulebook	0.018106218
30611	sai	0.0179378
30611	children	0.017823126
30611	rise	0.017680561
30611	pixabai	0.017663604
30611	2003	0.017599246
30611	afghanistan	0.017538613
30611	commit	0.01745739
30611	earli	0.01724491
30611	spous	0.017197944
30611	creep	0.017183987
30611	2012	0.017129818
30611	joann	0.017040078
30611	70	0.017012019
30611	data	0.016778307
30611	077	0.016772369
30611	prepar	0.016408239
30611	2008	0.016313551
30611	coupl	0.016177777
30611	nontradit	0.0161683
30611	reason	0.016019702
30611	speak	0.01601816
30611	young	0.01597455
30611	2014	0.015970567
30611	histor	0.01589458
30611	quarter	0.015875459
30611	who	0.01576814
30611	obviou	0.01570436
30611	high	0.015697889
30611	33	0.015577777
30611	actual	0.01556261
30611	46	0.015433808
30611	aisl	0.015168456
30611	declin	0.014839783
30611	1910	0.014838405
30611	mix	0.014771666
30611	pai	0.014738919
30611	wed	0.014591445
30611	amount	0.014564716
30611	60	0.014544942
30611	000	0.014520844
30611	rewrit	0.014515621
30611	want	0.014366535
30611	tripl	0.014294867
30611	gallup	0.014180293
30611	1951	0.014018176
30611	steep	0.013987264
30611	consensu	0.013898675
30611	ll	0.013855241
30611	seventi	0.0136402
30611	plai	0.013580194
30611	ago	0.013548975
30611	addit	0.01353679
30611	signifi	0.013507407
30611	widow	0.013409413
30611	capston	0.013359023
30611	ref	0.0131681515
30611	1971	0.013092534
30611	reach	0.012957042
30611	record	0.012928076
30611	parenthood	0.012890585
30611	show	0.012736536
30611	1	0.01273279
30611	look	0.012726179
30611	1935	0.012652235
30611	1967	0.012568914
30611	chang	0.012556121
30611	includ	0.012513946
30611	particip	0.0124802785
30611	1987	0.012416013
30611	36	0.012415583
30611	1997	0.012319506
30611	76	0.012296016
30611	graph	0.012216273
30611	previou	0.012177931
30611	1939	0.0121684335
30611	cornerston	0.012164427
30611	fantasi	0.0120355915
30611	center	0.011901494
30611	happi	0.011822443
30611	cry	0.0117932325
30611	1963	0.011783984
30611	time	0.011711813
30611	cite	0.011669697
30611	compat	0.011565877
30611	benefit	0.011533848
30611	gradual	0.011515374
30611	australian	0.011513805
30611	th	0.011415309
30611	2002	0.011396176
30611	childhood	0.011371941
30611	great	0.01134705
30611	1975	0.011290735
30611	born	0.011216246
30611	2004	0.011200589
30611	adulthood	0.01116192
30611	japanes	0.011102562
30611	1998	0.011060824
30611	addition	0.011006149
30611	spent	0.010980128
30611	1979	0.010941589
30611	narr	0.010916599
30611	share	0.010869384
30611	will	0.010677177
30611	phase	0.010671341
30611	uk	0.010660821
30611	mere	0.010650067
30611	bond	0.010551967
30611	10	0.01054767
30611	pin	0.010538943
30611	emot	0.010519626
30611	fifti	0.0104836505
30611	attend	0.010390639
30611	commun	0.010371189
30611	life	0.01034096
30611	birthdai	0.010272211
30611	larger	0.010242446
30611	put	0.010151875
30611	partner	0.010145052
30611	duck	0.010123461
30611	aren	0.010051458
30611	near	0.009896244
30611	old	0.009881984
30611	nice	0.009806415
30611	decad	0.0097856615
30611	number	0.009729867
30611	2016	0.00961196
30611	attitud	0.009603586
30611	2	0.009591953
30611	impact	0.009516703
30611	forward	0.009490014
30611	1940	0.009461542
30611	kind	0.009444574
30611	aspect	0.009432248
30611	typic	0.009423008
30611	singl	0.009410855
30611	greater	0.009384859
30611	soon	0.009372138
30611	bill	0.009367913
30611	edg	0.009268716
30611	walk	0.009264663
30611	extra	0.009189321
30611	poll	0.009130082
30611	austen	0.009124797
30611	attribut	0.009119493
30611	ideal	0.009064955
30611	import	0.009023916
30611	finish	0.008993584
30611	fall	0.008897105
30611	argument	0.008835217
30611	novemb	0.008797245
30611	parti	0.008789126
30611	2000	0.008786283
30611	decemb	0.0087489635
30611	friend	0.008736603
30611	fast	0.0086448
30611	success	0.00861264
30611	modern	0.00860854
30611	15	0.00860838
30611	stai	0.008577225
30611	fertil	0.008566927
30611	virginia	0.008364648
30611	32	0.008323635
30611	longest	0.008208518
30611	far	0.0081918705
30611	row	0.008185503
30611	peak	0.008171954
30611	ad	0.008095053
30611	analysi	0.008030341
30611	foundat	0.007987572
30611	intens	0.007920008
30611	2015	0.0078982385
30611	earn	0.007838336
30611	found	0.007823925
30611	practic	0.0078103035
30611	begin	0.007792516
30611	1989	0.0077905008
30611	80	0.0075909016
30611	prior	0.0075659445
30611	current	0.0075066234
30611	media	0.0074896226
30611	involv	0.0074688597
30611	heroin	0.0074645476
30611	launch	0.007448477
30611	advantag	0.007333589
30611	climb	0.007302931
30611	point	0.007183911
30611	occur	0.007029736
30611	late	0.0069601918
30611	mid	0.0069580525
30611	especi	0.006944207
30611	jane	0.006880315
30611	email	0.0068058465
30611	keep	0.0067206556
30611	accept	0.0066732885
30611	due	0.006664708
30611	made	0.006653023
30611	long	0.00661935
30611	project	0.006298381
30611	happier	0.006234089
30611	cours	0.006178938
30611	51	0.006137944
30611	sex	0.0059784474
30611	31	0.005775244
30611	unpreced	0.0057720356
30611	decid	0.005725741
30611	studi	0.0057003424
30611	44	0.0054311287
30611	go	0.0054000975
30611	slightli	0.005350197
30611	degre	0.0051039956
30611	tabl	0.004773851
30611	come	0.004730041
30611	2013	0.0047166487
30611	48	0.0046771704
30611	tweet	0.004551089
30611	full	0.0045246333
30611	predict	0.0041640005
30611	write	0.0041312114
30611	portion	0.003932801
30611	increasingli	0.0038878536
30611	person	0.0037519084
30611	support	0.0037341446
30611	cultur	0.0037242507
30611	well	0.003675467
30611	estim	0.0035926832
30611	jump	0.0035696533
30611	develop	0.003555532
30611	last	0.0034753769
30611	significantli	0.0034260948
30611	part	0.0034060585
30611	popul	0.003347301
30611	univers	0.0032865328
30611	percentag	0.0032701385
30611	differ	0.0032543715
30611	best	0.0031795963
30611	end	0.0028469062
30611	discuss	0.002788283
30611	13	0.0027244666
30611	just	0.0024918609
30611	ty	0.0024440475
30611	sweden	0.0022908198
30611	follow	0.0021686978
30611	right	0.0020101874
30611	urban	0.0015054141
30611	mean	0.0011378452
30611	mai	0.0010423604
30611	institut	0.0010024188
30611	17	0.0009608918
30611	unmarri	0.00030721285
30611	back	0.00023014826
30611	centuri	8.92723e-05
30611	highest	8.853934e-05
30611	remain	-5.1752995e-05
30611	11	-0.00021725119
30611	household	-0.00025839696
30611	least	-0.0005026776
30611	case	-0.00061569887
30611	problem	-0.00065217994
30611	issu	-0.00067770324
30611	damag	-0.00075164315
30611	caus	-0.0007791498
30611	infect	-0.0007898016
30611	adjust	-0.0008201565
30611	offic	-0.0008838016
30611	public	-0.0009142759
30611	present	-0.0009211599
30611	seri	-0.00093545916
30611	difficulti	-0.0009789958
30611	kidnei	-0.0009839071
30611	document	-0.0009953264
30611	total	-0.0010153304
30611	tend	-0.0010301429
30611	0	-0.0010334105
30611	annual	-0.0011033537
30611	bladder	-0.0011292087
30611	enlarg	-0.0011295859
30611	parent	-0.0011390495
30611	directli	-0.0011541628
30611	supplement	-0.0011542443
30611	custodi	-0.0011732515
30611	divorc	-0.0011862086
30611	technic	-0.001192625
30611	still	-0.0012065445
30611	regist	-0.0012387175
30611	care	-0.0012960219
30611	ms	-0.0013334908
30611	wind	-0.001335758
30611	union	-0.001348228
30611	detail	-0.0013601846
30611	can	-0.0013897541
30611	need	-0.0013955763
30611	feb	-0.0013980556
30611	littl	-0.0014224772
30611	consum	-0.0014504244
30611	hindu	-0.0015132349
30611	half	-0.0015157438
30611	catheter	-0.0015358492
30611	90	-0.0015438265
30611	fit	-0.0015588757
30611	bothersom	-0.0015620013
30611	villag	-0.0015632496
30611	learn	-0.0015720627
30611	bph	-0.0015728811
30611	answer	-0.0015790033
30611	knot	-0.001583382
30611	safeti	-0.0016316538
30611	habit	-0.001641574
30611	valentin	-0.0016511233
30611	120	-0.0016546261
30611	establish	-0.0016824036
30611	59	-0.0016874891
30611	agenc	-0.0016999592
30611	admit	-0.0017104051
30611	question	-0.0017249606
30611	requir	-0.0017430185
30611	see	-0.0017443176
30611	higher	-0.0017546046
30611	larg	-0.0017587637
30611	wide	-0.0017592087
30611	ask	-0.0017606486
30611	125	-0.0017674832
30611	servic	-0.0017684702
30611	extend	-0.0017702017
30611	polit	-0.0017703773
30611	earliest	-0.0017773435
30611	place	-0.0017934655
30611	3	-0.0017980258
30611	help	-0.0017998096
30611	interact	-0.0018050945
30611	2021	-0.0018067629
30611	65	-0.0018356176
30611	refer	-0.0018447648
30611	month	-0.001911797
30611	onc	-0.0019139821
30611	hous	-0.0019327363
30611	market	-0.0019444398
30611	approxim	-0.0019474794
30611	mention	-0.0019802616
30611	area	-0.0019926163
30611	serv	-0.0020025042
30611	measur	-0.0020039002
30611	12	-0.0020114214
30611	meter	-0.0020251863
30611	553	-0.0020622003
30611	region	-0.0020720246
30611	potenti	-0.0020798931
30611	123	-0.0020907917
30611	215	-0.0020981207
30611	local	-0.0021008947
30611	99	-0.0021178422
30611	134	-0.0021298076
30611	105	-0.0021405453
30611	second	-0.0021414456
30611	depart	-0.0021481183
30611	essenti	-0.0021691357
30611	102	-0.0021872313
30611	provid	-0.0021908644
30611	alli	-0.0021963117
30611	maximum	-0.0022277115
30611	celebr	-0.002232144
30611	181	-0.0022359036
30611	team	-0.0022450895
30611	sold	-0.0022620019
30611	ingredi	-0.0022697158
30611	releas	-0.0022712648
30611	publish	-0.0022723505
30611	tradit	-0.0022811717
30611	nuclear	-0.0022904796
30611	think	-0.0023043626
30611	human	-0.0023086057
30611	feel	-0.0023101035
30611	37	-0.0023138027
30611	106	-0.002317781
30611	233	-0.0023344485
30611	choos	-0.0023435259
30611	african	-0.002344187
30611	repres	-0.0023451578
30611	close	-0.0023477525
30611	role	-0.0023527392
30611	doesn	-0.0023542158
30611	civil	-0.0023692471
30611	117	-0.0023884661
30611	idea	-0.0023932445
30611	markedli	-0.0024015417
30611	million	-0.0024124328
30611	world	-0.0024240762
30611	consist	-0.0024289852
30611	insid	-0.002429695
30611	531	-0.0024406947
30611	765	-0.0024438463
30611	607	-0.0024493837
30611	asset	-0.002463213
30611	643	-0.0024836678
30611	orisa	-0.002485494
30611	read	-0.0024865426
30611	111	-0.0024873733
30611	level	-0.0024912301
30611	win	-0.0024921233
30611	girl	-0.0024941976
30611	activ	-0.0025068582
30611	633	-0.0025141097
30611	127	-0.0025141337
30611	956	-0.0025144974
30611	encount	-0.0025161037
30611	prohibit	-0.0025171617
30611	gift	-0.0025248413
30611	minut	-0.0025255873
30611	52	-0.0025262067
30611	121	-0.0025268754
30611	156	-0.0025273259
30611	p20	-0.0025377083
30611	big	-0.002539899
30611	wonder	-0.0025469712
30611	clearli	-0.0025477414
30611	indian	-0.002560914
30611	law	-0.002563067
30611	loyal	-0.0025648014
30611	web	-0.0025714731
30611	firm	-0.0025885613
30611	chanc	-0.0026263748
30611	052	-0.0026266144
30611	true	-0.00263987
30611	largest	-0.0026439622
30611	leader	-0.0026452711
30611	830	-0.0026748346
30611	813	-0.00267624
30611	death	-0.0026870344
30611	commonplac	-0.0026875024
30611	district	-0.002694621
30611	relev	-0.0027007188
30611	discourag	-0.0027356134
30611	295	-0.0027501425
30611	074	-0.0027698765
30611	prenat	-0.002771144
30611	print	-0.002777809
30611	symbol	-0.0027843476
30611	rare	-0.002802467
30611	comfort	-0.0028110628
30611	examine	-0.002820949
30611	contribut	-0.0028212713
30611	oven	-0.0028314842
30611	55	-0.0028334202
30611	weren	-0.0028339147
30611	opposit	-0.002834324
30611	313	-0.0028406486
30611	contrari	-0.0028428785
30611	652	-0.0028455793
30611	examin	-0.0028472575
30611	growth	-0.002854736
30611	overwhelm	-0.0028701124
30611	sourc	-0.0028722072
30611	casual	-0.0028789528
30611	935	-0.0028841565
30611	432	-0.0028892232
30611	sharp	-0.0028895347
30611	major	-0.0028944563
30611	theori	-0.0029058112
30611	987	-0.0029213473
30611	post	-0.0029335953
30611	861	-0.0029336906
30611	real	-0.002934062
30611	jersei	-0.0029343523
30611	settl	-0.0029367364
30611	texa	-0.0029397756
30611	colleagu	-0.0029487768
30611	face	-0.0029593632
30611	636	-0.0029594544
30611	spot	-0.0029632903
30611	came	-0.0029756601
30611	faith	-0.002987492
30611	surprisingli	-0.0029878714
30611	massachusett	-0.0030277171
30611	41	-0.00303567
30611	wilkinson	-0.0030433673
30611	surpris	-0.0030448684
30611	facebook	-0.00305811
30611	johnson	-0.0030781138
30611	likelihood	-0.003079787
30611	pressur	-0.0030960718
30611	94	-0.0030983882
30611	usa	-0.003102155
30611	natal	-0.003106179
30611	lifetim	-0.0031072805
30611	stack	-0.0031156992
30611	royal	-0.003121091
30611	size	-0.0031261882
30611	56	-0.0031264494
30611	prove	-0.003151389
30611	dai	-0.0031594173
30611	saint	-0.0031640904
30611	central	-0.0031693708
30611	sexual	-0.0031699175
30611	columbia	-0.0031787613
30611	twitter	-0.0031829514
30611	andrew	-0.0031869186
30611	teenag	-0.0031886154
30611	evolv	-0.0032000486
30611	supposedli	-0.0032143327
30611	ruin	-0.0032385804
30611	constantli	-0.003238823
30611	ladi	-0.0032405586
30611	stand	-0.0032409995
30611	carolina	-0.003250636
30611	enter	-0.0032613708
30611	1991	-0.0032672368
30611	illus	-0.0032895647
30611	connecticut	-0.0032959406
30611	set	-0.0032992277
30611	sad	-0.003307049
30611	base	-0.0033132515
30611	nation	-0.0033132785
30611	evid	-0.0033197282
30611	past	-0.003321339
30611	retrain	-0.0033278612
30611	decreas	-0.0033438702
30611	preval	-0.0033570156
30611	princ	-0.0033577743
30611	barrier	-0.0033581364
30611	shatter	-0.0033642412
30611	38	-0.0033657511
30611	teen	-0.0033774108
30611	compil	-0.0033915865
30611	liber	-0.003409935
30611	328	-0.0034462677
30611	1957	-0.0034490123
30611	rhode	-0.0034574536
30611	precis	-0.0034716385
30611	australia	-0.0034831169
30611	note	-0.0034918676
30611	allow	-0.0035136465
30611	tie	-0.0035288306
30611	school	-0.003536429
30611	452	-0.003536473
30611	southern	-0.0035422095
30611	bare	-0.0035662586
30611	wive	-0.0035760712
30611	ve	-0.0035790906
30611	oklahoma	-0.0035851058
30611	make	-0.0035871177
30611	847	-0.003612396
30611	tennesse	-0.0036305413
30611	demonstr	-0.0036316952
30611	250	-0.003642471
30611	soar	-0.0036435155
30611	advertis	-0.0036536215
30611	irish	-0.003658002
30611	hardest	-0.0036781917
30611	partnership	-0.0036958146
30611	985	-0.003701973
30611	race	-0.0037078965
30611	50	-0.0037098445
30611	arkansa	-0.0037197662
30611	view	-0.0037216865
30611	rang	-0.003758546
30611	ti	-0.0038087957
30611	prospect	-0.003812917
30611	affect	-0.003819856
30611	idaho	-0.0038281055
30611	79	-0.0038352655
30611	linkedin	-0.0038477413
30611	percept	-0.0038639
30611	germani	-0.003872918
30611	america	-0.003927932
30611	dakota	-0.003929533
30611	social	-0.003943567
30611	top	-0.0039442154
30611	wyom	-0.003947301
30611	popular	-0.0039525204
30611	eastern	-0.0039543114
30611	quadrupl	-0.003981735
30611	hawaii	-0.0039823656
30611	toaster	-0.003985332
30611	zealand	-0.003998617
30611	platter	-0.00402377
30611	date	-0.004036747
30611	republ	-0.004038181
30611	95	-0.004049152
30611	diana	-0.0040509175
30611	poland	-0.004069863
30611	1964	-0.004073685
30611	91	-0.0040794606
30611	given	-0.004085812
30611	86	-0.0040877224
30611	home	-0.0040995013
30611	interestingli	-0.0041557834
30611	spencer	-0.0041598417
30611	work	-0.004163881
30611	1945	-0.00417223
30611	frequenc	-0.0041738804
30611	specif	-0.0041797194
30611	england	-0.004192135
30611	mayb	-0.0042094365
30611	across	-0.004209973
30611	sampl	-0.004229549
30611	vice	-0.0042555314
30611	birth	-0.004279999
30611	heartwarm	-0.004296389
30611	continent	-0.0042984905
30611	commut	-0.0043068198
30611	consent	-0.004318035
30611	start	-0.004319183
30611	know	-0.0043257293
30611	struggl	-0.0043370537
30611	meantim	-0.004353761
30611	forti	-0.004385578
30611	finkbein	-0.004389821
30611	postwar	-0.0043954966
30611	felt	-0.0044008186
30611	pattern	-0.0044364776
30611	yr	-0.004444786
30611	eliza	-0.004462051
30611	denmark	-0.0044767642
30611	here	-0.0044942535
30611	earlier	-0.004501104
30611	nigeria	-0.004537817
30611	107	-0.0045616366
30611	discrep	-0.00457349
30611	class	-0.0045782714
30611	decis	-0.00458301
30611	suggest	-0.004585481
30611	husband	-0.0045913076
30611	christian	-0.004596732
30611	mississippi	-0.004597948
30611	opinion	-0.004603618
30611	length	-0.0046219476
30611	1827	-0.004624103
30611	politico	-0.00463932
30611	1world	-0.004653669
30611	influenc	-0.004666328
30611	nisra	-0.004684793
30611	54	-0.0047099018
30611	presid	-0.004731526
30611	167	-0.0047625117
30611	404	-0.004766776
30611	encourag	-0.0048188097
30611	405	-0.004845958
30611	vari	-0.004852407
30611	low	-0.0048527014
30611	statista	-0.004853306
30611	hassl	-0.004881996
30611	hampshir	-0.004890653
30611	rais	-0.004906441
30611	scandinavian	-0.0049294974
30611	279	-0.0049506715
30611	belgium	-0.004951456
30611	286	-0.004958693
30611	spousal	-0.0049925586
30611	began	-0.004999257
30611	619	-0.0050273924
30611	defi	-0.0050281617
30611	suscept	-0.005034013
30611	abstin	-0.005043699
30611	116	-0.005087653
30611	ind	-0.0050881826
30611	minimum	-0.0051215184
30611	czech	-0.0051299627
30611	441	-0.0051358026
30611	remarriag	-0.0051890635
30611	favor	-0.0052180546
30611	710	-0.0052661747
30611	island	-0.005347708
30611	deseret	-0.0053788614
30611	steadili	-0.005387745
30611	count	-0.005416417
30611	jewish	-0.005422593
30611	45	-0.005424919
30611	972	-0.0054368232
30611	health	-0.005438947
30611	proport	-0.005528405
30611	june	-0.005551172
30611	financi	-0.0056602485
30611	rush	-0.005662217
30611	aloha	-0.0056787957
30611	9	-0.0057414193
30611	childless	-0.005745359
30611	happili	-0.0057601323
30611	500	-0.0057701133
30611	slowli	-0.005790476
30611	citi	-0.0058174036
30611	move	-0.0058428724
30611	zoosk	-0.0059432457
30611	wealth	-0.005958824
30611	coloni	-0.005973818
30611	056	-0.005997682
30611	signific	-0.006032334
30611	childrenww1	-0.0060379566
30611	datinghistori	-0.0060379566
30611	forces100	-0.006037957
30611	dashsocc	-0.006037957
30611	historyhealthteen	-0.006037957
30611	2parent	-0.006037957
30611	scb	-0.006038248
30611	1981	-0.006072651
30611	057	-0.006077407
30611	028	-0.0060986998
30611	bit	-0.0061096563
30611	war	-0.006152283
30611	ld	-0.006167013
30611	strong	-0.0061770882
30611	find	-0.006200364
30611	mormon	-0.006272367
30611	christensen	-0.006292231
30611	disinclin	-0.0062991153
30611	buunk	-0.006304466
30611	interest	-0.0063519566
30611	20th	-0.006358392
30611	singul	-0.0063605374
30611	consider	-0.0063818237
30611	mccardl	-0.006387783
30611	separ	-0.0064625903
30611	collect	-0.006522627
30611	sight	-0.0065231454
30611	sexless	-0.0065240776
30611	milleni	-0.0065434845
30611	exampl	-0.0065908884
30611	14	-0.006603997
30611	take	-0.006628546
30611	tricia	-0.006668509
30611	northern	-0.006699299
30611	moldova	-0.0067609954
30611	statu	-0.0068341913
30611	africa	-0.0068406984
30611	grandpar	-0.006866747
30611	64	-0.006936247
30611	lifestyl	-0.006951806
30611	nowadai	-0.0071114986
30611	rural	-0.007135537
30611	muslim	-0.007148903
30611	prefer	-0.007205385
30611	chile	-0.007216799
30611	ratio	-0.0072442307
30611	shift	-0.007368401
30611	150	-0.007408838
30611	bracket	-0.0074265893
30611	known	-0.007429513
30611	smam	-0.0074824537
30611	town	-0.0075116125
30611	statesid	-0.007552384
30611	19	-0.007553744
30611	youngest	-0.007590781
30611	famili	-0.0076669212
30611	stat	-0.007669154
30611	durat	-0.007750678
30611	code	-0.007794013
30611	york	-0.0077942833
30611	wife	-0.0078004063
30611	nearli	-0.0078014852
30611	common	-0.007846891
30611	relationship	-0.007854536
30611	turn	-0.007939255
30611	69	-0.00801943
30611	immigr	-0.008062745
30611	period	-0.008101185
30611	nationwid	-0.00813982
30611	2006	-0.008266521
30611	counti	-0.0083720395
30611	heterosexu	-0.008425001
30611	legal	-0.008468385
30611	similar	-0.008763243
30611	europ	-0.008897835
30611	reveal	-0.009035832
30611	notabl	-0.00911549
30611	druze	-0.009137346
30611	onli	-0.009152317
30611	malawi	-0.009173893
30611	wale	-0.009243515
30611	40	-0.009303336
30611	love	-0.009333146
30611	arnett	-0.009393369
30611	socioeconom	-0.009440272
30611	western	-0.009465913
30611	hungari	-0.009549704
30611	19th	-0.009710247
30611	south	-0.009784701
30611	imper	-0.0097898
30611	cohabit	-0.010096548
30611	kinship	-0.01011281
30611	european	-0.010205805
30611	individu	-0.010253789
30611	35	-0.010323006
30611	be	-0.010341066
30611	hover	-0.010505096
30611	16	-0.010524731
30611	72	-0.010527572
30611	contrast	-0.010706171
30611	marit	-0.010715787
30611	utah	-0.010785886
30611	zip	-0.011099663
30611	ireland	-0.011596273
30611	arrang	-0.011654023
30611	gender	-0.011664535
30611	83	-0.011718376
30611	societi	-0.011915294
30611	male	-0.0119212475
30611	new	-0.012215719
30611	group	-0.012747952
30611	femal	-0.013030335
30611	ostrac	-0.013213456
30611	oldest	-0.013487592
30611	groom	-0.01374624
30611	1800	-0.013779162
30611	18	-0.013963885
30611	bride	-0.014462375
30611	1980	-0.014892105
30611	india	-0.015467634
30611	puritan	-0.015705096
30611	risen	-0.017319405
30611	countri	-0.017468324
30611	1900	-0.018868076
30611	older	-0.019158736
30611	gap	-0.0200024
30611	remarri	-0.020037925
30611	incom	-0.022776376
30611	100	-0.029351452
30611	younger	-0.035035267
30611	statist	-0.03980462
