1121353	discrimin	0.3880803
1121353	oklahoma	0.349287
1121353	unfairli	0.31113282
1121353	ohrc	0.27227604
1121353	claim	0.23311059
1121353	file	0.21828717
1121353	membership	0.20677131
1121353	religion	0.19899634
1121353	right	0.1696291
1121353	categori	0.1673116
1121353	race	0.16442561
1121353	harass	0.16056374
1121353	group	0.15969704
1121353	sex	0.15853676
1121353	legal	0.15237494
1121353	practic	0.14246072
1121353	peopl	0.13853128
1121353	treat	0.13617301
1121353	employ	0.13592656
1121353	differ	0.13313106
1121353	protect	0.13077241
1121353	ag	0.10809374
1121353	complaint	0.10232595
1121353	person	0.101697765
1121353	commiss	0.09964032
1121353	work	0.09611134
1121353	agenc	0.085105844
1121353	page	0.07217834
1121353	human	0.071770385
1121353	see	0.054193847
1121353	state	0.039852623
1121353	want	-0.00012074693
1121353	month	-0.00013106008
1121353	consist	-0.00013771508
1121353	increas	-0.00013798142
1121353	size	-0.00014757819
1121353	small	-0.00014857764
1121353	earli	-0.00015253342
1121353	25	-0.00015417351
1121353	design	-0.00015575606
1121353	purchas	-0.00015595408
1121353	print	-0.00015981453
1121353	select	-0.00016206202
1121353	war	-0.00016483071
1121353	old	-0.00016627794
1121353	low	-0.0001667982
1121353	13	-0.00017031547
1121353	tv	-0.00017039337
1121353	minut	-0.00017155403
1121353	north	-0.00017427545
1121353	build	-0.00017612823
1121353	30	-0.00017681594
1121353	click	-0.00017786126
1121353	80	-0.00017830257
1121353	station	-0.00018056863
1121353	updat	-0.00018242293
1121353	19	-0.0001865913
1121353	last	-0.0001866575
1121353	kei	-0.00018762816
1121353	feet	-0.00018766747
1121353	week	-0.00018893859
1121353	recommend	-0.0001901408
1121353	air	-0.00019231797
1121353	guid	-0.00019241677
1121353	31	-0.00019383893
1121353	radio	-0.00019414714
1121353	separ	-0.00019550287
1121353	present	-0.00019582007
1121353	system	-0.00019647376
1121353	higher	-0.0001993146
1121353	career	-0.00019961638
1121353	tradit	-0.00019962952
1121353	valu	-0.00020273494
1121353	hospit	-0.00020274632
1121353	industri	-0.00020584515
1121353	meet	-0.0002061984
1121353	natur	-0.00020622779
1121353	32	-0.00020643993
1121353	resourc	-0.00020688552
1121353	explor	-0.00020736404
1121353	combin	-0.00020777142
1121353	greater	-0.00020806245
1121353	scienc	-0.0002081769
1121353	enrol	-0.00020915724
1121353	forc	-0.0002099137
1121353	sea	-0.00021050274
1121353	magazin	-0.00021099353
1121353	temperatur	-0.00021464162
1121353	newspap	-0.00021527713
1121353	entir	-0.00021674614
1121353	visit	-0.00021737706
1121353	million	-0.00021774614
1121353	exempt	-0.00022098818
1121353	button	-0.00022323524
1121353	offici	-0.000224448
1121353	07	-0.00022448658
1121353	establish	-0.00022466603
1121353	topic	-0.00022531077
1121353	video	-0.00022671882
1121353	convert	-0.00022715525
1121353	vehicl	-0.00022742673
1121353	displai	-0.00022768638
1121353	55	-0.00022796981
1121353	monei	-0.0002279808
1121353	licens	-0.00022844932
1121353	across	-0.00022893758
1121353	municip	-0.00022976691
1121353	tell	-0.00022989509
1121353	52	-0.00023018752
1121353	celebr	-0.00023032223
1121353	wall	-0.00023170841
1121353	match	-0.00023226679
1121353	second	-0.00023239605
1121353	grew	-0.00023256296
1121353	settlement	-0.00023277973
1121353	appear	-0.00023293404
1121353	conveni	-0.00023403055
1121353	travel	-0.00023426457
1121353	squar	-0.00023452517
1121353	fit	-0.00023473897
1121353	profession	-0.00023492199
1121353	mainli	-0.00023591399
1121353	america	-0.00023632389
1121353	51	-0.00023655618
1121353	announc	-0.00023814665
1121353	determin	-0.00023836787
1121353	domin	-0.00023846507
1121353	hourli	-0.00023856845
1121353	reduc	-0.00023917065
1121353	district	-0.00023984944
1121353	children	-0.00024033859
1121353	mari	-0.00024040345
1121353	divorc	-0.0002409329
1121353	total	-0.00024188648
1121353	contractor	-0.00024279137
1121353	condit	-0.0002431911
1121353	googl	-0.0002444338
1121353	27	-0.00024449502
1121353	plain	-0.00024472928
1121353	incorpor	-0.00024562352
1121353	rock	-0.00024567792
1121353	express	-0.0002458508
1121353	geograph	-0.00024627385
1121353	04	-0.00024649076
1121353	isn	-0.00024717994
1121353	vari	-0.00024774644
1121353	driver	-0.00024774755
1121353	ve	-0.00024792922
1121353	major	-0.0002490637
1121353	idea	-0.00024913854
1121353	ou	-0.0002500727
1121353	paper	-0.00025016986
1121353	airport	-0.00025045083
1121353	avenu	-0.00025096396
1121353	oper	-0.0002511072
1121353	urban	-0.00025127004
1121353	facebook	-0.0002517064
1121353	thought	-0.00025175238
1121353	portion	-0.00025197087
1121353	pain	-0.0002525415
1121353	st	-0.00025316025
1121353	databas	-0.00025326232
1121353	bomb	-0.00025385688
1121353	review	-0.00025426294
1121353	suppli	-0.00025436375
1121353	wide	-0.00025459687
1121353	navig	-0.0002547014
1121353	pronunci	-0.00025545197
1121353	flag	-0.0002562117
1121353	discov	-0.00025627844
1121353	disambigu	-0.0002566917
1121353	83	-0.00025705277
1121353	edg	-0.00025905579
1121353	explain	-0.000260857
1121353	1880	-0.00026154282
1121353	supervis	-0.0002619062
1121353	focu	-0.00026201486
1121353	august	-0.00026232642
1121353	spirit	-0.00026244755
1121353	medicin	-0.00026366315
1121353	pharmaci	-0.00026376708
1121353	lewi	-0.00026393327
1121353	document	-0.00026558214
1121353	failur	-0.00026576951
1121353	campu	-0.00026727558
1121353	latitud	-0.00026741182
1121353	exceed	-0.00026785702
1121353	awai	-0.00026802628
1121353	225	-0.00026830274
1121353	875	-0.0002684287
1121353	22	-0.00026910013
1121353	filter	-0.00026915065
1121353	parallel	-0.00026921838
1121353	neighbor	-0.0002693207
1121353	97	-0.00026946943
1121353	corpor	-0.00026969353
1121353	car	-0.0002702353
1121353	84	-0.00027028218
1121353	agreement	-0.0002711215
1121353	real	-0.00027192198
1121353	guest	-0.00027462683
1121353	narrow	-0.00027546604
1121353	maximum	-0.0002761618
1121353	sell	-0.00027644887
1121353	third	-0.00027670813
1121353	proud	-0.0002768537
1121353	healthi	-0.00027698564
1121353	david	-0.00027843137
1121353	brows	-0.0002787951
1121353	hub	-0.00027967728
1121353	death	-0.00028001057
1121353	site	-0.00028019285
1121353	assembl	-0.00028280242
1121353	cleveland	-0.00028308202
1121353	forecast	-0.00028322212
1121353	longitud	-0.00028330495
1121353	arkansa	-0.00028515825
1121353	past	-0.00028546908
1121353	choic	-0.00028613806
1121353	regular	-0.0002863768
1121353	man	-0.00028711327
1121353	bodi	-0.00028763787
1121353	uncheck	-0.0002879583
1121353	heritag	-0.00028848872
1121353	warn	-0.00028856736
1121353	disast	-0.0002892634
1121353	clock	-0.00028953384
1121353	varieti	-0.0002896783
1121353	geographi	-0.0002896947
1121353	seventh	-0.00029016237
1121353	cure	-0.00029026312
1121353	implic	-0.00029035873
1121353	34	-0.00029112995
1121353	respond	-0.00029197667
1121353	tourism	-0.00029214445
1121353	traffic	-0.00029250333
1121353	approv	-0.00029283942
1121353	ad	-0.0002928699
1121353	leas	-0.0002941041
1121353	agent	-0.00029415768
1121353	knowledg	-0.00029616003
1121353	cheap	-0.00029649396
1121353	moor	-0.00029658253
1121353	999	-0.00029793763
1121353	penalti	-0.00029805684
1121353	interst	-0.0002981429
1121353	eighth	-0.0002992522
1121353	option	-0.00029938706
1121353	romant	-0.00030045919
1121353	licensur	-0.00030192698
1121353	flow	-0.00030215996
1121353	fall	-0.0003023532
1121353	24th	-0.00030370938
1121353	colleg	-0.0003049937
1121353	64	-0.00030544252
1121353	plai	-0.0003068872
1121353	compos	-0.00030696063
1121353	stat	-0.00030711424
1121353	firm	-0.00030757653
1121353	solv	-0.00030814394
1121353	regist	-0.0003082623
1121353	meridian	-0.00030988132
1121353	younger	-0.00030990219
1121353	marri	-0.00031025868
1121353	southwestern	-0.00031094244
1121353	best	-0.00031153098
1121353	highli	-0.00031246923
1121353	nestl	-0.00031312616
1121353	29th	-0.0003138827
1121353	point	-0.00031443321
1121353	open	-0.00031471462
1121353	coverag	-0.0003155942
1121353	bia	-0.0003156465
1121353	rang	-0.0003157472
1121353	write	-0.0003169459
1121353	111	-0.0003172649
1121353	william	-0.00031812224
1121353	februari	-0.00031820452
1121353	script	-0.00031884987
1121353	parti	-0.00031910124
1121353	72	-0.00031910604
1121353	capitol	-0.00031933616
1121353	revenu	-0.000319761
1121353	subordin	-0.00032027604
1121353	rule	-0.0003207198
1121353	375	-0.0003215049
1121353	embrac	-0.00032152652
1121353	elimin	-0.0003229471
1121353	argument	-0.00032449796
1121353	post	-0.0003262125
1121353	stage	-0.00032653363
1121353	suspect	-0.00032655252
1121353	heat	-0.00032674216
1121353	outlet	-0.00032694254
1121353	statehood	-0.0003275226
1121353	level	-0.00032772834
1121353	appoint	-0.00032775474
1121353	297	-0.00032802316
1121353	346	-0.00032845084
1121353	box	-0.00032967865
1121353	synonym	-0.00032977792
1121353	encourag	-0.00032992114
1121353	go	-0.000330015
1121353	servic	-0.00033003927
1121353	suffer	-0.00033051314
1121353	prior	-0.0003312153
1121353	estim	-0.00033159688
1121353	profit	-0.00033219598
1121353	ask	-0.0003323685
1121353	vote	-0.0003346588
1121353	12	-0.00033506722
1121353	senat	-0.00033536024
1121353	ordin	-0.00033560392
1121353	unlaw	-0.0003361635
1121353	631	-0.00033629732
1121353	usa	-0.00033743453
1121353	10th	-0.0003385343
1121353	leav	-0.0003386976
1121353	graph	-0.00034124893
1121353	project	-0.00034302572
1121353	affair	-0.0003432833
1121353	sw	-0.00034370105
1121353	surgeon	-0.00034412488
1121353	board	-0.00034509497
1121353	strategi	-0.0003457465
1121353	concentr	-0.00034640127
1121353	creditor	-0.00034658783
1121353	histor	-0.0003469729
1121353	york	-0.00034701067
1121353	bailei	-0.00034707246
1121353	aca	-0.00034785958
1121353	1st	-0.00034791607
1121353	conduct	-0.0003486333
1121353	050	-0.00034864308
1121353	attent	-0.00034877728
1121353	planner	-0.00034956445
1121353	579	-0.00035023477
1121353	elev	-0.00035058885
1121353	146	-0.0003506452
1121353	consum	-0.0003530679
1121353	climat	-0.0003530963
1121353	lai	-0.00035338616
1121353	instruct	-0.00035355214
1121353	analysi	-0.00035380028
1121353	hot	-0.00035526112
1121353	89	-0.00035530137
1121353	impact	-0.0003553585
1121353	assum	-0.000355938
1121353	just	-0.0003562901
1121353	defens	-0.0003565388
1121353	tribe	-0.00035664716
1121353	garden	-0.000357405
1121353	south	-0.00035787263
1121353	24	-0.0003582172
1121353	translat	-0.00035873012
1121353	currenc	-0.0003615246
1121353	calendar	-0.00036157732
1121353	guidelin	-0.00036163692
1121353	term	-0.00036226245
1121353	web	-0.00036236751
1121353	talk	-0.00036242654
1121353	permit	-0.00036364797
1121353	studi	-0.0003651952
1121353	radar	-0.00036555118
1121353	blvd	-0.00036642703
1121353	disciplin	-0.00036711
1121353	371	-0.00036755356
1121353	luther	-0.0003678566
1121353	fbi	-0.0003682501
1121353	1890	-0.000369041
1121353	repres	-0.0003700774
1121353	properti	-0.0003702567
1121353	hiv	-0.00037063193
1121353	caus	-0.00037071106
1121353	friend	-0.00037112844
1121353	affection	-0.00037120993
1121353	334	-0.00037166555
1121353	reveal	-0.0003724745
1121353	percept	-0.0003726356
1121353	35	-0.0003727107
1121353	turnpik	-0.00037326541
1121353	partnership	-0.00037349423
1121353	summer	-0.00037359065
1121353	329	-0.00037422313
1121353	ll	-0.00037576645
1121353	grow	-0.0003762467
1121353	hotel	-0.00037661483
1121353	offer	-0.00037714228
1121353	link	-0.00037725084
1121353	organis	-0.00037747432
1121353	serv	-0.0003776003
1121353	notic	-0.0003782105
1121353	800	-0.0003791248
1121353	try	-0.0003799201
1121353	realiz	-0.00038091603
1121353	close	-0.0003815536
1121353	develop	-0.0003815664
1121353	interview	-0.00038164135
1121353	86	-0.00038177808
1121353	insur	-0.00038183448
1121353	326	-0.00038232835
1121353	advoc	-0.000382491
1121353	top	-0.00038271342
1121353	feb	-0.0003833047
1121353	articl	-0.00038383706
1121353	massachusett	-0.00038505817
1121353	caucasian	-0.000385634
1121353	consequ	-0.00038596737
1121353	norman	-0.00038611816
1121353	552	-0.0003866919
1121353	sheet	-0.00038811736
1121353	835	-0.00038979267
1121353	82	-0.0003900396
1121353	neo	-0.00039024214
1121353	popular	-0.0003908963
1121353	high	-0.00039125382
1121353	west	-0.0003922804
1121353	44	-0.00039353958
1121353	aggress	-0.00039426552
1121353	event	-0.00039501526
1121353	stand	-0.00039559623
1121353	regardless	-0.0003958506
1121353	scenario	-0.0003960787
1121353	quick	-0.00039653
1121353	download	-0.00039673538
1121353	neurolog	-0.00039676364
1121353	718	-0.00039790492
1121353	observ	-0.00039840085
1121353	enter	-0.00039934678
1121353	road	-0.0003997636
1121353	sacramento	-0.0003997706
1121353	win	-0.00040090163
1121353	occup	-0.00040104944
1121353	breakdown	-0.00040236706
1121353	2035	-0.00040397726
1121353	unassign	-0.00040443684
1121353	perceiv	-0.00040633188
1121353	575	-0.0004065821
1121353	avail	-0.00040672545
1121353	081	-0.00040843844
1121353	633	-0.00040854266
1121353	proof	-0.00040926872
1121353	late	-0.00041010318
1121353	confus	-0.0004113967
1121353	manifest	-0.00041145275
1121353	midwest	-0.00041189982
1121353	dp	-0.00041208696
1121353	allow	-0.0004127961
1121353	disclosur	-0.00041354046
1121353	save	-0.00041382035
1121353	gross	-0.00041432714
1121353	155	-0.00041537732
1121353	thursdai	-0.00041694034
1121353	epic	-0.00041834658
1121353	005	-0.00041975733
1121353	28	-0.00042076307
1121353	confin	-0.00042297007
1121353	98	-0.00042425256
1121353	1995	-0.00042463798
1121353	frustrat	-0.00042537105
1121353	subtl	-0.00042588354
1121353	calcul	-0.00042677365
1121353	alon	-0.00042697828
1121353	42	-0.00042698625
1121353	interpret	-0.0004273006
1121353	480	-0.00042760212
1121353	sign	-0.00042816994
1121353	intoler	-0.0004295534
1121353	hyatt	-0.00042987466
1121353	mingo	-0.00043004824
1121353	statut	-0.0004302227
1121353	orthoped	-0.00043036966
1121353	traumat	-0.00043049283
1121353	tinker	-0.00043107677
1121353	cordel	-0.0004311762
1121353	movi	-0.00043126577
1121353	1353	-0.0004317229
1121353	km	-0.00043266563
1121353	psychedel	-0.00043321858
1121353	divid	-0.00043330673
1121353	taxat	-0.00043340758
1121353	extern	-0.00043439123
1121353	genuin	-0.00043482307
1121353	candid	-0.00043501973
1121353	crimin	-0.00043507124
1121353	38	-0.00043539703
1121353	recent	-0.00043569447
1121353	birth	-0.00043691776
1121353	begin	-0.00043738785
1121353	exercis	-0.0004398886
1121353	749	-0.00044039826
1121353	land	-0.00044139262
1121353	context	-0.00044159556
1121353	ensur	-0.00044249243
1121353	522	-0.0004432639
1121353	center	-0.00044330137
1121353	wikiansw	-0.00044395623
1121353	obtain	-0.0004443194
1121353	fallin	-0.0004463941
1121353	8	-0.000446532
1121353	7111	-0.00044745274
1121353	0114	-0.00044815813
1121353	assist	-0.00045017924
1121353	139	-0.00045031088
1121353	verbal	-0.00045060206
1121353	timothi	-0.00045061074
1121353	provis	-0.00045150804
1121353	index	-0.00045293168
1121353	okc	-0.00045294693
1121353	novemb	-0.00045311273
1121353	fee	-0.00045313136
1121353	empower	-0.00045383436
1121353	otc	-0.00045404516
1121353	6205	-0.00045415256
1121353	union	-0.00045474584
1121353	7	-0.0004553947
1121353	break	-0.00045583237
1121353	great	-0.0004574563
1121353	life	-0.00045781935
1121353	accredit	-0.00045790398
1121353	move	-0.00045994463
1121353	37	-0.00045995793
1121353	rememb	-0.00046030077
1121353	modern	-0.00046071233
1121353	know	-0.00046072973
1121353	letter	-0.00046167127
1121353	quickli	-0.00046258295
1121353	mind	-0.00046390173
1121353	reflect	-0.00046394675
1121353	50	-0.0004641707
1121353	biggest	-0.00046457435
1121353	propos	-0.0004647457
1121353	aarp	-0.00046507784
1121353	carn	-0.00046513285
1121353	affect	-0.0004652065
1121353	indic	-0.00046769902
1121353	effort	-0.0004679964
1121353	latest	-0.00046830633
1121353	testimoni	-0.00046892287
1121353	kilomet	-0.00046899778
1121353	fahrenheit	-0.00047111433
1121353	teacher	-0.00047120644
1121353	manag	-0.00047138418
1121353	equat	-0.0004719767
1121353	taxpay	-0.0004722945
1121353	litig	-0.00047285092
1121353	texa	-0.00047318687
1121353	1710	-0.00047347203
1121353	continu	-0.00047410105
1121353	onc	-0.0004746522
1121353	soon	-0.0004773209
1121353	tangibl	-0.00047913846
1121353	emotion	-0.0004792325
1121353	quadrat	-0.00047984283
1121353	5	-0.00048008107
1121353	mob	-0.00048041932
1121353	be	-0.00048059836
1121353	accompani	-0.0004810559
1121353	5625	-0.0004857445
1121353	adopt	-0.00048749987
1121353	resolut	-0.0004883212
1121353	ener	-0.00048946356
1121353	problem	-0.00049016264
1121353	emploi	-0.00049037376
1121353	unemploi	-0.0004906689
1121353	neurologist	-0.00049070455
1121353	2016	-0.00049120036
1121353	redund	-0.0004915325
1121353	power	-0.00049208925
1121353	onlin	-0.0004929135
1121353	306	-0.00049320015
1121353	8112	-0.00049422495
1121353	toll	-0.00049644854
1121353	1978	-0.0004979906
1121353	subject	-0.00049866695
1121353	hear	-0.00049999886
1121353	latino	-0.0005006606
1121353	intak	-0.0005008791
1121353	solut	-0.00050259527
1121353	entitl	-0.0005029136
1121353	releas	-0.00050300785
1121353	juli	-0.00050450675
1121353	defend	-0.0005046767
1121353	earn	-0.0005054421
1121353	1907	-0.00050741463
1121353	unrel	-0.0005090653
1121353	8912	-0.0005090773
1121353	client	-0.0005098346
1121353	1980	-0.00050996226
1121353	freebas	-0.00051044184
1121353	distinguish	-0.00051099947
1121353	704	-0.00051205436
1121353	bx	-0.00051303615
1121353	respons	-0.0005130689
1121353	english	-0.0005136407
1121353	paragraph	-0.0005157549
1121353	hour	-0.00051622075
1121353	band	-0.00051663455
1121353	advers	-0.000517004
1121353	sole	-0.000517569
1121353	downtown	-0.0005186358
1121353	personnel	-0.00051913987
1121353	reinstat	-0.00051935215
1121353	ii	-0.0005195391
1121353	recess	-0.00051988516
1121353	opinion	-0.0005219256
1121353	border	-0.0005220246
1121353	sheridan	-0.0005228476
1121353	5652	-0.0005231339
1121353	000	-0.0005234244
1121353	requir	-0.0005236429
1121353	amount	-0.0005258288
1121353	seldom	-0.0005260173
1121353	54	-0.0005261077
1121353	qualiti	-0.00052737066
1121353	question	-0.00052759546
1121353	nurs	-0.00052796735
1121353	65	-0.0005315256
1121353	missouri	-0.00053243805
1121353	count	-0.0005329953
1121353	sport	-0.00053300796
1121353	sector	-0.00053536444
1121353	minnesota	-0.00053581846
1121353	sort	-0.0005375564
1121353	cheaper	-0.00053990044
1121353	2015	-0.0005418026
1121353	densiti	-0.00054191484
1121353	household	-0.0005423702
1121353	affili	-0.00054382364
1121353	2013	-0.00054407964
1121353	ohio	-0.0005446047
1121353	still	-0.0005446405
1121353	set	-0.0005464719
1121353	17	-0.0005481665
1121353	trait	-0.0005495646
1121353	spike	-0.0005496943
1121353	4916	-0.00055070734
1121353	hollywood	-0.0005511597
1121353	overtim	-0.00055142737
1121353	june	-0.0005514377
1121353	coordin	-0.00055264664
1121353	dog	-0.000552816
1121353	refund	-0.0005535516
1121353	salari	-0.0005542153
1121353	era	-0.0005542708
1121353	pervas	-0.0005543829
1121353	militari	-0.0005550898
1121353	strict	-0.0005554355
1121353	merit	-0.0005564611
1121353	countri	-0.0005579357
1121353	com	-0.00055833155
1121353	keep	-0.00056042965
1121353	specif	-0.00056183187
1121353	16	-0.00056218903
1121353	12x	-0.0005626509
1121353	michigan	-0.0005632797
1121353	creat	-0.0005638129
1121353	wage	-0.00056421396
1121353	approxim	-0.0005683653
1121353	lower	-0.0005684964
1121353	call	-0.00056921906
1121353	tulsa	-0.0005694845
1121353	blog	-0.00056950114
1121353	sue	-0.0005700434
1121353	provid	-0.0005715373
1121353	inquiri	-0.00057180255
1121353	00	-0.00057190564
1121353	staff	-0.0005729001
1121353	fundament	-0.0005732175
1121353	maximis	-0.00057522545
1121353	fals	-0.0005754918
1121353	6	-0.0005768137
1121353	visitokc	-0.00057744805
1121353	disadvantag	-0.0005775556
1121353	behaviour	-0.0005777558
1121353	obituari	-0.00058012834
1121353	consider	-0.00058035686
1121353	85	-0.0005805056
1121353	abus	-0.0005809067
1121353	mistreat	-0.0005812335
1121353	oblig	-0.0005814694
1121353	support	-0.00058176136
1121353	dr	-0.0005847005
1121353	associ	-0.00058491196
1121353	blatant	-0.0005868429
1121353	medic	-0.00058994134
1121353	abl	-0.00059092924
1121353	212	-0.000591629
1121353	8705	-0.0005921824
1121353	sai	-0.00059256854
1121353	complic	-0.0005929835
1121353	underli	-0.0005940295
1121353	janet	-0.0005948668
1121353	ax2	-0.00059561426
1121353	product	-0.0005959694
1121353	unwelcom	-0.00059676234
1121353	western	-0.0005968277
1121353	elk	-0.00059786305
1121353	79	-0.00059801555
1121353	winner	-0.0005989095
1121353	come	-0.00059911574
1121353	nonresid	-0.00060016563
1121353	root	-0.0006008742
1121353	daylight	-0.00060087745
1121353	administr	-0.0006012585
1121353	immigr	-0.0006019745
1121353	freedom	-0.00060204056
1121353	note	-0.0006022785
1121353	accept	-0.0006038886
1121353	primarili	-0.0006055247
1121353	mental	-0.0006057696
1121353	tech	-0.0006063706
1121353	advic	-0.0006066112
1121353	facet	-0.000608233
1121353	inferior	-0.0006088744
1121353	liabl	-0.0006105193
1121353	392kb	-0.0006112852
1121353	lip	-0.0006120693
1121353	safeti	-0.0006130779
1121353	doubl	-0.0006131162
1121353	word	-0.0006139318
1121353	incom	-0.0006158198
1121353	18	-0.0006183061
1121353	governor	-0.00061850535
1121353	rank	-0.00061891874
1121353	wholli	-0.0006195276
1121353	rippl	-0.0006214851
1121353	14	-0.0006216756
1121353	breach	-0.000622709
1121353	wait	-0.000627643
1121353	996	-0.00062769785
1121353	unintend	-0.00062911236
1121353	pretext	-0.00062933145
1121353	differenti	-0.00063062145
1121353	offens	-0.00063097064
1121353	67	-0.0006310759
1121353	handbook	-0.0006318554
1121353	down	-0.0006368196
1121353	tabl	-0.0006372856
1121353	nd	-0.0006375792
1121353	deduct	-0.0006381245
1121353	receiv	-0.00063963834
1121353	line	-0.0006396927
1121353	recogn	-0.0006422382
1121353	possibl	-0.00064275286
1121353	indian	-0.0006441949
1121353	victorian	-0.0006442188
1121353	suprem	-0.0006443863
1121353	exclud	-0.00064482476
1121353	news9	-0.0006475563
1121353	river	-0.0006481242
1121353	region	-0.00064890564
1121353	survei	-0.0006529015
1121353	forti	-0.0006532182
1121353	extens	-0.00065389
1121353	biologi	-0.0006551666
1121353	help	-0.00065583887
1121353	statement	-0.00065585156
1121353	compani	-0.00065778475
1121353	mail	-0.0006583531
1121353	claus	-0.00065913197
1121353	drive	-0.00065972074
1121353	identifi	-0.0006602564
1121353	author	-0.000660292
1121353	registr	-0.00066121225
1121353	collect	-0.0006625451
1121353	websit	-0.0006628023
1121353	fulli	-0.0006640959
1121353	remark	-0.0006641747
1121353	seat	-0.00066427194
1121353	clarifi	-0.000666964
1121353	45	-0.0006669898
1121353	talli	-0.0006677178
1121353	afraid	-0.00066991994
1121353	ground	-0.0006719113
1121353	numer	-0.0006719405
1121353	danger	-0.0006720075
1121353	extend	-0.00067226693
1121353	368	-0.00067230023
1121353	systemat	-0.0006733664
1121353	columbu	-0.00067464233
1121353	member	-0.000675015
1121353	seq	-0.0006755174
1121353	media	-0.00067651086
1121353	flame	-0.0006767447
1121353	role	-0.0006783882
1121353	complain	-0.00068111334
1121353	marit	-0.0006813902
1121353	frontier	-0.00068174006
1121353	request	-0.0006824996
1121353	bolster	-0.00068512687
1121353	27th	-0.00068515545
1121353	straight	-0.0006859638
1121353	2017	-0.000687222
1121353	detail	-0.0006874517
1121353	histori	-0.00068808976
1121353	world	-0.0006886088
1121353	least	-0.00068928505
1121353	typic	-0.0006898422
1121353	9x2	-0.0006910298
1121353	refer	-0.00069251156
1121353	addit	-0.00069336884
1121353	9	-0.0006943163
1121353	2493	-0.0006961311
1121353	digniti	-0.00069766
1121353	smell	-0.00069817004
1121353	difficult	-0.0006983225
1121353	period	-0.0006993607
1121353	592	-0.0006997118
1121353	record	-0.000701224
1121353	contract	-0.0007027405
1121353	success	-0.0007067742
1121353	outlaw	-0.00070781546
1121353	osd	-0.0007116275
1121353	especi	-0.0007121496
1121353	ix	-0.00071226555
1121353	compli	-0.00071362953
1121353	sect	-0.000713978
1121353	violent	-0.00071476836
1121353	here	-0.00071482285
1121353	oldest	-0.0007154499
1121353	stress	-0.0007185789
1121353	easi	-0.0007198924
1121353	unfortun	-0.000719989
1121353	foremost	-0.00072104076
1121353	track	-0.0007234004
1121353	map	-0.0007237224
1121353	posit	-0.00072486576
1121353	club	-0.0007250265
1121353	usda	-0.0007287592
1121353	av	-0.0007309065
1121353	target	-0.0007340374
1121353	broke	-0.00073405885
1121353	took	-0.0007342598
1121353	geib	-0.00073485466
1121353	commonli	-0.000735166
1121353	deal	-0.0007354527
1121353	accus	-0.0007356412
1121353	price	-0.0007368959
1121353	2018individu	-0.0007400042
1121353	7450	-0.0007431482
1121353	belong	-0.0007431598
1121353	connect	-0.0007442623
1121353	inconsist	-0.0007455391
1121353	usdupd	-0.0007485547
1121353	median	-0.0007486833
1121353	oun	-0.00075243093
1121353	read	-0.0007533319
1121353	511nr	-0.00075514056
1121353	disciplinari	-0.00075597496
1121353	20	-0.00076246215
1121353	chang	-0.0007640004
1121353	experienc	-0.00076405617
1121353	complet	-0.0007642722
1121353	african	-0.000765108
1121353	1983	-0.0007663229
1121353	learner	-0.00076660246
1121353	look	-0.00076674833
1121353	men	-0.0007785075
1121353	put	-0.0007796708
1121353	relat	-0.00078323856
1121353	oversight	-0.0007847892
1121353	deadlin	-0.0007861962
1121353	cooper	-0.00078763335
1121353	todai	-0.0007877691
1121353	publish	-0.00078851334
1121353	sale	-0.00078984565
1121353	2014	-0.00079000957
1121353	layoff	-0.0007909236
1121353	cultur	-0.0007933938
1121353	bendur	-0.00079370255
1121353	fire	-0.0007937796
1121353	unfair	-0.00079783745
1121353	us	-0.00079870265
1121353	program	-0.00079891755
1121353	jefferson	-0.0008017166
1121353	mastagni	-0.00080342096
1121353	holstedt	-0.00080342096
1121353	gai	-0.00080447335
1121353	verb	-0.0008072676
1121353	headquart	-0.00080770475
1121353	nativ	-0.0008100761
1121353	remedi	-0.0008133157
1121353	east	-0.00081400975
1121353	zealand	-0.0008187839
1121353	c1	-0.0008214721
1121353	rutger	-0.0008228152
1121353	percent	-0.0008233006
1121353	intend	-0.0008240704
1121353	2012	-0.0008298651
1121353	b2	-0.0008334658
1121353	dispar	-0.00083757564
1121353	unfavour	-0.00084452226
1121353	33	-0.0008448917
1121353	found	-0.00084633945
1121353	reason	-0.00084638176
1121353	respect	-0.0008476112
1121353	live	-0.0008491108
1121353	charter	-0.0008519088
1121353	lack	-0.000852216
1121353	compar	-0.0008525877
1121353	home	-0.00085329264
1121353	divis	-0.00085371936
1121353	accord	-0.00085947633
1121353	offic	-0.00086016743
1121353	envir	-0.0008602023
1121353	procedur	-0.00086084905
1121353	solac	-0.0008619783
1121353	2002	-0.0008622774
1121353	nlrb	-0.0008667425
1121353	mployment	-0.00086733664
1121353	student	-0.00086772
1121353	rate	-0.0008708309
1121353	phone	-0.00087514066
1121353	3027	-0.0008760899
1121353	fight	-0.00087887526
1121353	jurisdict	-0.00088006654
1121353	66	-0.00088230165
1121353	56	-0.0008825177
1121353	choos	-0.00088931975
1121353	ada	-0.0008902572
1121353	447	-0.00089072477
1121353	2000e	-0.00089234806
1121353	liabil	-0.0008927909
1121353	known	-0.00089514477
1121353	date	-0.00089529285
1121353	amend	-0.00089545926
1121353	territori	-0.0008955157
1121353	busi	-0.0008967675
1121353	singl	-0.000897949
1121353	appli	-0.00089972484
1121353	octob	-0.00090343284
1121353	actual	-0.0009070175
1121353	polic	-0.0009093618
1121353	purpos	-0.0009099375
1121353	327view	-0.0009148107
1121353	woman	-0.0009160684
1121353	su	-0.00092064234
1121353	lost	-0.0009235082
1121353	examin	-0.0009305538
1121353	facilities4	-0.0009317389
1121353	afford	-0.000937547
1121353	recruit	-0.00093891926
1121353	chipotl	-0.0009421599
1121353	feha	-0.0009423554
1121353	languag	-0.00094658154
1121353	wit	-0.00094845996
1121353	inclus	-0.0009509415
1121353	health	-0.00095441315
1121353	discriminationref	-0.0009545894
1121353	superintend	-0.0009552919
1121353	zone	-0.0009586069
1121353	lesbian	-0.00095930335
1121353	like	-0.00095937116
1121353	similar	-0.000960771
1121353	let	-0.0009642713
1121353	resid	-0.00096575794
1121353	barresi	-0.000978664
1121353	particip	-0.0009816185
1121353	ndirect	-0.0009821533
1121353	social	-0.0009859961
1121353	experi	-0.0009879976
1121353	return	-0.000988652
1121353	behalf	-0.0009890486
1121353	asian	-0.000992112
1121353	outpac	-0.000992832
1121353	favor	-0.0009985697
1121353	consid	-0.0010064007
1121353	ban	-0.0010088482
1121353	405	-0.0010216546
1121353	lawyer	-0.0010221745
1121353	100	-0.0010242868
1121353	recognis	-0.0010262879
1121353	cost	-0.0010293754
1121353	zip	-0.0010298496
1121353	view	-0.0010401563
1121353	statist	-0.0010405062
1121353	status	-0.0010423624
1121353	2011	-0.0010458312
1121353	overview	-0.0010480928
1121353	atlanta	-0.0010501473
1121353	code	-0.001050757
1121353	increasingli	-0.0010512844
1121353	serious	-0.0010540746
1121353	weather	-0.001054959
1121353	black	-0.0010643239
1121353	dismiss	-0.0010667205
1121353	give	-0.0010742963
1121353	capit	-0.0010817226
1121353	11	-0.0010884578
1121353	women	-0.0010975655
1121353	name	-0.0010986326
1121353	univers	-0.0011013788
1121353	result	-0.0011043919
1121353	central	-0.0011046539
1121353	genet	-0.0011097457
1121353	racism	-0.0011098987
1121353	free	-0.0011105092
1121353	access	-0.0011118605
1121353	decid	-0.0011123045
1121353	prove	-0.001125181
1121353	direct	-0.0011301015
1121353	don	-0.0011316244
1121353	dfeh	-0.0011390885
1121353	town	-0.0011448084
1121353	neg	-0.0011475786
1121353	commun	-0.0011487828
1121353	freeadvic	-0.0011541165
1121353	crime	-0.0011546162
1121353	abil	-0.0011618542
1121353	transgend	-0.0011636931
1121353	famili	-0.0011642355
1121353	violenc	-0.0011681251
1121353	order	-0.0011704904
1121353	process	-0.0011707419
1121353	promot	-0.0011731117
1121353	find	-0.001177437
1121353	school	-0.0011809462
1121353	train	-0.0011883772
1121353	limit	-0.0011903155
1121353	90	-0.0012011483
1121353	evid	-0.001202702
1121353	discriminatori	-0.0012177614
1121353	violat	-0.0012264937
1121353	imper	-0.0012287359
1121353	year	-0.0012295846
1121353	minor	-0.00123008
1121353	understand	-0.0012302523
1121353	issu	-0.0012331203
1121353	privat	-0.0012336717
1121353	10	-0.0012350639
1121353	regul	-0.0012403644
1121353	4ac	-0.0012455321
1121353	divers	-0.0012467869
1121353	feel	-0.001254562
1121353	grievanc	-0.0012563714
1121353	standard	-0.0012574728
1121353	censu	-0.0012581832
1121353	wrong	-0.0012586846
1121353	search	-0.001260522
1121353	special	-0.0012646996
1121353	largest	-0.0012729627
1121353	sourc	-0.0012793952
1121353	87	-0.001297633
1121353	onli	-0.0013034671
1121353	hire	-0.0013125852
1121353	show	-0.001315866
1121353	learn	-0.001321795
1121353	care	-0.0013219267
1121353	current	-0.0013230178
1121353	occur	-0.0013255591
1121353	polit	-0.0013274588
1121353	new	-0.0013288757
1121353	facil	-0.0013290073
1121353	0	-0.0013309236
1121353	circumst	-0.0013318281
1121353	will	-0.0013326309
1121353	degre	-0.0013335502
1121353	white	-0.0013505948
1121353	physic	-0.0013535641
1121353	ident	-0.0013547217
1121353	local	-0.0013557845
1121353	180	-0.00137299
1121353	wors	-0.0013789297
1121353	institut	-0.0013805944
1121353	prevent	-0.0013820262
1121353	forbid	-0.001383564
1121353	take	-0.0013855082
1121353	due	-0.0013894725
1121353	non	-0.0013897886
1121353	expens	-0.001398046
1121353	part	-0.0014239924
1121353	choctaw	-0.0014264825
1121353	check	-0.001435201
1121353	number	-0.0014424579
1121353	demograph	-0.0014565707
1121353	situat	-0.0014575205
1121353	unit	-0.0014637267
1121353	environ	-0.0014891664
1121353	accommod	-0.0015037586
1121353	distanc	-0.0015038116
1121353	mile	-0.0015172756
1121353	public	-0.0015365768
1121353	effect	-0.0015411222
1121353	address	-0.0015428002
1121353	justic	-0.001546465
1121353	eeo	-0.0015535359
1121353	kind	-0.0015536639
1121353	4	-0.0015544607
1121353	alleg	-0.0015552584
1121353	averag	-0.0015614834
1121353	speak	-0.0015747105
1121353	seek	-0.0015764667
1121353	answer	-0.0015890768
1121353	follow	-0.001625961
1121353	enact	-0.0016326446
1121353	action	-0.0016498277
1121353	bring	-0.0016637908
1121353	statu	-0.0016801684
1121353	list	-0.001682526
1121353	locat	-0.0016868804
1121353	time	-0.0016885399
1121353	counselor	-0.0016910214
1121353	report	-0.0017053758
1121353	well	-0.0017083386
1121353	termin	-0.0017344602
1121353	benefit	-0.0017499294
1121353	hispan	-0.0017568826
1121353	hostil	-0.0017576423
1121353	favour	-0.0017625227
1121353	need	-0.0017628201
1121353	skin	-0.0017738462
1121353	metropolitan	-0.0017880736
1121353	face	-0.0018191652
1121353	gener	-0.0018232214
1121353	dai	-0.0018250532
1121353	organ	-0.001827395
1121353	enforc	-0.0018317745
1121353	40	-0.0018391913
1121353	fair	-0.0018545897
1121353	revers	-0.0018631004
1121353	first	-0.0018791883
1121353	court	-0.0018796179
1121353	handl	-0.0018825022
1121353	noun	-0.001882777
1121353	common	-0.0018886472
1121353	attornei	-0.0018972378
1121353	class	-0.0019030765
1121353	2010	-0.0019225914
1121353	think	-0.0019232056
1121353	educ	-0.0019399881
1121353	make	-0.0019663293
1121353	case	-0.0019730912
1121353	colour	-0.0019781506
1121353	involv	-0.0020007591
1121353	tax	-0.0020113809
1121353	unfavor	-0.00201515
1121353	societi	-0.0020252678
1121353	mean	-0.002029121
1121353	area	-0.002033087
1121353	who	-0.002037549
1121353	pai	-0.0020703513
1121353	made	-0.0020785742
1121353	decis	-0.0021082584
1121353	handicap	-0.0021104044
1121353	15	-0.0021137954
1121353	anti	-0.0021189295
1121353	intent	-0.0021206492
1121353	govern	-0.0021396554
1121353	step	-0.002172149
1121353	mai	-0.0021829605
1121353	equit	-0.0021988833
1121353	happen	-0.0022515785
1121353	contact	-0.002271682
1121353	includ	-0.0022998052
1121353	place	-0.002313407
1121353	hous	-0.002338558
1121353	religi	-0.002347953
1121353	american	-0.0023645614
1121353	orient	-0.002365647
1121353	polici	-0.0023813522
1121353	belief	-0.0023831185
1121353	ethnic	-0.0023990653
1121353	exampl	-0.002412115
1121353	adea	-0.0024157956
1121353	prejudic	-0.0024175188
1121353	wai	-0.0024331508
1121353	ok	-0.002457791
1121353	believ	-0.0024627186
1121353	depart	-0.0024975375
1121353	3	-0.0025336277
1121353	factor	-0.0025592258
1121353	defin	-0.0026328943
1121353	applic	-0.002645699
1121353	stereotyp	-0.002660358
1121353	bulli	-0.0027410153
1121353	opportun	-0.0027621635
1121353	pregnanc	-0.0028093327
1121353	1967	-0.0028674265
1121353	titl	-0.0029059504
1121353	older	-0.0029499978
1121353	2	-0.0029547263
1121353	job	-0.0030773766
1121353	investig	-0.003086734
1121353	california	-0.0031566885
1121353	treatment	-0.00321519
1121353	basi	-0.003225086
1121353	counti	-0.00324304
1121353	charg	-0.0032558271
1121353	definit	-0.0032701995
1121353	unequ	-0.0032969182
1121353	1964	-0.0034888147
1121353	deni	-0.0035013545
1121353	popul	-0.0035303414
1121353	individu	-0.003580066
1121353	1	-0.0036971453
1121353	characterist	-0.0037983651
1121353	illeg	-0.003984771
1121353	form	-0.0040132
1121353	victim	-0.0040158043
1121353	vii	-0.0040744767
1121353	color	-0.0043782406
1121353	worker	-0.0044803387
1121353	can	-0.0048020175
1121353	type	-0.0048026117
1121353	retali	-0.0048236027
1121353	civil	-0.0048471354
1121353	equal	-0.0050711744
1121353	racial	-0.0050898404
1121353	origin	-0.0052622734
1121353	eeoc	-0.0059636296
1121353	nation	-0.0062083583
1121353	prohibit	-0.0062200027
1121353	base	-0.0071805064
1121353	lawsuit	-0.00723645
1121353	sexual	-0.007840125
1121353	feder	-0.008674312
1121353	employe	-0.00881529
1121353	act	-0.008992679
1121353	disabl	-0.009392739
1121353	gender	-0.0098195225
1121353	law	-0.012714367
1121353	citi	-0.013563086
1121353	workplac	-0.034591597
