146187	mcdoubl	0.69003093
146187	cheeseburg	0.38205484
146187	doubl	0.24003609
146187	chees	0.20298797
146187	slice	0.19192237
146187	cheesburg	0.14612548
146187	mcdonald	0.1454814
146187	menu	0.14367346
146187	patti	0.12598611
146187	dollar	0.11752374
146187	ketchup	0.11701859
146187	mcchees	0.09130375
146187	piec	0.08758407
146187	pickl	0.080843225
146187	meat	0.07198127
146187	gristl	0.0699101
146187	differ	0.069785476
146187	mustard	0.06806968
146187	onion	0.06250032
146187	beef	0.058121778
146187	arent	0.05489896
146187	discern	0.05260644
146187	manhattan	0.05026855
146187	item	0.04817252
146187	burger	0.047841523
146187	buck	0.04669687
146187	filler	0.04532504
146187	minu	0.04477714
146187	still	0.044700928
146187	napkin	0.04223466
146187	tast	0.04223279
146187	previous	0.04194638
146187	anymor	0.04185732
146187	sub	0.04183959
146187	glanc	0.04159623
146187	australia	0.041296713
146187	like	0.04108273
146187	gap	0.040207595
146187	just	0.039603893
146187	39	0.039114565
146187	49	0.03908965
146187	now	0.037732564
146187	poni	0.03683938
146187	golden	0.03425175
146187	mayb	0.033934508
146187	penni	0.0337369
146187	sooner	0.0334691
146187	flavor	0.03243874
146187	cent	0.031799667
146187	1	0.031683978
146187	serious	0.031265583
146187	tip	0.030099504
146187	recent	0.029878434
146187	sold	0.029493954
146187	guess	0.029280802
146187	fill	0.028897692
146187	basic	0.028780617
146187	exactli	0.028573506
146187	releas	0.028533274
146187	extra	0.028103426
146187	qualiti	0.02747125
146187	carri	0.027299307
146187	purchas	0.026986927
146187	notic	0.026949605
146187	especi	0.026830705
146187	19	0.026784856
146187	come	0.026535667
146187	will	0.026453987
146187	list	0.026448704
146187	report	0.026423559
146187	sandwich	0.02601764
146187	stick	0.025768947
146187	bought	0.025135493
146187	100	0.024160078
146187	com	0.02341748
146187	check	0.023388805
146187	regular	0.023315743
146187	hand	0.023158545
146187	store	0.022910694
146187	2	0.022430634
146187	countri	0.02188632
146187	know	0.0214835
146187	contain	0.021047417
146187	sai	0.020831015
146187	cours	0.019919781
146187	later	0.0198704
146187	charg	0.019639669
146187	here	0.01933968
146187	well	0.018701866
146187	amount	0.018130431
146187	think	0.01812939
146187	look	0.017802574
146187	remov	0.017763142
146187	full	0.016441656
146187	pai	0.016169123
146187	american	0.015788348
146187	order	0.015516411
146187	top	0.015031455
146187	first	0.01450201
146187	onli	0.013835094
146187	who	0.012683349
146187	peopl	0.011928514
146187	price	0.011460464
146187	new	0.011022791
146187	can	0.007478681
146187	state	-2.7263393e-06
146187	run	-3.170493e-06
146187	rate	-3.6242614e-06
146187	suppli	-3.8248822e-06
146187	fuel	-4.2857873e-06
146187	demand	-5.391777e-06
146187	specul	-5.9379545e-06
146187	acr	-6.3393945e-06
146187	period	-6.3534703e-06
146187	accommod	-6.43075e-06
146187	continu	-6.530794e-06
146187	agricultur	-6.600904e-06
146187	sale	-7.5501257e-06
146187	element	-7.6136635e-06
146187	exuber	-7.840767e-06
146187	loan	-8.245342e-06
146187	experienc	-8.684742e-06
146187	germani	-8.949584e-06
146187	financ	-9.035016e-06
146187	result	-9.063456e-06
146187	contrast	-9.170549e-06
146187	2004	-9.190087e-06
146187	rose	-9.347147e-06
146187	600	-9.3609715e-06
146187	tail	-9.493899e-06
146187	princip	-9.528865e-06
146187	spain	-9.6421145e-06
146187	current	-9.760187e-06
146187	famili	-9.955249e-06
146187	counti	-1.00118195e-05
146187	2002	-1.016681e-05
146187	decemb	-1.0204841e-05
146187	statist	-1.0291798e-05
146187	associ	-1.0625647e-05
146187	record	-1.0672691e-05
146187	builder	-1.0958015e-05
146187	year	-1.0972026e-05
146187	ratio	-1.0983801e-05
146187	euro	-1.1177388e-05
146187	feel	-1.1273351e-05
146187	fallen	-1.1359532e-05
146187	capac	-1.1438453e-05
146187	past	-1.1693491e-05
146187	190	-1.1929133e-05
146187	near	-1.2099074e-05
146187	doesn	-1.2443339e-05
146187	escal	-1.300375e-05
146187	land	-1.3032225e-05
146187	st	-1.3168195e-05
146187	chart	-1.3310207e-05
146187	homebuy	-1.4194085e-05
146187	underpin	-1.4338725e-05
146187	urban	-1.447519e-05
146187	index	-1.4640922e-05
146187	rise	-1.5951942e-05
146187	end	-1.5990148e-05
146187	boom	-1.608558e-05
146187	phoenix	-1.6087663e-05
146187	loui	-1.6329455e-05
146187	164	-1.634952e-05
146187	dip	-1.6483154e-05
146187	161	-1.669012e-05
146187	auction	-1.7987462e-05
146187	debt	-1.8513609e-05
146187	116	-1.941266e-05
146187	afford	-2.0287012e-05
146187	rank	-2.0328265e-05
146187	realtor	-2.0783247e-05
146187	peak	-2.1165004e-05
146187	market	-2.1245063e-05
146187	2008	-2.1852875e-05
146187	illustr	-2.2059687e-05
146187	march	-2.3579976e-05
146187	annual	-2.4380168e-05
146187	2007	-2.467963e-05
146187	third	-2.54569e-05
146187	live	-2.6161375e-05
146187	owner	-2.7659857e-05
146187	sydnei	-2.9286686e-05
146187	01	-3.0092198e-05
146187	nation	-3.0978365e-05
146187	low	-3.1638378e-05
146187	2011	-3.228627e-05
146187	nevada	-3.299462e-05
146187	spark	-3.4180113e-05
146187	365	-3.4734814e-05
146187	squar	-3.4754896e-05
146187	increas	-3.519841e-05
146187	februari	-3.5850655e-05
146187	567	-3.6610258e-05
146187	2006	-3.7399877e-05
146187	ft	-3.9556464e-05
146187	manufactur	-3.9873787e-05
146187	174	-4.088835e-05
146187	178	-4.1453186e-05
146187	melbourn	-4.1571824e-05
146187	reno	-4.1935396e-05
146187	unafford	-4.3672753e-05
146187	foot	-4.4381963e-05
146187	sq	-4.5142147e-05
146187	777	-4.8423117e-05
146187	disproportion	-4.9229402e-05
146187	home	-5.1151743e-05
146187	household	-6.5719396e-05
146187	ppsf	-7.198678e-05
146187	incom	-7.983676e-05
146187	bubbl	-9.723895e-05
146187	median	-0.00012227886
146187	hous	-0.00013189515
146187	150	-0.0001636944
146187	1000	-0.0001787338
146187	51	-0.00018801783
146187	160	-0.00019502602
146187	color	-0.0001981372
146187	75	-0.0002037062
146187	wide	-0.0002056927
146187	inch	-0.00020626606
146187	defin	-0.00020757467
146187	similar	-0.00020796891
146187	48	-0.00021233968
146187	reach	-0.00021572855
146187	hour	-0.00022120672
146187	choic	-0.00022643001
146187	72	-0.00023202367
146187	275	-0.00023480589
146187	veget	-0.00023518993
146187	down	-0.00024234112
146187	prefer	-0.00024499302
146187	58	-0.0002505912
146187	caus	-0.00025284357
146187	sentenc	-0.00025479757
146187	formula	-0.00025518239
146187	ideal	-0.00025626237
146187	neg	-0.0002646957
146187	drain	-0.00026846188
146187	turn	-0.0002714607
146187	actual	-0.00027381958
146187	135	-0.00027645324
146187	normal	-0.00028024818
146187	consid	-0.0002817804
146187	41	-0.0002842354
146187	individu	-0.00028650166
146187	sure	-0.00028836622
146187	112	-0.00028920927
146187	1080	-0.00029190702
146187	occup	-0.00029201526
146187	go	-0.00029412057
146187	425	-0.00029542233
146187	129	-0.0003000554
146187	soak	-0.00030131234
146187	develop	-0.00030174907
146187	short	-0.0003052696
146187	royal	-0.0003069348
146187	rins	-0.00030717003
146187	definit	-0.00030908635
146187	137	-0.00031078
146187	560	-0.00031190136
146187	groceri	-0.00031373443
146187	give	-0.00031566437
146187	91	-0.00031658384
146187	176	-0.00031882897
146187	offer	-0.00031899146
146187	680	-0.00032793154
146187	272	-0.00033031826
146187	trai	-0.00033139976
146187	plai	-0.0003345004
146187	14	-0.00033557852
146187	263	-0.00033697914
146187	plant	-0.00033798596
146187	830	-0.00033838482
146187	427	-0.0003398614
146187	fine	-0.00034019983
146187	426	-0.00034387846
146187	ye	-0.00034434738
146187	filet	-0.00034569323
146187	792	-0.00034626175
146187	cucumb	-0.00034885292
146187	quit	-0.0003518211
146187	overhead	-0.00035560754
146187	note	-0.00035703141
146187	489	-0.00035996223
146187	789	-0.0003621572
146187	ad	-0.00036236632
146187	speed	-0.00036286234
146187	name	-0.00036409785
146187	remain	-0.00036576
146187	779	-0.0003663308
146187	pre	-0.00036684275
146187	nickel	-0.00036801767
146187	industri	-0.00036957627
146187	769	-0.0003696183
146187	produc	-0.0003702236
146187	1050	-0.00038107485
146187	56	-0.00038296633
146187	posit	-0.00038297442
146187	lift	-0.00038335496
146187	best	-0.0003880709
146187	hot	-0.00039230398
146187	lai	-0.00039329805
146187	design	-0.000393699
146187	girl	-0.0003938086
146187	heat	-0.00039878095
146187	entir	-0.0004006022
146187	touch	-0.00040293526
146187	manner	-0.00040304317
146187	cover	-0.00040780476
146187	268	-0.00040977885
146187	invent	-0.00041114082
146187	88	-0.00041208614
146187	domino	-0.00041215555
146187	be	-0.00041241996
146187	paddl	-0.00041265448
146187	set	-0.00041402582
146187	word	-0.00041500284
146187	januari	-0.00041567942
146187	polic	-0.0004186936
146187	scale	-0.0004223149
146187	44	-0.00042237918
146187	june	-0.0004237905
146187	john	-0.00042474037
146187	commun	-0.00042748617
146187	faster	-0.00042983145
146187	texa	-0.00043603513
146187	form	-0.00043702792
146187	counter	-0.00043809976
146187	monasteri	-0.00044046828
146187	estim	-0.00044074966
146187	negat	-0.00044241565
146187	explan	-0.00044267005
146187	request	-0.00044962784
146187	21	-0.00044993666
146187	blue	-0.00045105087
146187	liver	-0.0004548913
146187	250	-0.00045694082
146187	level	-0.00045779653
146187	ring	-0.0004589281
146187	000	-0.00046030586
146187	camshaft	-0.0004610827
146187	agre	-0.00046281118
146187	stuff	-0.0004637667
146187	combin	-0.00046693755
146187	keep	-0.0004689771
146187	26	-0.0004692828
146187	breast	-0.00047222132
146187	great	-0.00047274496
146187	learn	-0.0004747624
146187	fry	-0.0004756459
146187	hard	-0.00047634298
146187	centuri	-0.00047902143
146187	joint	-0.00047969917
146187	world	-0.00048217547
146187	juic	-0.00048248158
146187	47	-0.00048354547
146187	bit	-0.00048613767
146187	smaller	-0.0004884612
146187	stori	-0.00048861
146187	middl	-0.0004899664
146187	far	-0.00049028965
146187	easi	-0.00049098296
146187	child	-0.00049327355
146187	special	-0.0004934623
146187	real	-0.00049433135
146187	60	-0.0004964282
146187	35	-0.00049707026
146187	bu	-0.00049716287
146187	appli	-0.0004977793
146187	tower	-0.00049836736
146187	natur	-0.0004988237
146187	italian	-0.0005068451
146187	popular	-0.00050696876
146187	obelisk	-0.0005073325
146187	replac	-0.00050812337
146187	180	-0.00050978863
146187	long	-0.0005105243
146187	510	-0.0005110536
146187	potato	-0.00051166734
146187	varieti	-0.00051364506
146187	degre	-0.00051686197
146187	number	-0.0005195361
146187	rye	-0.0005214298
146187	860	-0.0005229265
146187	updat	-0.00052339025
146187	suppos	-0.00052514265
146187	earli	-0.0005262656
146187	million	-0.0005263146
146187	140	-0.0005265987
146187	enjoi	-0.000526952
146187	summari	-0.00052741054
146187	block	-0.0005276124
146187	goe	-0.0005303223
146187	program	-0.0005303623
146187	cry	-0.0005333262
146187	33	-0.00053464633
146187	790	-0.0005355451
146187	experi	-0.00054204656
146187	rest	-0.00054220704
146187	yard	-0.00054240023
146187	forc	-0.00054422184
146187	fanci	-0.00054569275
146187	210g	-0.0005460011
146187	thinner	-0.000546412
146187	soon	-0.0005465666
146187	refresh	-0.00054665166
146187	flat	-0.00055594015
146187	angu	-0.00055861374
146187	identifi	-0.0005605319
146187	268g	-0.0005610772
146187	trip	-0.0005614502
146187	polish	-0.00056193303
146187	roll	-0.0005630346
146187	gui	-0.0005663158
146187	miss	-0.00056774187
146187	couldn	-0.00057096867
146187	beat	-0.0005722957
146187	pan	-0.0005723835
146187	quot	-0.0005728705
146187	server	-0.00057445595
146187	didn	-0.00057455513
146187	last	-0.00057909795
146187	simpli	-0.00058012886
146187	resourc	-0.0005824249
146187	avoid	-0.0005830676
146187	us	-0.0005843063
146187	fulfil	-0.00058762723
146187	170	-0.0005876767
146187	share	-0.0005887011
146187	thank	-0.0005924979
146187	choos	-0.0005925598
146187	rare	-0.00059681595
146187	grape	-0.00059782644
146187	162g	-0.0005990371
146187	mind	-0.0005994826
146187	adventur	-0.00060180563
146187	fish	-0.0006025281
146187	120	-0.0006028054
146187	jar	-0.00060367654
146187	warm	-0.0006048162
146187	encourag	-0.0006055103
146187	multipl	-0.0006056794
146187	wors	-0.00060576596
146187	rack	-0.0006075943
146187	450	-0.00060808565
146187	toss	-0.0006103605
146187	deli	-0.0006107684
146187	post	-0.000612198
146187	dai	-0.00061272836
146187	slightli	-0.00061430933
146187	clark	-0.000614334
146187	700	-0.0006171638
146187	combo	-0.00061824836
146187	startup	-0.0006210926
146187	perfect	-0.00062356447
146187	reportedli	-0.0006238988
146187	thousand	-0.00062573754
146187	quick	-0.00062968465
146187	whole	-0.00063157023
146187	case	-0.00063269417
146187	western	-0.00063721783
146187	hole	-0.0006375095
146187	ut	-0.00064189825
146187	hope	-0.0006481496
146187	butter	-0.0006506931
146187	healthi	-0.0006509479
146187	equal	-0.00065275707
146187	mash	-0.00065552746
146187	bottom	-0.0006560735
146187	wedg	-0.0006565183
146187	uk	-0.00065723807
146187	larg	-0.000658042
146187	hundr	-0.0006592161
146187	28	-0.000663314
146187	gave	-0.0006647022
146187	databas	-0.00066755695
146187	googl	-0.0006687906
146187	lunch	-0.0006692033
146187	30am	-0.0006696151
146187	vitamin	-0.0006709297
146187	yesterdai	-0.00067416485
146187	tran	-0.0006782621
146187	meatloaf	-0.00068067276
146187	unforgett	-0.00068145833
146187	gravi	-0.0006827894
146187	thankfulli	-0.0006866496
146187	mouth	-0.0006895069
146187	lid	-0.0006931963
146187	skateboard	-0.0006965908
146187	intak	-0.00070166105
146187	jump	-0.0007032173
146187	locat	-0.0007032845
146187	iron	-0.00070343906
146187	flip	-0.00070630433
146187	46	-0.0007066736
146187	cholesterol	-0.00070677826
146187	63	-0.0007135897
146187	11pm	-0.0007165406
146187	custom	-0.0007196182
146187	unaffect	-0.0007216915
146187	90	-0.00072240183
146187	chang	-0.0007248175
146187	blend	-0.0007255666
146187	convect	-0.00072788005
146187	extens	-0.00072971696
146187	area	-0.00072975474
146187	bed	-0.0007325185
146187	chuck	-0.0007351425
146187	bowl	-0.000738691
146187	2001	-0.0007394036
146187	kraft	-0.0007455573
146187	canada	-0.0007491288
146187	fairli	-0.0007492332
146187	mayan	-0.00075263786
146187	label	-0.0007526529
146187	11th	-0.000753854
146187	believ	-0.00075430283
146187	dish	-0.00075539073
146187	240	-0.00075916067
146187	42	-0.00076420873
146187	475	-0.0007669934
146187	data	-0.00077092287
146187	dome	-0.0007718593
146187	crust	-0.0007762363
146187	2009	-0.00077680795
146187	outlin	-0.0007787744
146187	crave	-0.00077976106
146187	tbsp	-0.0007814102
146187	173	-0.00078245735
146187	eat	-0.0007847597
146187	470	-0.0007878511
146187	jack	-0.00079080503
146187	660	-0.00079240784
146187	perfectli	-0.0007936348
146187	side	-0.00079520704
146187	125	-0.0007981935
146187	43	-0.00080083025
146187	mean	-0.00080093014
146187	85	-0.0008036763
146187	weigh	-0.00080964173
146187	cal	-0.00081299536
146187	rope	-0.00081690936
146187	590	-0.00081959
146187	due	-0.0008213908
146187	carefulli	-0.0008255346
146187	queen	-0.00082632655
146187	mandarin	-0.00082734245
146187	limit	-0.00082788814
146187	allergen	-0.0008306861
146187	comparison	-0.00083166827
146187	cup	-0.0008322886
146187	52	-0.0008323402
146187	old	-0.0008351278
146187	displai	-0.00083611155
146187	wich	-0.00084514584
146187	580	-0.00084528566
146187	highest	-0.0008469173
146187	prefix	-0.0008525421
146187	love	-0.00085595815
146187	wai	-0.0008568828
146187	36	-0.00085816946
146187	buffalo	-0.0008616322
146187	pink	-0.0008620809
146187	149g	-0.0008625788
146187	junior	-0.0008739446
146187	treat	-0.00087491254
146187	67	-0.00087605504
146187	nice	-0.0008810213
146187	castl	-0.0008853173
146187	210	-0.00088576396
146187	least	-0.0008868762
146187	38	-0.0008881967
146187	visit	-0.00088984537
146187	hydrat	-0.0008913557
146187	fake	-0.00089306507
146187	burst	-0.0008949834
146187	red	-0.0008989133
146187	799	-0.0008995953
146187	101g	-0.00090217404
146187	harmless	-0.0009042725
146187	center	-0.0009067537
146187	mention	-0.00091017724
146187	feb	-0.00091530185
146187	tablespoon	-0.0009175561
146187	pasta	-0.0009198314
146187	trademark	-0.00092023954
146187	96	-0.0009217073
146187	softer	-0.000922286
146187	horseback	-0.0009250532
146187	salti	-0.00092748174
146187	idea	-0.0009315815
146187	sweet	-0.0009338234
146187	ask	-0.00093475915
146187	296g	-0.0009387684
146187	mongol	-0.00093988667
146187	involv	-0.0009422903
146187	plank	-0.0009448893
146187	franc	-0.00094689935
146187	edit	-0.0009469461
146187	sign	-0.00094863574
146187	huge	-0.0009549148
146187	issu	-0.0009577274
146187	2place	-0.0009607879
146187	comprehens	-0.00096219365
146187	region	-0.00096391275
146187	condiment	-0.00096443674
146187	america	-0.0009670443
146187	4x4	-0.0009695076
146187	27	-0.00096965994
146187	known	-0.0009750996
146187	burn	-0.0009808227
146187	b12	-0.0009811261
146187	prick	-0.0009816246
146187	wheat	-0.0009837401
146187	walk	-0.0009877094
146187	280	-0.0009882103
146187	343	-0.0009912794
146187	smoother	-0.0009933045
146187	mandat	-0.0009938754
146187	base	-0.0009940835
146187	bui	-0.0009986
146187	time	-0.0010008866
146187	upward	-0.0010035097
146187	show	-0.0010126081
146187	central	-0.001012775
146187	portion	-0.0010150996
146187	start	-0.0010192418
146187	990	-0.0010199681
146187	cheep	-0.001021376
146187	imposs	-0.0010272838
146187	prepar	-0.0010292905
146187	matur	-0.0010311232
146187	tabl	-0.0010319207
146187	west	-0.0010323955
146187	maintain	-0.0010334088
146187	mozzarella	-0.0010373811
146187	leav	-0.001040482
146187	66	-0.0010470971
146187	promin	-0.0010490583
146187	notabl	-0.0010508473
146187	nutrient	-0.001052766
146187	water	-0.0010529895
146187	talk	-0.0010547821
146187	420	-0.0010580722
146187	cheap	-0.0010627413
146187	b6	-0.0010635117
146187	answer	-0.0010657873
146187	medium	-0.0010687568
146187	front	-0.001069397
146187	bison	-0.0010732783
146187	requir	-0.0010739302
146187	16	-0.0010744273
146187	egg	-0.0010747719
146187	glutam	-0.0010789345
146187	bake	-0.0010805994
146187	330	-0.0010810122
146187	modern	-0.0010864568
146187	hidden	-0.0010910941
146187	sugar	-0.001093196
146187	pretti	-0.0010943402
146187	secret	-0.0010992312
146187	630	-0.0011041161
146187	1310	-0.0011042309
146187	belong	-0.0011221466
146187	cheaper	-0.0011223978
146187	french	-0.001132319
146187	monopoli	-0.0011336053
146187	200	-0.001135228
146187	400	-0.0011388465
146187	jalapeno	-0.0011403023
146187	ww	-0.0011403918
146187	lol	-0.001142506
146187	fajita	-0.001143588
146187	jerki	-0.0011441163
146187	regist	-0.0011491178
146187	byb	-0.0011554823
146187	corner	-0.0011573832
146187	ol	-0.0011598665
146187	theori	-0.0011648013
146187	let	-0.0011648262
146187	34	-0.0011667706
146187	65	-0.0011711932
146187	smidg	-0.0011753407
146187	milk	-0.0011792097
146187	typic	-0.0011817679
146187	work	-0.0011841331
146187	127	-0.0011929811
146187	meatbal	-0.0011939304
146187	dessert	-0.0011986529
146187	670	-0.0011992902
146187	kind	-0.0012025675
146187	87	-0.0012037877
146187	product	-0.0012054541
146187	aka	-0.0012079808
146187	53	-0.0012090233
146187	mcmuffin	-0.0012096567
146187	broil	-0.0012140254
146187	lower	-0.001214192
146187	imagin	-0.0012176246
146187	beefi	-0.0012184219
146187	term	-0.0012188958
146187	told	-0.0012193928
146187	1160	-0.0012220411
146187	ingredi	-0.0012274318
146187	pricei	-0.0012278832
146187	453g	-0.0012347916
146187	ey	-0.0012370206
146187	deal	-0.0012384435
146187	moment	-0.0012399585
146187	southwest	-0.0012513323
146187	section	-0.0012534332
146187	455	-0.001268087
146187	freddi	-0.0012717823
146187	refer	-0.0012731198
146187	reason	-0.0012746077
146187	loos	-0.0012749409
146187	shake	-0.0012755346
146187	gallon	-0.0012771292
146187	email	-0.0012808935
146187	steak	-0.0012814855
146187	77	-0.0012915867
146187	soft	-0.0012973669
146187	see	-0.0013072358
146187	nearli	-0.0013101606
146187	320	-0.0013105782
146187	minut	-0.0013136963
146187	consum	-0.0013159108
146187	31	-0.0013193381
146187	tradit	-0.0013263607
146187	smoothi	-0.0013279564
146187	join	-0.0013298005
146187	30	-0.0013396231
146187	trace	-0.0013412422
146187	pounder	-0.0013492417
146187	75g	-0.001357067
146187	textur	-0.001359678
146187	atleast	-0.0013601872
146187	anim	-0.0013631891
146187	call	-0.001376824
146187	littl	-0.0013775171
146187	lb	-0.0013775643
146187	small	-0.0013803595
146187	sourc	-0.0013831294
146187	addit	-0.0013878639
146187	sens	-0.0013886427
146187	pair	-0.0013930527
146187	standard	-0.0013979756
146187	wrap	-0.0013995334
146187	part	-0.0014042042
146187	55	-0.0014068192
146187	wisconsin	-0.0014083696
146187	370	-0.0014114882
146187	strip	-0.0014114901
146187	hit	-0.0014149479
146187	noob	-0.0014171028
146187	type	-0.0014178765
146187	dq	-0.0014186534
146187	select	-0.0014194897
146187	contribut	-0.0014237477
146187	fiber	-0.0014327214
146187	52g	-0.0014333616
146187	particip	-0.0014359833
146187	11	-0.0014391928
146187	wrapper	-0.0014425125
146187	53g	-0.0014455593
146187	facebook	-0.0014545728
146187	sound	-0.0014565567
146187	similarli	-0.0014634533
146187	swiss	-0.0014662517
146187	homemad	-0.001468574
146187	1930	-0.0014725147
146187	tremend	-0.0014784685
146187	larger	-0.0014791233
146187	cheeseburgb	-0.0014857216
146187	18	-0.0014858502
146187	famou	-0.0014995843
146187	turkei	-0.001500829
146187	270	-0.0015095698
146187	8	-0.0015126581
146187	confus	-0.001512758
146187	2000	-0.0015132574
146187	anywai	-0.001531436
146187	isn	-0.001537729
146187	tag	-0.0015405609
146187	prep	-0.0015474588
146187	challeng	-0.0015501383
146187	exampl	-0.0015505307
146187	lean	-0.0015587138
146187	70	-0.0015746458
146187	understand	-0.0015767402
146187	dairi	-0.0015873128
146187	sausag	-0.0015877818
146187	half	-0.0015898718
146187	variant	-0.0016026087
146187	twitter	-0.0016082005
146187	shrivel	-0.0016154543
146187	includ	-0.001618226
146187	recip	-0.0016322903
146187	13	-0.001633299
146187	gooei	-0.0016343879
146187	24	-0.0016432515
146187	peso	-0.0016445303
146187	compar	-0.0016556372
146187	velveeta	-0.0016591436
146187	need	-0.0016598429
146187	umami	-0.0016601501
146187	fittingli	-0.0016685101
146187	dice	-0.0016688473
146187	found	-0.001670217
146187	dress	-0.0016729397
146187	300	-0.001688789
146187	pastuer	-0.0016926283
146187	salt	-0.0016961746
146187	23	-0.0017027678
146187	chili	-0.0017055997
146187	390	-0.0017231454
146187	mammoth	-0.001724791
146187	carbohydr	-0.0017296649
146187	happi	-0.0017297787
146187	take	-0.001731201
146187	800	-0.0017321133
146187	made	-0.00173733
146187	480	-0.0017521142
146187	human	-0.0017548994
146187	back	-0.0017653017
146187	white	-0.001769297
146187	jr	-0.0017768336
146187	40	-0.0017889724
146187	averag	-0.0017908453
146187	substitut	-0.0017964593
146187	veggi	-0.0017964826
146187	oven	-0.0017967554
146187	brah	-0.0018081823
146187	fall	-0.0018092243
146187	kitchen	-0.0018210354
146187	right	-0.001833068
146187	diner	-0.0018441235
146187	franchis	-0.001845351
146187	ve	-0.0018484781
146187	dig	-0.0018619702
146187	obvious	-0.0018646489
146187	cook	-0.0018697282
146187	45	-0.0018707439
146187	put	-0.0018715592
146187	12	-0.001890341
146187	twenti	-0.0019181849
146187	weight	-0.0019424629
146187	percent	-0.001946156
146187	caloriek	-0.0019491806
146187	place	-0.0019557087
146187	oz	-0.0019724302
146187	diet	-0.0019750185
146187	featur	-0.0019769361
146187	total	-0.0019773883
146187	season	-0.0019919951
146187	california	-0.0020151255
146187	32	-0.0020153648
146187	50	-0.0020187772
146187	380	-0.0020337875
146187	30gram	-0.0020376754
146187	absolut	-0.0020674188
146187	mcdo	-0.0020886557
146187	decker	-0.0020957517
146187	thrown	-0.002096552
146187	southernstunna1	-0.0021021245
146187	meatier	-0.0021072866
146187	pinterest	-0.0021085853
146187	prot	-0.0021098892
146187	late	-0.0021143463
146187	lime	-0.0021301054
146187	dehydr	-0.0021445225
146187	pizza	-0.0021575638
146187	want	-0.0021723965
146187	20	-0.0021734457
146187	pepper	-0.0021765293
146187	whopper	-0.0021795114
146187	suupperduude	-0.0021844965
146187	sodium	-0.0021886686
146187	fifti	-0.0021928097
146187	argu	-0.002201438
146187	high	-0.0022102841
146187	juici	-0.002210934
146187	mai	-0.0022122927
146187	forti	-0.0022320095
146187	dill	-0.0022493554
146187	chop	-0.0022495063
146187	ounc	-0.0022742387
146187	tumblr	-0.0022926645
146187	00	-0.0023051808
146187	brand	-0.0023057044
146187	sonic	-0.0023149971
146187	room	-0.0023364678
146187	preserv	-0.0023488419
146187	ll	-0.0023530202
146187	wrong	-0.002359391
146187	misnom	-0.0023670513
146187	stack	-0.0023827339
146187	10	-0.0024012362
146187	thick	-0.002406761
146187	ham	-0.0024074535
146187	count	-0.0024133036
146187	fell	-0.0024194776
146187	pound	-0.002421357
146187	ranch	-0.0024326856
146187	17	-0.0024461534
146187	fresh	-0.0024591216
146187	pinch	-0.0024681692
146187	simpl	-0.0024905559
146187	wrath	-0.0024960064
146187	quarter	-0.0024963224
146187	singl	-0.0025184357
146187	process	-0.0025288314
146187	make	-0.0025370477
146187	crispi	-0.0025423963
146187	tortilla	-0.0025481093
146187	15	-0.0025541657
146187	9	-0.0025710722
146187	stupid	-0.0025906872
146187	greatest	-0.0025928784
146187	drink	-0.00260207
146187	460	-0.0026042038
146187	7	-0.0026212311
146187	head	-0.002646777
146187	whataburg	-0.0026560458
146187	cheesi	-0.002664146
146187	shred	-0.002667974
146187	unhealthi	-0.0026969872
146187	don	-0.0027489094
146187	crunchi	-0.0027709971
146187	bbq	-0.0027802666
146187	6	-0.0027911295
146187	king	-0.0027982292
146187	25	-0.0028011757
146187	850mg	-0.0028409758
146187	plu	-0.0028718528
146187	cut	-0.002887839
146187	mighti	-0.0029170716
146187	twofold	-0.0029484704
146187	try	-0.002951261
146187	size	-0.002954275
146187	29	-0.0029715078
146187	sauc	-0.0029748464
146187	winc	-0.0030118625
146187	0	-0.003018345
146187	add	-0.00303894
146187	12oz	-0.003060449
146187	depend	-0.0030656757
146187	tangi	-0.0030951246
146187	16oz	-0.0031123853
146187	higher	-0.0031144924
146187	5	-0.0031485122
146187	99	-0.0031802082
146187	050mg	-0.0031804428
146187	consist	-0.0031887384
146187	bewilder	-0.0032337392
146187	delici	-0.0032692177
146187	sliver	-0.0033029767
146187	mcnugget	-0.0033515892
146187	wendi	-0.0033835387
146187	pasteur	-0.003395785
146187	mayonnais	-0.0033969854
146187	breakfast	-0.0034274764
146187	3	-0.0034662979
146187	daili	-0.0034675512
146187	cheddar	-0.0035142913
146187	histori	-0.0035396228
146187	290	-0.0035475178
146187	signatur	-0.0035503346
146187	bread	-0.0035514492
146187	favorit	-0.003560499
146187	review	-0.0035992092
146187	origin	-0.0036079662
146187	cost	-0.003629503
146187	22	-0.0036893652
146187	watcher	-0.0037300591
146187	ground	-0.0037743612
146187	meal	-0.003802251
146187	kid	-0.0038192808
146187	yellow	-0.0039582257
146187	delux	-0.0039923065
146187	melti	-0.003995324
146187	beefier	-0.0040000463
146187	scratch	-0.004029129
146187	seed	-0.004172638
146187	classic	-0.004196376
146187	4	-0.0043105176
146187	440	-0.004429159
146187	breakdown	-0.0045343055
146187	satur	-0.0046046404
146187	point	-0.0047087953
146187	mac	-0.004724671
146187	tasti	-0.0047350377
146187	restaur	-0.004746998
146187	salad	-0.0047786455
146187	style	-0.004822542
146187	layer	-0.0048769307
146187	flame	-0.004923142
146187	fast	-0.005021241
146187	big	-0.0051593184
146187	spread	-0.0052661314
146187	fri	-0.005329907
146187	mayo	-0.005393778
146187	plain	-0.0054294607
146187	crinkl	-0.005662475
146187	valu	-0.0060387417
146187	sesam	-0.006214143
146187	melt	-0.006315876
146187	carb	-0.006621099
146187	superson	-0.0067003514
146187	pure	-0.0067733303
146187	serv	-0.0069176466
146187	cheesier	-0.0070311143
146187	grill	-0.0074671204
146187	tripl	-0.0075538238
146187	gram	-0.007711612
146187	nutrit	-0.007926242
146187	chicken	-0.007980742
146187	toast	-0.009318554
146187	protein	-0.009956911
146187	tomato	-0.010803396
146187	food	-0.011120283
146187	lettuc	-0.012159825
146187	fat	-0.014566787
146187	bacon	-0.014762907
146187	hamburg	-0.019639354
146187	calori	-0.023767533
146187	bun	-0.031000422
