169208	mississippi	0.5600244
169208	incom	0.36510903
169208	tax	0.35719144
169208	taxabl	0.18312569
169208	nonresid	0.17103319
169208	bracket	0.16442487
169208	resid	0.14152668
169208	taxpay	0.14133087
169208	earn	0.13222636
169208	state	0.12996694
169208	spous	0.1253252
169208	retire	0.12506427
169208	file	0.11513018
169208	rate	0.11123827
169208	001	0.10935224
169208	qualifi	0.095727965
169208	exempt	0.09510497
169208	5	0.091930844
169208	wage	0.08778696
169208	margin	0.08096312
169208	return	0.0752437
169208	bonu	0.07513294
169208	friendli	0.06992341
169208	jointli	0.065351784
169208	000	0.06454796
169208	pai	0.06211195
169208	ississippi	0.062078305
169208	partli	0.06165416
169208	singl	0.060480513
169208	65	0.06039796
169208	retir	0.060046334
169208	addit	0.058189925
169208	3	0.057357196
169208	collect	0.057122126
169208	lowest	0.053483568
169208	subject	0.052554872
169208	gain	0.051838998
169208	reach	0.05122952
169208	nation	0.05008224
169208	prorat	0.0475153
169208	non	0.04715135
169208	statewid	0.045463372
169208	properti	0.045365103
169208	low	0.045166977
169208	onli	0.044893518
169208	slightli	0.044682857
169208	across	0.04387353
169208	coupl	0.04260284
169208	highest	0.042415924
169208	ag	0.042342886
169208	10	0.041019678
169208	come	0.04100422
169208	relief	0.040507544
169208	205	0.040365074
169208	burden	0.039805073
169208	individu	0.03969975
169208	4	0.039575506
169208	live	0.039555244
169208	capita	0.03819424
169208	corpor	0.03734883
169208	gener	0.03606771
169208	ye	0.035909843
169208	filer	0.03573852
169208	perform	0.035237268
169208	paid	0.034281503
169208	percent	0.03424854
169208	first	0.034073528
169208	militari	0.033387937
169208	form	0.033323627
169208	signific	0.031485703
169208	notabl	0.031425204
169208	screen	0.031417236
169208	relev	0.031371936
169208	parti	0.031054307
169208	ms	0.031012535
169208	employ	0.03075436
169208	maximum	0.029479709
169208	feder	0.029179025
169208	accur	0.028724646
169208	issu	0.028277863
169208	contrast	0.027943688
169208	deduct	0.027174773
169208	act	0.027073413
169208	servic	0.026921846
169208	compani	0.02691539
169208	00	0.026416466
169208	member	0.025682742
169208	net	0.025454598
169208	household	0.02497624
169208	sale	0.024728877
169208	due	0.024647318
169208	remain	0.024408884
169208	80	0.02384643
169208	expand	0.02335719
169208	2016	0.023064695
169208	util	0.02275134
169208	govern	0.022554515
169208	lower	0.022329126
169208	averag	0.022163529
169208	sure	0.021837775
169208	don	0.0218243
169208	monei	0.02162034
169208	top	0.021290218
169208	spread	0.0212381
169208	next	0.020948498
169208	head	0.020723032
169208	date	0.020634422
169208	benefit	0.020414429
169208	applic	0.019342316
169208	marri	0.01895029
169208	requir	0.018631121
169208	order	0.018624485
169208	type	0.017866071
169208	appli	0.017458875
169208	locat	0.016854735
169208	rang	0.016809527
169208	report	0.015997278
169208	part	0.015299711
169208	base	0.014629791
169208	unit	0.014083589
169208	person	0.013868485
169208	2	0.01356994
169208	will	0.009158808
169208	year	0.007688118
169208	7	0.0069610206
169208	known	-1.9868807e-05
169208	click	-2.3807817e-05
169208	program	-2.8807246e-05
169208	button	-2.9881403e-05
169208	invest	-3.1304364e-05
169208	direct	-3.3864533e-05
169208	energi	-3.550786e-05
169208	dc	-3.7784535e-05
169208	card	-3.814894e-05
169208	approv	-4.2392563e-05
169208	track	-4.264754e-05
169208	printabl	-4.7093614e-05
169208	db	-4.767325e-05
169208	sector	-5.0719682e-05
169208	smart	-5.1667626e-05
169208	tomorrow	-5.9614886e-05
169208	deposit	-6.1890765e-05
169208	sai	-8.854791e-05
169208	produc	-9.236874e-05
169208	tell	-0.00010036383
169208	am	-0.000104133185
169208	help	-0.0001060486
169208	know	-0.000109554014
169208	start	-0.00011528373
169208	letter	-0.00011575539
169208	lost	-0.00011819117
169208	todai	-0.00012164691
169208	made	-0.0001235934
169208	kept	-0.00013034864
169208	relat	-0.00013179022
169208	hewitt	-0.0001321652
169208	common	-0.00014651597
169208	dont	-0.00015341936
169208	definit	-0.00015830154
169208	1	-0.00016194198
169208	case	-0.0001630378
169208	parent	-0.00016326206
169208	submit	-0.00016520855
169208	support	-0.00016538454
169208	1040	-0.000168252
169208	rel	-0.00017159496
169208	hope	-0.00018233206
169208	toll	-0.00019094149
169208	abl	-0.00019693765
169208	civil	-0.00019762202
169208	tradit	-0.00020289976
169208	1800	-0.00020319174
169208	offset	-0.00021048804
169208	accept	-0.00021321114
169208	element	-0.00021378067
169208	farm	-0.0002140071
169208	petit	-0.0002141075
169208	basi	-0.00022726865
169208	elig	-0.00023193497
169208	epend	-0.00025543675
169208	829	-0.00025587785
169208	here	-0.0002682583
169208	ation	-0.00027511548
169208	stamp	-0.00028022885
169208	keep	-0.00029953627
169208	nonimmigr	-0.00030139
169208	hildcar	-0.00030287736
169208	data	-0.00031195374
169208	prior	-0.00031674252
169208	studi	-0.00032559762
169208	size	-0.0003266483
169208	februari	-0.00033355196
169208	design	-0.00033439376
169208	affidavit	-0.00034769578
169208	divis	-0.00034876136
169208	withdrawn	-0.00035794583
169208	emploi	-0.00035855692
169208	grow	-0.00036116087
169208	403	-0.00036333702
169208	clarif	-0.00036493412
169208	129f	-0.0003672694
169208	effect	-0.00037590356
169208	97	-0.00038102543
169208	enter	-0.00038114568
169208	make	-0.00038180413
169208	childmind	-0.00038201877
169208	give	-0.000382252
169208	correspond	-0.00038385755
169208	childcar	-0.0003866159
169208	fianc	-0.00038995853
169208	want	-0.00039082664
169208	origin	-0.0003924683
169208	16	-0.00039367637
169208	roth	-0.0003976358
169208	name	-0.0004000111
169208	count	-0.00040207757
169208	great	-0.0004048485
169208	let	-0.00040528856
169208	right	-0.00040728613
169208	plai	-0.00040750767
169208	duct	-0.0004085901
169208	experi	-0.00040973327
169208	call	-0.00041089658
169208	school	-0.00041124187
169208	firearm	-0.0004162354
169208	con	-0.00041643681
169208	major	-0.00041693213
169208	fulfil	-0.0004186982
169208	work	-0.0004189742
169208	procedur	-0.00042200426
169208	plu	-0.0004223998
169208	sourc	-0.00042556244
169208	particip	-0.0004268531
169208	protect	-0.00042781915
169208	student	-0.0004281194
169208	consum	-0.00043513096
169208	learn	-0.00044088837
169208	product	-0.00044146078
169208	texa	-0.0004433186
169208	born	-0.0004436592
169208	read	-0.00044586696
169208	word	-0.00044726447
169208	310	-0.00044746138
169208	varieti	-0.0004478286
169208	histori	-0.00045023157
169208	foundat	-0.00045117782
169208	assist	-0.00045453414
169208	promot	-0.00045528126
169208	rise	-0.00045630508
169208	overview	-0.00045714446
169208	florida	-0.00045726864
169208	index	-0.0004576482
169208	complet	-0.0004587465
169208	custom	-0.00045947175
169208	select	-0.0004607328
169208	purchas	-0.0004618113
169208	examin	-0.00046195774
169208	regul	-0.0004620874
169208	ee	-0.00046449466
169208	obtain	-0.0004663893
169208	bui	-0.00046640218
169208	kei	-0.00046695923
169208	role	-0.00046967546
169208	best	-0.00047001115
169208	normal	-0.00047042963
169208	led	-0.00047133135
169208	search	-0.00047138403
169208	treat	-0.00047188002
169208	475	-0.00047824616
169208	doubl	-0.00047877274
169208	equal	-0.00047973814
169208	tion	-0.00047977647
169208	popular	-0.00048092887
169208	easi	-0.00048110913
169208	weather	-0.00048131996
169208	realiti	-0.0004823571
169208	178	-0.00048451158
169208	incorrect	-0.000484583
169208	910	-0.00048908376
169208	263a	-0.000490564
169208	correct	-0.00049512996
169208	advertis	-0.00049548387
169208	real	-0.0004997094
169208	resourc	-0.0005046038
169208	version	-0.0005046155
169208	payment	-0.0005051402
169208	fee	-0.0005068565
169208	03	-0.0005119788
169208	establish	-0.00051214977
169208	back	-0.0005124481
169208	14	-0.0005153121
169208	541	-0.00051681686
169208	march	-0.0005178833
169208	market	-0.00051809405
169208	licens	-0.0005189602
169208	kw	-0.000522944
169208	ga	-0.00052579684
169208	payer	-0.0005269994
169208	virtual	-0.0005271365
169208	middl	-0.0005275951
169208	flow	-0.0005286111
169208	tabl	-0.0005300605
169208	regist	-0.0005330534
169208	461	-0.0005337449
169208	significantli	-0.000534343
169208	2009	-0.000538262
169208	fill	-0.00053896714
169208	doesn	-0.00053970807
169208	point	-0.00054196664
169208	district	-0.0005421202
169208	32	-0.00054371444
169208	ef	-0.00054504705
169208	defer	-0.00054541515
169208	famou	-0.0005462247
169208	hub	-0.0005468751
169208	juli	-0.0005469648
169208	upper	-0.0005475125
169208	billion	-0.00055109465
169208	celebr	-0.0005534229
169208	881	-0.00055407506
169208	condit	-0.0005543
169208	site	-0.00055595697
169208	north	-0.00055600976
169208	89	-0.00055608497
169208	answer	-0.0005567573
169208	calendar	-0.00055872195
169208	function	-0.0005595446
169208	advantag	-0.000561258
169208	award	-0.0005653607
169208	map	-0.0005658706
169208	estim	-0.0005661934
169208	budget	-0.0005668463
169208	di	-0.0005683101
169208	exclud	-0.00056871027
169208	put	-0.0005700653
169208	oper	-0.0005709537
169208	place	-0.0005740569
169208	ur	-0.00057520776
169208	2011	-0.0005754125
169208	repres	-0.000576361
169208	land	-0.00057827856
169208	privat	-0.0005792565
169208	bit	-0.00058224105
169208	nfa	-0.0005867133
169208	academ	-0.00058687525
169208	lookup	-0.000588384
169208	fix	-0.0005885438
169208	hous	-0.0005896216
169208	ccord	-0.00059585134
169208	round	-0.0005964641
169208	dedic	-0.0005987093
169208	minu	-0.0005995263
169208	box	-0.0005995322
169208	interpret	-0.0006008075
169208	retail	-0.0006031252
169208	park	-0.00060547196
169208	42	-0.00060702115
169208	california	-0.00060945377
169208	800	-0.0006112835
169208	question	-0.00061130355
169208	72	-0.00061265467
169208	dakota	-0.00061527634
169208	onc	-0.00061750395
169208	spend	-0.00061814213
169208	brows	-0.0006183141
169208	wide	-0.00062204147
169208	border	-0.0006258786
169208	tree	-0.00062674936
169208	tuition	-0.00062895444
169208	wallet	-0.0006297893
169208	america	-0.0006299995
169208	balanc	-0.0006308136
169208	reserv	-0.0006308632
169208	car	-0.00063116703
169208	older	-0.00063222373
169208	earli	-0.00063256227
169208	recreat	-0.00063329743
169208	go	-0.00063529675
169208	457	-0.00063612906
169208	hampshir	-0.00063730817
169208	twenti	-0.0006389004
169208	honor	-0.0006406489
169208	registr	-0.0006423779
169208	simpli	-0.000644012
169208	imagin	-0.00064613746
169208	mexico	-0.00064695993
169208	mail	-0.0006470093
169208	long	-0.0006506594
169208	wyom	-0.0006531431
169208	result	-0.00065729604
169208	inspector	-0.00066649733
169208	folder	-0.00066699216
169208	fail	-0.0006683856
169208	indic	-0.0006695782
169208	public	-0.0006703622
169208	ok	-0.00067038625
169208	econom	-0.00067131495
169208	given	-0.0006784816
169208	540	-0.0006816152
169208	com	-0.0006817456
169208	29	-0.0006848344
169208	460	-0.0006871401
169208	pdf	-0.0006971196
169208	hour	-0.0006974277
169208	move	-0.00069865806
169208	pa	-0.0006987395
169208	33	-0.00070039433
169208	equat	-0.00070224254
169208	hall	-0.00070269057
169208	fair	-0.00070475397
169208	fect	-0.0007049806
169208	flexibl	-0.0007060627
169208	pera	-0.0007063518
169208	portion	-0.00070815947
169208	880	-0.0007095551
169208	700	-0.00071034505
169208	unfortun	-0.00071045663
169208	26	-0.0007140664
169208	introduc	-0.00071637094
169208	arizona	-0.0007164017
169208	conveni	-0.0007168701
169208	archiv	-0.000722191
169208	52	-0.00072235026
169208	commiss	-0.0007252673
169208	proce	-0.0007289675
169208	consequ	-0.0007296735
169208	excess	-0.00073027314
169208	copyright	-0.0007350946
169208	legislatur	-0.0007354687
169208	huge	-0.00073687284
169208	reconcili	-0.0007407065
169208	attract	-0.000743952
169208	railroad	-0.00074594666
169208	child	-0.0007461398
169208	27	-0.0007474198
169208	mpe	-0.0007485362
169208	attach	-0.000748607
169208	area	-0.0007502437
169208	hawaii	-0.0007505944
169208	wai	-0.00075772504
169208	old	-0.00076953834
169208	pertain	-0.00077127735
169208	agricultur	-0.00077225995
169208	cheaper	-0.000772945
169208	figur	-0.0007771402
169208	260	-0.0007782838
169208	98	-0.0007800468
169208	automat	-0.00078327453
169208	ir	-0.0007849548
169208	180	-0.00078496226
169208	bought	-0.00078526913
169208	except	-0.00078759406
169208	oregon	-0.0007886281
169208	beneficiari	-0.0007893505
169208	worker	-0.00079360505
169208	708	-0.0007938323
169208	citizen	-0.00079905364
169208	medal	-0.00080020615
169208	department	-0.0008007534
169208	maryland	-0.0008017094
169208	410	-0.00080449623
169208	997	-0.0008047998
169208	blatant	-0.00080835825
169208	jun	-0.0008095429
169208	april	-0.0008106068
169208	engag	-0.00081111264
169208	fourth	-0.00081176043
169208	section	-0.00081280037
169208	01	-0.0008128668
169208	calcul	-0.0008152732
169208	660	-0.0008153458
169208	370	-0.0008160492
169208	taken	-0.000820053
169208	consult	-0.00082256563
169208	compris	-0.00082831766
169208	325	-0.0008315267
169208	tap	-0.0008338953
169208	rake	-0.00083706196
169208	bank	-0.00084215705
169208	960	-0.0008428324
169208	610	-0.0008496985
169208	620	-0.00085319334
169208	longev	-0.0008562869
169208	cycl	-0.00085636816
169208	tab	-0.00085642183
169208	wallethub	-0.00086180045
169208	tangibl	-0.00086203264
169208	chang	-0.00086425303
169208	sixth	-0.0008676653
169208	enclos	-0.00086819805
169208	identif	-0.00087686925
169208	guard	-0.00087716785
169208	040	-0.00088015886
169208	555	-0.000880285
169208	870	-0.0008809096
169208	onnecticut	-0.00088174734
169208	show	-0.00088263414
169208	run	-0.00088471954
169208	who	-0.0008873839
169208	month	-0.0008899474
169208	permit	-0.00089052547
169208	poultri	-0.00089209975
169208	region	-0.0008927092
169208	american	-0.00089383865
169208	299	-0.00089924206
169208	296	-0.00090142
169208	sharehold	-0.00090375706
169208	62	-0.0009056247
169208	441	-0.00090619246
169208	baltimor	-0.000907653
169208	found	-0.0009090645
169208	seventh	-0.0009095032
169208	threshold	-0.0009108874
169208	po	-0.0009145924
169208	revis	-0.0009161351
169208	kansa	-0.00091761746
169208	vehicl	-0.0009179522
169208	261	-0.0009206151
169208	univers	-0.0009211244
169208	7000	-0.0009288996
169208	onlin	-0.0009320524
169208	goodby	-0.0009358185
169208	611	-0.00093702174
169208	2250	-0.0009424004
169208	contribut	-0.000942852
169208	fund	-0.0009434057
169208	1852	-0.00094821485
169208	tue	-0.0009505891
169208	fulli	-0.00095356925
169208	nsatio	-0.00095654075
169208	asylum	-0.00095823104
169208	651	-0.00095988595
169208	just	-0.0009634368
169208	621	-0.0009664173
169208	dai	-0.0009721205
169208	871	-0.0009726318
169208	need	-0.0009751291
169208	forest	-0.00097537454
169208	sec	-0.00097548374
169208	expect	-0.00097577577
169208	timber	-0.00097734
169208	plan	-0.0009835925
169208	2750	-0.0009847148
169208	943	-0.0009879161
169208	activ	-0.0009892508
169208	take	-0.0009899654
169208	2017	-0.0009961566
169208	24	-0.0010017374
169208	61	-0.0010034217
169208	recipi	-0.001006268
169208	term	-0.0010083944
169208	technic	-0.0010084631
169208	high	-0.0010097548
169208	056	-0.0010109781
169208	856	-0.0010121489
169208	famili	-0.0010189082
169208	041	-0.0010198236
169208	rule	-0.0010205099
169208	335	-0.0010279524
169208	technician	-0.001028277
169208	60	-0.0010285939
169208	actual	-0.0010326349
169208	300	-0.0010356897
169208	period	-0.0010380081
169208	801	-0.00104217
169208	voucher	-0.0010504464
169208	free	-0.0010518447
169208	lunat	-0.0010540632
169208	care	-0.0010543113
169208	highwai	-0.0010551438
169208	223	-0.0010552604
169208	set	-0.0010563222
169208	holidai	-0.0010593524
169208	5250	-0.0010603674
169208	5520	-0.0010618311
169208	ncome	-0.0010623835
169208	necessarili	-0.001063758
169208	508	-0.0010713377
169208	reduc	-0.001071633
169208	449	-0.001074056
169208	145	-0.0010763869
169208	pharmaci	-0.0010818231
169208	405	-0.0010833776
169208	mississippian	-0.0010891878
169208	662	-0.0010946437
169208	align	-0.0011055296
169208	divid	-0.0011086909
169208	titl	-0.0011136648
169208	13	-0.0011162407
169208	offic	-0.0011213755
169208	find	-0.0011243996
169208	code	-0.0011326039
169208	worth	-0.0011345256
169208	124	-0.0011360156
169208	southern	-0.0011378439
169208	whop	-0.0011394713
169208	1301	-0.0011404153
169208	similar	-0.0011410238
169208	flat	-0.0011495571
169208	2761	-0.0011542066
169208	206	-0.0011558885
169208	388	-0.0011591462
169208	523	-0.0011597846
169208	1930	-0.0011620442
169208	050	-0.0011654203
169208	payout	-0.0011692455
169208	adult	-0.0011720472
169208	differ	-0.0011763909
169208	account	-0.0011767066
169208	option	-0.001180453
169208	annuiti	-0.001183798
169208	2012	-0.0011846053
169208	22	-0.001190465
169208	1848	-0.0011911216
169208	washington	-0.0011912835
169208	combin	-0.0011914106
169208	save	-0.0011933236
169208	consid	-0.0012003316
169208	compens	-0.0012069746
169208	employe	-0.0012071556
169208	item	-0.001216799
169208	49	-0.0012187009
169208	579	-0.0012212583
169208	joint	-0.0012263338
169208	york	-0.0012305399
169208	face	-0.0012355334
169208	countri	-0.001243575
169208	sc1040	-0.001248239
169208	see	-0.0012578054
169208	follow	-0.0012580308
169208	annual	-0.0012683787
169208	149	-0.001274285
169208	70	-0.0012744493
169208	23	-0.0012751527
169208	home	-0.0012820809
169208	cost	-0.0012833965
169208	ow	-0.0012865661
169208	indiana	-0.0012944317
169208	approxim	-0.0012979143
169208	recent	-0.0013003276
169208	exce	-0.001310893
169208	258	-0.0013115329
169208	futur	-0.0013120364
169208	expens	-0.0013146322
169208	increas	-0.001314937
169208	relationship	-0.0013208865
169208	901	-0.0013264845
169208	2323	-0.0013277491
169208	view	-0.0013308456
169208	450	-0.0013447151
169208	good	-0.0013465266
169208	75	-0.0013465318
169208	99	-0.001348609
169208	biggest	-0.0013543563
169208	asses	-0.0013571974
169208	dividend	-0.0013624416
169208	colorado	-0.001366351
169208	greater	-0.0013713217
169208	page	-0.0013731337
169208	defin	-0.0013758192
169208	311	-0.0013783792
169208	still	-0.0013850763
169208	051	-0.0013867196
169208	prepar	-0.0013911136
169208	7000those	-0.0013919405
169208	percentouth	-0.0013919405
169208	2250resid	-0.0013919405
169208	charg	-0.0013991414
169208	hospit	-0.0014002818
169208	level	-0.0014034408
169208	late	-0.0014068559
169208	million	-0.0014246107
169208	abat	-0.0014261905
169208	45	-0.0014285746
169208	surtax	-0.0014298154
169208	adjust	-0.0014311204
169208	us	-0.001431193
169208	07	-0.0014501932
169208	ira	-0.0014524006
169208	check	-0.0014534936
169208	well	-0.0014536297
169208	court	-0.0014609351
169208	7318	-0.0014643315
169208	28	-0.0014723423
169208	uniqu	-0.0014723901
169208	stock	-0.0014726447
169208	capit	-0.0014901188
169208	status	-0.001502431
169208	oxford	-0.0015085111
169208	100	-0.0015175177
169208	popul	-0.0015195413
169208	406	-0.001519551
169208	vermont	-0.0015211841
169208	360	-0.0015253272
169208	peopl	-0.0015276326
169208	3750	-0.0015295196
169208	predict	-0.0015440115
169208	4868	-0.0015512051
169208	pennsylvania	-0.001551977
169208	children	-0.0015561777
169208	1145	-0.0015613397
169208	7801	-0.0015663886
169208	percentag	-0.0015680864
169208	225	-0.0015712631
169208	21	-0.0015782577
169208	social	-0.0015871667
169208	occupi	-0.0015937138
169208	counti	-0.001616638
169208	penalti	-0.0016268964
169208	time	-0.0016292492
169208	nevada	-0.0016296324
169208	46	-0.0016310416
169208	link	-0.001639234
169208	connecticut	-0.001640187
169208	31	-0.0016416478
169208	estat	-0.0016567854
169208	30	-0.0016659724
169208	bolton	-0.0016724908
169208	ad	-0.001674121
169208	301	-0.0016821537
169208	12	-0.0016830881
169208	51	-0.0016839167
169208	68	-0.0016862267
169208	comparison	-0.0016910267
169208	yedda	-0.0016933313
169208	55	-0.0016956868
169208	600	-0.0017115887
169208	levi	-0.0017208274
169208	growth	-0.0017322537
169208	higher	-0.0017325032
169208	progress	-0.0017355696
169208	contact	-0.001744303
169208	meet	-0.001745202
169208	access	-0.0017551013
169208	valu	-0.0017583896
169208	unemploy	-0.0017656779
169208	automobil	-0.0017735875
169208	950	-0.0017840357
169208	phone	-0.0017935698
169208	met	-0.0017969233
169208	trust	-0.0017995728
169208	2688	-0.0018081916
169208	17	-0.0018110366
169208	11	-0.0018194803
169208	451	-0.0018240921
169208	regular	-0.001824311
169208	2013	-0.0018262285
169208	501	-0.0019019139
169208	jackson	-0.0019030346
169208	job	-0.0019254521
169208	31st	-0.0019356452
169208	280	-0.0019383664
169208	alaska	-0.0019522351
169208	graduat	-0.0019526349
169208	fall	-0.00196773
169208	150	-0.001969703
169208	current	-0.001971422
169208	list	-0.0019733936
169208	nebraska	-0.0019776025
169208	municip	-0.0019845553
169208	251	-0.001995716
169208	system	-0.001998046
169208	070	-0.0020133248
169208	90	-0.0020278657
169208	mean	-0.0020467988
169208	361	-0.0020509996
169208	salari	-0.002061863
169208	entitl	-0.0020792447
169208	websit	-0.0020899873
169208	busi	-0.0020910932
169208	43	-0.0021080296
169208	surpris	-0.0021128168
169208	paycheck	-0.0021265135
169208	2015	-0.0021282223
169208	hotlin	-0.0021480534
169208	minnesota	-0.0021514664
169208	951	-0.002156926
169208	82	-0.0021585291
169208	special	-0.0021658367
169208	vari	-0.002174733
169208	411	-0.0022046887
169208	missouri	-0.002241184
169208	351	-0.0022425265
169208	can	-0.0022426224
169208	divorc	-0.0022555254
169208	071	-0.0023033463
169208	distribut	-0.0023300084
169208	polit	-0.0023349503
169208	1099	-0.0023397927
169208	note	-0.0023447024
169208	34	-0.0024089522
169208	copi	-0.0024106167
169208	gulfport	-0.0024450156
169208	number	-0.0024604865
169208	last	-0.0024641387
169208	400	-0.0024773516
169208	georgia	-0.0024864492
169208	925	-0.0025098375
169208	valorem	-0.0025145242
169208	tennesse	-0.0025620083
169208	052	-0.0025710168
169208	ingl	-0.0025792036
169208	18	-0.0025951639
169208	mai	-0.002616741
169208	yearli	-0.002623195
169208	923	-0.0026389435
169208	37	-0.0026530703
169208	jersei	-0.002692289
169208	extens	-0.0026927842
169208	154	-0.002698128
169208	purpos	-0.0027521753
169208	05	-0.0027550454
169208	39	-0.0027563106
169208	impos	-0.0027615377
169208	win	-0.0027710553
169208	alabama	-0.002791329
169208	river	-0.0027989063
169208	95	-0.0028146405
169208	rank	-0.002821252
169208	oblig	-0.0028727357
169208	46th	-0.0028810245
169208	law	-0.0028845675
169208	utah	-0.0028873438
169208	assess	-0.0029366624
169208	650	-0.0029435519
169208	gambl	-0.0029529913
169208	350	-0.0029805242
169208	new	-0.003078315
169208	inform	-0.0030927414
169208	liabil	-0.0031051617
169208	deadlin	-0.0031321058
169208	250	-0.0031359382
169208	36	-0.0031366723
169208	louisiana	-0.0031441653
169208	second	-0.00326239
169208	depend	-0.0032689616
169208	illinoi	-0.003288718
169208	189	-0.0033019371
169208	jurisdict	-0.0033738918
169208	depart	-0.003391207
169208	subdivis	-0.0034156316
169208	secur	-0.0034989114
169208	exampl	-0.0035230997
169208	50	-0.0035328006
169208	separ	-0.0036582625
169208	2014	-0.0036634745
169208	citi	-0.0036834816
169208	casino	-0.0036949508
169208	statu	-0.0037324096
169208	main	-0.00374312
169208	interest	-0.0037784935
169208	gross	-0.0038103932
169208	amount	-0.003858205
169208	w2g	-0.003975947
169208	601	-0.0040343227
169208	withheld	-0.0040420974
169208	claim	-0.0040519238
169208	125	-0.00406922
169208	900	-0.00411613
169208	efil	-0.004123592
169208	25	-0.00414537
169208	total	-0.0042015673
169208	199	-0.0042685396
169208	200	-0.0042885463
169208	withhold	-0.0043158284
169208	20	-0.004346716
169208	median	-0.004351596
169208	receiv	-0.004353375
169208	dollar	-0.0044711665
169208	south	-0.0044983635
169208	pension	-0.0045683566
169208	revenu	-0.004578316
169208	includ	-0.004647799
169208	local	-0.0049413084
169208	8	-0.0049709133
169208	0	-0.0049811043
169208	899	-0.0051005813
169208	allow	-0.0051772357
169208	85	-0.005238908
169208	credit	-0.0054603484
169208	401	-0.0055089598
169208	35	-0.005587218
169208	075	-0.0057415096
169208	carolina	-0.0057889717
169208	751	-0.0059538283
169208	15	-0.0060823746
169208	750	-0.0063195876
169208	9	-0.0064369245
169208	6	-0.0065065683
169208	refund	-0.006535678
169208	500	-0.007057835
