87452	ptsd	0.4801902
87452	suicid	0.41036442
87452	veteran	0.2681116
87452	militari	0.19899313
87452	war	0.18255615
87452	troop	0.15588802
87452	vietnam	0.15332852
87452	abus	0.14820424
87452	disord	0.14115193
87452	traumat	0.13315248
87452	post	0.11341165
87452	who	0.11157287
87452	stress	0.10876488
87452	drug	0.10584238
87452	nearli	0.102646984
87452	depress	0.097886354
87452	rate	0.095925264
87452	problem	0.09330044
87452	iraq	0.08717744
87452	substanc	0.08587526
87452	afghanistan	0.08516733
87452	surpass	0.08274204
87452	alcohol	0.08059977
87452	mental	0.07680407
87452	2004	0.07457372
87452	studi	0.06725339
87452	condit	0.066735364
87452	suffer	0.065514214
87452	death	0.06371816
87452	involuntarili	0.061429754
87452	anxieti	0.06098187
87452	psycholog	0.060641326
87452	combat	0.0592602
87452	lead	0.058786176
87452	samhsa	0.05861308
87452	infract	0.05855117
87452	health	0.057676133
87452	dy	0.057088953
87452	disciplinari	0.056693066
87452	syndrom	0.056231316
87452	trauma	0.055583548
87452	year	0.055022527
87452	accord	0.05417929
87452	found	0.053763486
87452	symptom	0.05206822
87452	soldier	0.051290613
87452	publish	0.049969375
87452	caus	0.048966214
87452	enlist	0.04809323
87452	hopeless	0.046520945
87452	chart	0.043964773
87452	bar	0.043779228
87452	homeless	0.043605775
87452	experi	0.043376073
87452	experienc	0.043179918
87452	involv	0.041222878
87452	face	0.040921576
87452	gulf	0.04063423
87452	critic	0.040595967
87452	2011	0.040297076
87452	discharg	0.038853806
87452	reason	0.037890803
87452	honor	0.037807036
87452	american	0.037486948
87452	behavior	0.036967997
87452	attempt	0.03690158
87452	commit	0.036618315
87452	sleep	0.036421232
87452	2013	0.03642026
87452	twice	0.035631068
87452	left	0.03536854
87452	emot	0.034519013
87452	peopl	0.033880837
87452	deploi	0.03369735
87452	va	0.033552356
87452	feel	0.033091463
87452	colo	0.032923363
87452	occur	0.032842625
87452	issu	0.032468397
87452	percent	0.032075472
87452	2012	0.03172331
87452	acut	0.031390425
87452	week	0.031213755
87452	stai	0.030687405
87452	horrifi	0.029751886
87452	ill	0.029691098
87452	impact	0.029591992
87452	top	0.02949608
87452	statist	0.029445276
87452	prevent	0.029283298
87452	chronic	0.028917301
87452	tbi	0.028804982
87452	fy	0.028665546
87452	carson	0.028466828
87452	caruso	0.027903466
87452	half	0.027704116
87452	injuri	0.027292194
87452	time	0.027273273
87452	includ	0.027121212
87452	burn	0.02668819
87452	research	0.026685234
87452	000	0.026620587
87452	battlefield	0.026439492
87452	support	0.026424663
87452	2009	0.025969839
87452	address	0.025614668
87452	mean	0.025574809
87452	psychosoci	0.025547871
87452	treatabl	0.025276901
87452	moral	0.025039075
87452	profession	0.025006032
87452	2005	0.0250027
87452	common	0.024975345
87452	flashback	0.024895413
87452	ideat	0.024839241
87452	7	0.024610452
87452	vigil	0.024275785
87452	higher	0.024159068
87452	persian	0.024116822
87452	member	0.02406718
87452	femal	0.02402015
87452	conceal	0.023628024
87452	coher	0.02354208
87452	akin	0.023483567
87452	complet	0.023472304
87452	distress	0.023251446
87452	male	0.023242341
87452	stupid	0.023145562
87452	875	0.023015974
87452	breakup	0.022969134
87452	thought	0.022896687
87452	deepli	0.02283103
87452	jama	0.0226688
87452	228	0.022592276
87452	third	0.02251165
87452	cope	0.02241654
87452	relaps	0.022190273
87452	nightmar	0.022188513
87452	nation	0.022062115
87452	hyper	0.022005571
87452	treatment	0.02197455
87452	author	0.021937419
87452	doubl	0.021883069
87452	seen	0.0214715
87452	number	0.021434063
87452	factor	0.021381192
87452	typic	0.021367958
87452	intrus	0.021196743
87452	fort	0.021196136
87452	72	0.020968616
87452	doubt	0.020859381
87452	panic	0.020832011
87452	statesid	0.020810692
87452	extent	0.020646662
87452	100	0.020559903
87452	dissoci	0.02037238
87452	6	0.020152532
87452	exacerb	0.020096468
87452	shield	0.020058785
87452	popul	0.019955685
87452	report	0.019853696
87452	unabl	0.019825686
87452	preval	0.019685268
87452	largest	0.01965127
87452	suppress	0.019589115
87452	di	0.019564416
87452	intens	0.019511346
87452	33	0.019510122
87452	epidem	0.019388333
87452	fairli	0.0191435
87452	dysfunct	0.019069163
87452	tri	0.018974988
87452	psychiatri	0.018955376
87452	shock	0.01894384
87452	journei	0.018887104
87452	affair	0.018820284
87452	risk	0.01841733
87452	understand	0.018360173
87452	216	0.018242173
87452	855	0.018195601
87452	kevin	0.018181229
87452	desir	0.018167986
87452	onli	0.018158741
87452	pentagon	0.01798173
87452	connect	0.017944913
87452	afraid	0.017932454
87452	8	0.017894072
87452	criteria	0.01788461
87452	83	0.01771125
87452	claim	0.01767972
87452	kb	0.017660828
87452	disturb	0.017654235
87452	soar	0.017517982
87452	due	0.017514614
87452	mood	0.017508427
87452	501	0.01749125
87452	deploy	0.017489295
87452	met	0.017465012
87452	examin	0.017418655
87452	societi	0.017339332
87452	linkedin	0.017278135
87452	armi	0.017277218
87452	om	0.017197564
87452	high	0.017016977
87452	summari	0.01701064
87452	vet	0.016853906
87452	famili	0.016786588
87452	find	0.016638963
87452	oversea	0.016537247
87452	facebook	0.016442223
87452	be	0.016332747
87452	fear	0.016286582
87452	untreat	0.016169664
87452	caution	0.016097805
87452	fiscal	0.016072048
87452	10	0.016052296
87452	consequ	0.015954036
87452	ordinari	0.015913121
87452	serv	0.01586012
87452	seek	0.015842255
87452	elig	0.01564927
87452	area	0.015567347
87452	choos	0.015481666
87452	eas	0.015407134
87452	tripl	0.015206041
87452	medic	0.015134274
87452	episod	0.015132761
87452	climb	0.015098637
87452	tradition	0.015042981
87452	gener	0.015011378
87452	conflict	0.0149878375
87452	bottom	0.014942032
87452	lack	0.014936744
87452	journal	0.0148715265
87452	integr	0.014852679
87452	ask	0.014708666
87452	memori	0.01469597
87452	life	0.014672904
87452	tweet	0.014655258
87452	detect	0.0146335885
87452	clinic	0.014586408
87452	riski	0.014433048
87452	divorc	0.014387759
87452	interest	0.014288438
87452	believ	0.014235251
87452	estim	0.014150331
87452	need	0.014130139
87452	prompt	0.014105636
87452	reaction	0.014031055
87452	method	0.014008364
87452	true	0.0140033085
87452	easi	0.01396056
87452	ago	0.013763218
87452	fail	0.01374734
87452	diagnos	0.013735619
87452	front	0.013672979
87452	short	0.013632061
87452	pdf	0.013614821
87452	wednesdai	0.013518069
87452	kill	0.013482165
87452	exce	0.013449397
87452	prescript	0.013290042
87452	civilian	0.013268627
87452	86	0.013112781
87452	like	0.013067775
87452	80	0.013062772
87452	monthli	0.0130421445
87452	onc	0.013036908
87452	engag	0.013023404
87452	know	0.012821468
87452	brain	0.012802356
87452	happen	0.012780514
87452	consid	0.012738767
87452	task	0.012690497
87452	die	0.012663499
87452	trend	0.012607801
87452	effort	0.012591896
87452	neg	0.012586758
87452	disabl	0.012518548
87452	leader	0.012451674
87452	approxim	0.012425026
87452	page	0.012393053
87452	90	0.012260608
87452	turn	0.012225485
87452	personnel	0.012154686
87452	came	0.012109231
87452	begin	0.012074155
87452	went	0.012003224
87452	exposur	0.011927761
87452	crisi	0.011857409
87452	commun	0.011828812
87452	benefit	0.011828654
87452	30	0.011686822
87452	2008	0.011677882
87452	suggest	0.011649389
87452	depart	0.011616045
87452	unit	0.011577598
87452	larg	0.011567635
87452	relationship	0.011510464
87452	rise	0.011394123
87452	29	0.011270227
87452	began	0.0112529285
87452	african	0.01120462
87452	email	0.01117423
87452	public	0.011147873
87452	grow	0.011136141
87452	78	0.011115556
87452	expos	0.011094561
87452	women	0.011016035
87452	case	0.011000611
87452	comment	0.010918531
87452	ve	0.010917441
87452	million	0.010914253
87452	want	0.010764414
87452	separ	0.010759613
87452	conduct	0.010687144
87452	2	0.010660624
87452	januari	0.010586926
87452	try	0.010562282
87452	love	0.010522656
87452	later	0.010512513
87452	america	0.010453775
87452	52	0.010403283
87452	end	0.010332495
87452	administr	0.01030825
87452	mai	0.010293363
87452	latest	0.010125513
87452	recent	0.009988205
87452	slightli	0.009977549
87452	seri	0.009890827
87452	kei	0.009863318
87452	11	0.00985527
87452	treat	0.009850173
87452	1	0.009817467
87452	duti	0.009790661
87452	men	0.009690186
87452	ad	0.009567478
87452	state	0.0095385555
87452	major	0.009335274
87452	2010	0.009278
87452	well	0.009263283
87452	date	0.009194173
87452	import	0.009181722
87452	16	0.009139842
87452	rule	0.00913922
87452	see	0.009125639
87452	remain	0.009044489
87452	look	0.008985725
87452	account	0.008948144
87452	home	0.008925279
87452	minut	0.008872972
87452	us	0.008795596
87452	can	0.008707452
87452	forc	0.008701352
87452	effect	0.008647613
87452	view	0.008624424
87452	25	0.0085894335
87452	rang	0.008574808
87452	2014	0.008530127
87452	analysi	0.008300307
87452	27	0.0082453815
87452	white	0.008218483
87452	28	0.008137757
87452	17	0.008082602
87452	60	0.00796283
87452	lower	0.0078080324
87452	back	0.0077327914
87452	35	0.0074215606
87452	18	0.0072308322
87452	3	0.0071982495
87452	help	0.007107371
87452	fight	0.0069919694
87452	20	0.006920219
87452	result	0.0066703637
87452	15	0.0064308406
87452	13	0.005955602
87452	activ	0.0057942015
87452	will	0.005653528
87452	5	0.005343841
87452	4	0.005261381
87452	averag	0.00474547
87452	increas	0.0046253055
87452	ag	0.0045953803
87452	affect	0.004141972
87452	servic	0.0040848562
87452	develop	0.0035693948
87452	are	4.443641e-06
87452	holesterol	3.8520698e-06
87452	cholesterol	2.0464693e-06
87452	given	2.005039e-06
87452	sodium	1.9683298e-06
87452	item	1.6162472e-06
87452	sai	-1.0915689e-05
87452	healthi	-1.410173e-05
87452	protein	-1.4500265e-05
87452	annual	-1.4589208e-05
87452	ingredi	-1.5016475e-05
87452	modern	-1.665916e-05
87452	whom	-1.7824104e-05
87452	bui	-1.8851066e-05
87452	depend	-2.0680378e-05
87452	160	-2.1007272e-05
87452	difficult	-2.1403897e-05
87452	popular	-2.1409773e-05
87452	hamburg	-2.2475197e-05
87452	sale	-2.2715776e-05
87452	taco	-2.3094204e-05
87452	carbohydr	-2.3778895e-05
87452	intak	-2.4425912e-05
87452	blood	-2.4501027e-05
87452	supermarket	-2.4732648e-05
87452	order	-2.627767e-05
87452	origin	-2.6558546e-05
87452	620	-2.6598615e-05
87452	incred	-2.6626923e-05
87452	refin	-2.6674752e-05
87452	run	-2.6981594e-05
87452	billion	-2.7171212e-05
87452	remov	-2.9071258e-05
87452	tax	-2.9831912e-05
87452	pejor	-3.039637e-05
87452	lose	-3.0894447e-05
87452	hold	-3.1930784e-05
87452	imped	-3.366943e-05
87452	indulg	-3.3733057e-05
87452	consum	-3.4123757e-05
87452	drink	-3.4366625e-05
87452	brand	-3.5242636e-05
87452	promot	-3.5719157e-05
87452	nutrient	-3.6695663e-05
87452	meal	-3.6814225e-05
87452	quick	-3.7013135e-05
87452	target	-3.710053e-05
87452	vitamin	-3.7436905e-05
87452	restaur	-3.7681457e-05
87452	sampl	-3.8295322e-05
87452	miner	-3.884818e-05
87452	india	-3.9544437e-05
87452	belli	-3.958002e-05
87452	pizza	-3.9682156e-05
87452	introduct	-4.0348674e-05
87452	busi	-4.0411294e-05
87452	advertis	-4.0947903e-05
87452	ahead	-4.159875e-05
87452	potato	-4.228641e-05
87452	zero	-4.298974e-05
87452	part	-4.3564563e-05
87452	ml	-4.362201e-05
87452	similar	-4.6475536e-05
87452	impos	-4.822372e-05
87452	micro	-4.850061e-05
87452	remark	-4.8624264e-05
87452	programm	-4.9076476e-05
87452	ban	-4.9470575e-05
87452	level	-4.9668986e-05
87452	diet	-5.0246235e-05
87452	contain	-5.072024e-05
87452	ltd	-5.121793e-05
87452	spici	-5.2583175e-05
87452	fruit	-5.3083928e-05
87452	manufactur	-5.3405278e-05
87452	uncl	-5.354047e-05
87452	veget	-5.3660187e-05
87452	fiber	-5.489152e-05
87452	empti	-5.5602028e-05
87452	sweet	-6.2026345e-05
87452	manner	-6.385342e-05
87452	alter	-6.442015e-05
87452	expiri	-6.486317e-05
87452	consumpt	-6.495615e-05
87452	lifestyl	-6.648104e-05
87452	dietari	-6.6553235e-05
87452	pepsico	-6.85426e-05
87452	addict	-6.899684e-05
87452	chip	-7.0440045e-05
87452	beverag	-7.071668e-05
87452	gum	-7.104776e-05
87452	salad	-7.130876e-05
87452	pvt	-7.1661874e-05
87452	dessert	-8.074658e-05
87452	unhealthi	-8.217633e-05
87452	annexur	-8.7148626e-05
87452	candi	-8.8043664e-05
87452	littl	-9.019717e-05
87452	satur	-9.2299815e-05
87452	sugari	-9.387539e-05
87452	carbon	-9.400523e-05
87452	conveni	-0.00010370834
87452	desensit	-0.00010402805
87452	pleasur	-0.00010892114
87452	low	-0.00011487604
87452	fri	-0.00011672657
87452	unk	-0.00012566464
87452	snack	-0.00013260428
87452	sugar	-0.00015097599
87452	tran	-0.000157878
87452	valu	-0.00015887638
87452	fat	-0.00015933206
87452	salt	-0.00017913172
87452	am	-0.00022067621
87452	definit	-0.00023920015
87452	calori	-0.00024859337
87452	nutrit	-0.0002618965
87452	fast	-0.00027411364
87452	com	-0.00029206518
87452	carri	-0.00029751705
87452	possibl	-0.00030532794
87452	amount	-0.00030956033
87452	sourc	-0.0003112485
87452	car	-0.0003144286
87452	call	-0.00031634507
87452	base	-0.00031980735
87452	presenc	-0.0003239885
87452	planet	-0.00032733107
87452	receiv	-0.00033499865
87452	46	-0.00034008027
87452	determin	-0.00034801912
87452	refer	-0.00034816662
87452	food	-0.00035448684
87452	here	-0.00036249243
87452	63	-0.00036593038
87452	accept	-0.00036856154
87452	09	-0.0003724122
87452	hand	-0.00037247935
87452	took	-0.0003741242
87452	spend	-0.00037699335
87452	make	-0.0003800473
87452	class	-0.00038223763
87452	expect	-0.00038503745
87452	head	-0.00038516364
87452	patient	-0.0003866064
87452	north	-0.00038831367
87452	code	-0.00039800024
87452	least	-0.00039848255
87452	volum	-0.0003993645
87452	bodi	-0.0004048965
87452	keep	-0.00040567087
87452	model	-0.00040701166
87452	let	-0.00040706032
87452	enter	-0.00040984785
87452	daili	-0.00041020187
87452	hole	-0.00041183326
87452	natur	-0.00041994848
87452	ride	-0.00042062692
87452	abroad	-0.00042229117
87452	fit	-0.00042263183
87452	ident	-0.00042507445
87452	lock	-0.00042754915
87452	drill	-0.0004305373
87452	mine	-0.00043128635
87452	tap	-0.00043427522
87452	specif	-0.00043904877
87452	483	-0.00044020303
87452	full	-0.00044044567
87452	complex	-0.00044309872
87452	control	-0.00044682273
87452	colorado	-0.000446877
87452	march	-0.00044716476
87452	255	-0.000452596
87452	defin	-0.0004543471
87452	late	-0.00045435643
87452	program	-0.00045627452
87452	qualiti	-0.00045671104
87452	month	-0.00045752278
87452	percentag	-0.0004581006
87452	belief	-0.0004631327
87452	tend	-0.00046688164
87452	current	-0.00046787158
87452	victim	-0.00046811285
87452	orient	-0.00046957997
87452	religi	-0.00047064832
87452	pull	-0.000470789
87452	156	-0.0004713194
87452	statu	-0.0004798462
87452	exampl	-0.0004799761
87452	don	-0.00048037848
87452	object	-0.00048141653
87452	goe	-0.00048340764
87452	14	-0.0004850253
87452	equal	-0.0004893848
87452	didn	-0.00049196667
87452	pain	-0.00049420353
87452	calcul	-0.0004988761
87452	rest	-0.0005041812
87452	fought	-0.0005076713
87452	cut	-0.00050786714
87452	bomb	-0.00050798827
87452	numer	-0.00050925446
87452	categori	-0.00051213603
87452	therapeut	-0.00051327934
87452	mortal	-0.0005136962
87452	taken	-0.0005164075
87452	michael	-0.0005194516
87452	ll	-0.0005197236
87452	oper	-0.00052003737
87452	photo	-0.0005267187
87452	privat	-0.00052954233
87452	link	-0.0005316251
87452	put	-0.00053386117
87452	old	-0.00053512177
87452	figur	-0.000536969
87452	prepar	-0.0005405708
87452	hen	-0.0005414528
87452	761	-0.0005469175
87452	dark	-0.0005478702
87452	abl	-0.0005480985
87452	potenti	-0.00054851855
87452	junk	-0.00054854015
87452	marri	-0.00055015396
87452	065	-0.0005555774
87452	enabl	-0.0005600348
87452	slowli	-0.0005607155
87452	press	-0.00056072185
87452	drop	-0.00056134735
87452	count	-0.00056224945
87452	wright	-0.0005626637
87452	vehicl	-0.0005652876
87452	weekend	-0.0005658495
87452	expert	-0.0005687165
87452	2000	-0.00056908594
87452	induc	-0.0005695475
87452	recogn	-0.00057113834
87452	girl	-0.0005714292
87452	insur	-0.0005719144
87452	present	-0.000572941
87452	catalyst	-0.00057629676
87452	withdraw	-0.0005778799
87452	rank	-0.0005799549
87452	proper	-0.00057998375
87452	diana	-0.0005824696
87452	hors	-0.0005864476
87452	financi	-0.0005887894
87452	knew	-0.00059160904
87452	form	-0.00059300207
87452	cours	-0.0005935576
87452	boi	-0.00059727445
87452	yo	-0.000597771
87452	doesn	-0.0005980113
87452	man	-0.0005990826
87452	wind	-0.0005996915
87452	500	-0.0006001133
87452	weapon	-0.00060041534
87452	situat	-0.00060077495
87452	polici	-0.0006040274
87452	moment	-0.00060724776
87452	intellectu	-0.0006082981
87452	earth	-0.0006085033
87452	59	-0.0006095454
87452	long	-0.0006109349
87452	2nd	-0.00061910384
87452	rare	-0.0006204599
87452	41	-0.00062133494
87452	fridai	-0.00062229036
87452	primarili	-0.00062817306
87452	todai	-0.00062819413
87452	3rd	-0.00062997156
87452	motor	-0.0006381399
87452	34	-0.00064021675
87452	pai	-0.00064101163
87452	return	-0.0006454568
87452	peak	-0.0006462458
87452	1999	-0.0006465827
87452	stori	-0.00064687856
87452	cost	-0.0006484471
87452	1965	-0.0006501442
87452	hospit	-0.00065336435
87452	stood	-0.00065378257
87452	group	-0.00065602607
87452	eat	-0.000657921
87452	robert	-0.0006648662
87452	dod	-0.00066494016
87452	concern	-0.0006659726
87452	accident	-0.00066666055
87452	advisor	-0.00066691596
87452	term	-0.00066859036
87452	friend	-0.0006703756
87452	assault	-0.000670536
87452	detail	-0.00067058863
87452	bridg	-0.0006715267
87452	socio	-0.00067448796
87452	charl	-0.0006808248
87452	hostil	-0.00068237435
87452	live	-0.0006856416
87452	function	-0.00068781164
87452	transit	-0.00068793143
87452	packag	-0.00068821956
87452	mitig	-0.0006888889
87452	underli	-0.00069499
87452	compani	-0.000695865
87452	44	-0.0006962708
87452	worldwid	-0.0006987744
87452	contact	-0.00070116564
87452	exactli	-0.0007034603
87452	whole	-0.0007054332
87452	requir	-0.00070659077
87452	12	-0.00071003864
87452	foreign	-0.00071010954
87452	minor	-0.0007110272
87452	guard	-0.000711185
87452	termin	-0.00071261096
87452	canadian	-0.0007144115
87452	school	-0.0007157197
87452	foundat	-0.0007157915
87452	arm	-0.0007166345
87452	1960	-0.0007167203
87452	now	-0.00071673724
87452	16th	-0.00071846205
87452	endless	-0.00071882986
87452	pack	-0.00071928755
87452	unaccept	-0.00072125817
87452	gap	-0.00072285323
87452	bush	-0.0007250074
87452	refresh	-0.0007278271
87452	best	-0.0007321904
87452	awar	-0.00073349883
87452	particip	-0.0007343353
87452	seventh	-0.00073724857
87452	octob	-0.00073827885
87452	note	-0.00073945045
87452	dispar	-0.00074005226
87452	sweeper	-0.00074162154
87452	clinton	-0.0007428008
87452	exceed	-0.00074453256
87452	intim	-0.00074941583
87452	300	-0.00074948283
87452	42	-0.00075029663
87452	read	-0.00075588876
87452	salut	-0.00075720384
87452	move	-0.0007605101
87452	reduc	-0.0007623965
87452	onlin	-0.00076245406
87452	extens	-0.0007678383
87452	widow	-0.0007722964
87452	chang	-0.00077533995
87452	burden	-0.0007787545
87452	individu	-0.0007829289
87452	local	-0.00078447664
87452	newli	-0.000786352
87452	brief	-0.0007866406
87452	close	-0.00078828784
87452	california	-0.00078858883
87452	exhibit	-0.00079013
87452	comparison	-0.0007962583
87452	driven	-0.0007971502
87452	angel	-0.00079800637
87452	inher	-0.0007981772
87452	een	-0.00079997856
87452	tennesse	-0.00080080034
87452	113	-0.000801673
87452	powerpoint	-0.0008016983
87452	lo	-0.000802941
87452	adjust	-0.00080374524
87452	appli	-0.0008061788
87452	48	-0.00081133633
87452	reflect	-0.00081558124
87452	149	-0.00081585016
87452	globe	-0.0008173282
87452	11th	-0.0008255883
87452	allow	-0.0008262667
87452	claus	-0.00082872866
87452	next	-0.0008359999
87452	tragedi	-0.0008370728
87452	unnot	-0.00084217644
87452	fortun	-0.0008430361
87452	abil	-0.00084444246
87452	harder	-0.00084447576
87452	special	-0.00084813434
87452	1969	-0.0008488677
87452	environment	-0.0008488699
87452	sever	-0.00084971235
87452	down	-0.0008503672
87452	130	-0.0008528417
87452	june	-0.00086086156
87452	spring	-0.0008643045
87452	92	-0.0008676425
87452	9	-0.0008739709
87452	colleg	-0.0008760282
87452	detriment	-0.0008855021
87452	overdos	-0.00088563515
87452	jump	-0.0008864628
87452	ne	-0.0008873346
87452	suspect	-0.0008877356
87452	govern	-0.000890139
87452	payabl	-0.0008935835
87452	visit	-0.00089361984
87452	wish	-0.0008944094
87452	26	-0.00089455285
87452	aviat	-0.00089845783
87452	februari	-0.00090641086
87452	contributor	-0.0009064537
87452	idaho	-0.00090650434
87452	scienc	-0.00091143505
87452	ongo	-0.0009137897
87452	surveil	-0.0009192628
87452	inescap	-0.00092631683
87452	301	-0.00092637993
87452	soon	-0.00092720444
87452	period	-0.00092955015
87452	phenomenon	-0.0009321264
87452	organ	-0.0009341952
87452	feb	-0.0009402762
87452	incarcer	-0.0009408072
87452	pp	-0.0009417719
87452	lt	-0.00095145043
87452	real	-0.0009563901
87452	nonprofit	-0.00095708
87452	compris	-0.00095913647
87452	act	-0.0009609561
87452	singl	-0.00096652424
87452	respons	-0.00096898567
87452	homophob	-0.0009693434
87452	2015	-0.0009700903
87452	repeat	-0.00097035343
87452	heart	-0.00097646523
87452	big	-0.0009852493
87452	assign	-0.0009916999
87452	share	-0.0009982937
87452	col	-0.0009983425
87452	distinct	-0.0009995791
87452	fastest	-0.0010141726
87452	word	-0.0010183918
87452	releas	-0.0010207164
87452	22nd	-0.001023076
87452	spotlight	-0.001025717
87452	hotlin	-0.0010264734
87452	kid	-0.0010306909
87452	signific	-0.0010323749
87452	clear	-0.0010352576
87452	247	-0.0010441504
87452	histori	-0.0010453477
87452	emerg	-0.0010463017
87452	crime	-0.0010505433
87452	tuesdai	-0.0010563175
87452	pace	-0.0010570311
87452	703	-0.0010583423
87452	heal	-0.001060916
87452	65	-0.0010620959
87452	addit	-0.0010629329
87452	especi	-0.0010635568
87452	rejoin	-0.0010711221
87452	student	-0.0010713699
87452	postul	-0.0010726309
87452	32	-0.0010776063
87452	regard	-0.0010835442
87452	rick	-0.0010878728
87452	1990	-0.0010893969
87452	eopl	-0.0010934195
87452	comsaturdai	-0.0010950359
87452	1st	-0.0010999612
87452	realiz	-0.0011029245
87452	hit	-0.0011062191
87452	polic	-0.0011064672
87452	specul	-0.0011081265
87452	1980	-0.0011084906
87452	493	-0.0011087479
87452	adult	-0.0011115208
87452	center	-0.0011152595
87452	rais	-0.0011154171
87452	biolog	-0.0011190611
87452	recoveri	-0.0011201353
87452	comhors	-0.0011321326
87452	victimsfox21new	-0.0011321326
87452	known	-0.0011471664
87452	worthless	-0.0011479278
87452	964	-0.0011537753
87452	media	-0.0011560384
87452	academi	-0.001156448
87452	gender	-0.0011590355
87452	readi	-0.0011598294
87452	reuter	-0.001164672
87452	just	-0.0011703771
87452	institut	-0.0011751975
87452	previou	-0.001180134
87452	progress	-0.0011833041
87452	think	-0.0011934842
87452	contribut	-0.0011940446
87452	monitor	-0.001195773
87452	outpost	-0.0011998576
87452	differ	-0.0011999048
87452	offic	-0.0012030472
87452	minn	-0.0012031101
87452	palc	-0.0012132848
87452	type	-0.0012229226
87452	10th	-0.0012280555
87452	succumb	-0.0012288769
87452	proof	-0.0012294162
87452	cdc	-0.001231501
87452	calm	-0.0012400605
87452	children	-0.0012459802
87452	toll	-0.0012487205
87452	therapist	-0.0012509603
87452	truth	-0.0012517155
87452	global	-0.0012626429
87452	violent	-0.0012672449
87452	washington	-0.0012739276
87452	countri	-0.0012817105
87452	david	-0.0012824691
87452	crise	-0.0012861377
87452	encourag	-0.0012905735
87452	rose	-0.0012978355
87452	proceed	-0.0013016795
87452	buzz	-0.0013039284
87452	row	-0.0013093502
87452	wors	-0.0013137471
87452	tipton	-0.0013149262
87452	defens	-0.0013158836
87452	marin	-0.0013189438
87452	1970	-0.001327536
87452	forward	-0.0013309575
87452	8k	-0.0013338012
87452	leisur	-0.0013427662
87452	zone	-0.0013467412
87452	place	-0.0013542315
87452	discuss	-0.0013568477
87452	volunt	-0.0013617199
87452	248	-0.0013672387
87452	950	-0.001371328
87452	therapi	-0.0013813588
87452	young	-0.001385135
87452	coverag	-0.0013908986
87452	branch	-0.0013926518
87452	ahrq	-0.0013938776
87452	350	-0.0014009139
87452	cultur	-0.001401353
87452	cod	-0.0014063335
87452	list	-0.0014114254
87452	sign	-0.0014145281
87452	peer	-0.0014307182
87452	guardsmen	-0.0014371704
87452	offici	-0.0014398171
87452	misunderstood	-0.0014468284
87452	data	-0.0014483025
87452	dharapak	-0.0014551068
87452	addition	-0.0014571546
87452	second	-0.0014629429
87452	technolog	-0.0014643231
87452	isol	-0.0014757003
87452	alon	-0.0014825569
87452	convers	-0.0014846794
87452	prone	-0.0014859197
87452	earli	-0.0014881777
87452	twin	-0.0015189977
87452	19	-0.0015204912
87452	past	-0.0015275214
87452	come	-0.0015277406
87452	longer	-0.0015403542
87452	loomi	-0.0015511719
87452	fter	-0.0015806613
87452	fox21new	-0.0015821853
87452	violenc	-0.0015889225
87452	21	-0.0016097104
87452	486	-0.0016136505
87452	extrem	-0.0016219572
87452	676	-0.0016327176
87452	sexual	-0.0016488108
87452	hcup	-0.0016615253
87452	focu	-0.0016683609
87452	talk	-0.0016694509
87452	deal	-0.0016783462
87452	juri	-0.0016820022
87452	irect	-0.0016984777
87452	cancerin	-0.0017054684
87452	divis	-0.0017085797
87452	compar	-0.0017129964
87452	homicid	-0.0017272522
87452	accompani	-0.0017382865
87452	commonli	-0.0017463551
87452	diseas	-0.001772832
87452	nonmilitari	-0.0017734561
87452	action	-0.0017780596
87452	tragic	-0.0017792489
87452	phobia	-0.0017874634
87452	trigger	-0.0018058764
87452	wai	-0.0018116962
87452	ocd	-0.001835986
87452	elev	-0.0018407489
87452	conclud	-0.0018579302
87452	murder	-0.001872861
87452	2006	-0.0018739671
87452	difficulti	-0.0018825821
87452	care	-0.0018888502
87452	650	-0.001898236
87452	self	-0.0019040998
87452	posttraumat	-0.0019174307
87452	compens	-0.0019216331
87452	unresolv	-0.0019503967
87452	arithmet	-0.0019511229
87452	physic	-0.001956702
87452	world	-0.0019759312
87452	fell	-0.0019843616
87452	still	-0.0020133927
87452	warn	-0.0020274715
87452	total	-0.0020368418
87452	previous	-0.0020373254
87452	actual	-0.0020400388
87452	40	-0.0020407883
87452	confirm	-0.0020411555
87452	accid	-0.0020738803
87452	continu	-0.002080096
87452	work	-0.0020943373
87452	transgend	-0.0020951708
87452	predict	-0.0020966295
87452	last	-0.0021337515
87452	2007	-0.002138977
87452	take	-0.0021389956
87452	youth	-0.0021619708
87452	177	-0.0022112473
87452	176	-0.0022140094
87452	24	-0.0022269676
87452	event	-0.0022444185
87452	intent	-0.0022617835
87452	rudd	-0.002278852
87452	zarembo	-0.00230711
87452	317	-0.0023100914
87452	non	-0.0024016525
87452	step	-0.0024539656
87452	alan	-0.0024648593
87452	581	-0.0024808436
87452	relat	-0.0025348037
87452	zarembocontact	-0.0025383953
87452	stressor	-0.0025831084
87452	associ	-0.002649648
87452	social	-0.0026498241
87452	decad	-0.0026871548
87452	gun	-0.0027208906
87452	far	-0.002748592
87452	first	-0.0027894175
87452	dai	-0.0028609291
87452	50	-0.0029157652
87452	unintent	-0.0029180006
87452	msrc	-0.0030022825
87452	show	-0.0030305528
87452	across	-0.0030632052
87452	295	-0.003084149
87452	fatal	-0.003087488
87452	follow	-0.003103553
87452	npr	-0.0033556453
87452	highest	-0.0033740296
87452	surg	-0.0034981288
87452	bulli	-0.0035835102
87452	teenag	-0.0037354615
87452	ap	-0.0038157613
87452	person	-0.0040101646
87452	record	-0.0040182504
87452	2001	-0.0040644854
87452	tenth	-0.0042160857
87452	22	-0.004323577
87452	teen	-0.0047789337
87452	new	-0.005426024
87452	349	-0.0054954328
