1113256	reba	0.41433036
1113256	mcentir	0.38248894
1113256	worth	0.25267252
1113256	net	0.24038836
1113256	95	0.19467339
1113256	singer	0.19224703
1113256	nell	0.18991542
1113256	mcalest	0.16502595
1113256	million	0.16282773
1113256	estim	0.14669865
1113256	2018	0.13640827
1113256	1955	0.12384668
1113256	oklahoma	0.10708115
1113256	popular	0.101829484
1113256	actress	0.09155516
1113256	secretli	0.08928378
1113256	closet	0.08008796
1113256	born	0.07550798
1113256	65	0.07550351
1113256	58	0.07509437
1113256	gai	0.07486099
1113256	62	0.071841314
1113256	02	0.069475286
1113256	hide	0.06501684
1113256	amount	0.060955767
1113256	marlon	0.059978742
1113256	fals	0.05856409
1113256	monei	0.057147443
1113256	sell	0.056078874
1113256	dollar	0.0543271
1113256	addit	0.05422748
1113256	march	0.054048955
1113256	ste	0.053649846
1113256	known	0.052972227
1113256	eas	0.05119485
1113256	award	0.05074545
1113256	detail	0.050553977
1113256	jacki	0.050203007
1113256	total	0.050108813
1113256	curiou	0.049477775
1113256	rough	0.04896989
1113256	nomine	0.04706858
1113256	salari	0.04518897
1113256	jun	0.044083767
1113256	jul	0.043977562
1113256	cinema	0.043257315
1113256	spot	0.042093825
1113256	music	0.04135643
1113256	doubt	0.04055811
1113256	mayb	0.04035147
1113256	stori	0.03993692
1113256	artist	0.039779525
1113256	fortun	0.039508257
1113256	oct	0.03935636
1113256	sale	0.03914053
1113256	updat	0.03893816
1113256	taken	0.038907614
1113256	facebook	0.038677223
1113256	paid	0.03862989
1113256	billboard	0.03850464
1113256	varieti	0.038077623
1113256	mar	0.037662778
1113256	wors	0.03758267
1113256	regard	0.03705061
1113256	circuit	0.0370465
1113256	highest	0.036174193
1113256	well	0.03615878
1113256	honor	0.035900284
1113256	songwrit	0.03580585
1113256	massiv	0.035362903
1113256	broken	0.034619447
1113256	industri	0.03446176
1113256	legendari	0.034434866
1113256	engag	0.034294065
1113256	involv	0.034255486
1113256	least	0.03320616
1113256	pain	0.032133732
1113256	discov	0.032081623
1113256	wonder	0.031832818
1113256	writer	0.03179147
1113256	globe	0.031568106
1113256	biographi	0.03144685
1113256	share	0.031399835
1113256	combin	0.030999951
1113256	28th	0.030690288
1113256	film	0.030376045
1113256	ad	0.02962104
1113256	won	0.029255047
1113256	90	0.029254334
1113256	came	0.029024601
1113256	woman	0.02883569
1113256	stai	0.028763881
1113256	across	0.028567482
1113256	numer	0.028498478
1113256	best	0.02844431
1113256	golden	0.027967779
1113256	usa	0.02779201
1113256	compar	0.027301067
1113256	wide	0.026654396
1113256	ve	0.026622448
1113256	great	0.026122086
1113256	incom	0.025559396
1113256	2014	0.025203547
1113256	who	0.023561658
1113256	origin	0.02271765
1113256	websit	0.022283506
1113256	blue	0.022137176
1113256	old	0.022043068
1113256	28	0.021898339
1113256	earn	0.021762608
1113256	singl	0.021388736
1113256	peopl	0.021222312
1113256	annual	0.021123907
1113256	current	0.020957563
1113256	sourc	0.020603606
1113256	11	0.019651797
1113256	let	0.019247083
1113256	25	0.018845363
1113256	increas	0.01846321
1113256	busi	0.018242642
1113256	fan	0.017726397
1113256	20	0.01769177
1113256	80	0.01677613
1113256	top	0.016363626
1113256	call	0.016345417
1113256	american	0.016331457
1113256	red	0.016081309
1113256	come	0.013347421
1113256	6	0.013265862
1113256	follow	0.012100852
1113256	know	0.011789903
1113256	10	0.011477162
1113256	year	0.010860316
1113256	world	0.010649413
1113256	time	0.010614263
1113256	here	0.010435008
1113256	countri	0.010165538
1113256	celebr	0.009617875
1113256	2017	0.008951899
1113256	began	0.0079083005
1113256	success	0.0077516176
1113256	love	0.0048221936
1113256	act	0.0032728992
1113256	name	0.0014150615
1113256	queen	0.00128615
1113256	ammit	0.00038271293
1113256	br	0.00026868924
1113256	elina	0.00026754438
1113256	selina	0.00023497321
1113256	1864	0.0002290571
1113256	nevada	0.00018497655
1113256	leinward	0.00014011658
1113256	mainardi	0.00013250118
1113256	budot	0.00010820641
1113256	lipman	0.000105260566
1113256	tuttl	9.875596e-05
1113256	rowlei	9.773416e-05
1113256	cesar	8.4088446e-05
1113256	brad	7.331624e-05
1113256	laura	7.105509e-05
1113256	target	6.8428184e-05
1113256	wolf	6.4380685e-05
1113256	pdf	5.5793796e-05
1113256	dj	5.3116488e-05
1113256	techno	5.1632484e-05
1113256	radiu	4.7585883e-05
1113256	remix	4.5586614e-05
1113256	2010	4.1749798e-05
1113256	mess	3.7819427e-05
1113256	refer	3.3629072e-05
1113256	guess	3.3148655e-05
1113256	1st	3.1838794e-05
1113256	arrang	2.8986517e-05
1113256	challeng	2.7989301e-05
1113256	topic	2.7192364e-05
1113256	track	2.6478889e-05
1113256	fv	1.2813127e-05
1113256	cagr	1.2627262e-05
1113256	pv	1.0062328e-05
1113256	formula	9.254552e-06
1113256	princip	6.2860067e-06
1113256	futur	5.360483e-06
1113256	divisor	4.9046425e-06
1113256	index	4.716946e-06
1113256	solv	4.564239e-06
1113256	simpl	3.3974281e-06
1113256	cap	3.0543813e-06
1113256	goe	2.6203056e-06
1113256	repres	2.270474e-06
1113256	price	1.94023e-06
1113256	invest	-8.7970943e-07
1113256	formal	-9.4635817e-07
1113256	level	-2.3995474e-06
1113256	function	-3.326256e-06
1113256	variabl	-3.690914e-06
1113256	summari	-3.7547525e-06
1113256	aggreg	-4.6507544e-06
1113256	normal	-7.088233e-05
1113256	parti	-8.5258376e-05
1113256	decid	-8.9808644e-05
1113256	birthdai	-0.00014460168
1113256	theme	-0.00015144587
1113256	hubbi	-0.0001686919
1113256	take	-0.00020609888
1113256	servic	-0.0002303777
1113256	archi	-0.00023284367
1113256	commic	-0.00027315307
1113256	custom	-0.0002934332
1113256	corpor	-0.00029609053
1113256	qualiti	-0.00030445852
1113256	purchas	-0.00031526858
1113256	scale	-0.0003662289
1113256	attempt	-0.00038421567
1113256	propos	-0.00040570865
1113256	acquir	-0.0004104483
1113256	innov	-0.00042637892
1113256	color	-0.0004339689
1113256	intent	-0.00044172324
1113256	deal	-0.00050272775
1113256	true	-0.00051583536
1113256	septemb	-0.00051687966
1113256	swap	-0.000529977
1113256	merger	-0.0005355911
1113256	kei	-0.00057540706
1113256	west	-0.00058708957
1113256	22	-0.0006063931
1113256	guest	-0.0006098106
1113256	quicken	-0.0006192545
1113256	argu	-0.0006779607
1113256	cabl	-0.0006870527
1113256	focus	-0.00071116263
1113256	1971	-0.0007205339
1113256	divers	-0.0007377126
1113256	realiti	-0.00076458516
1113256	sm	-0.0007675817
1113256	warner	-0.000768757
1113256	real	-0.00077157427
1113256	comcast	-0.0008110394
1113256	06	-0.0008111546
1113256	nicknam	-0.0008279594
1113256	1982	-0.0008653765
1113256	17th	-0.00087207655
1113256	citi	-0.0009172295
1113256	stranger	-0.00097279926
1113256	businesswoman	-0.0010228329
1113256	mtv	-0.0010376157
1113256	contain	-0.0010445456
1113256	oper	-0.0010462562
1113256	want	-0.0010639267
1113256	offer	-0.0010909543
1113256	file	-0.0011954599
1113256	definit	-0.0012259522
1113256	term	-0.0012442656
1113256	art	-0.0012532717
1113256	america	-0.0012747496
1113256	koren	-0.0012813602
1113256	categori	-0.0012838022
1113256	social	-0.0012921925
1113256	allow	-0.0013464416
1113256	young	-0.0013971035
1113256	photo	-0.001401086
1113256	save	-0.0014349162
1113256	valu	-0.0014363015
1113256	jada	-0.001462971
1113256	next	-0.0014739082
1113256	book	-0.0014770152
1113256	report	-0.0014837312
1113256	determin	-0.001488405
1113256	stand	-0.0014944822
1113256	subject	-0.0015369992
1113256	banana	-0.0015709618
1113256	minor	-0.0015767947
1113256	000	-0.0015789014
1113256	movi	-0.0015815601
1113256	part	-0.0015839478
1113256	check	-0.0015880481
1113256	500	-0.0015978782
1113256	120	-0.00162649
1113256	site	-0.0016281843
1113256	grew	-0.0016326903
1113256	power	-0.0016336113
1113256	activ	-0.0016373447
1113256	add	-0.001644603
1113256	compani	-0.0016532895
1113256	st	-0.0016556631
1113256	dictionari	-0.001691745
1113256	johnni	-0.0016927557
1113256	theater	-0.0017032132
1113256	therapist	-0.0017092332
1113256	pinkett	-0.0017098851
1113256	platform	-0.0017121545
1113256	rhythm	-0.0017124118
1113256	financi	-0.0017206158
1113256	le	-0.001722012
1113256	member	-0.0017277371
1113256	genr	-0.0017424248
1113256	pai	-0.0017492175
1113256	properti	-0.0017594248
1113256	look	-0.0017659263
1113256	favor	-0.001794779
1113256	lewi	-0.0017973414
1113256	twitter	-0.00180375
1113256	poet	-0.0018454139
1113256	exampl	-0.0018462788
1113256	english	-0.0018575648
1113256	recent	-0.0019295742
1113256	averag	-0.0019313755
1113256	januari	-0.001933669
1113256	articl	-0.0019383761
1113256	april	-0.0019385053
1113256	improv	-0.0019503679
1113256	activist	-0.0019599765
1113256	light	-0.0019675896
1113256	hat	-0.0019708173
1113256	100	-0.001995241
1113256	rate	-0.0020186806
1113256	asset	-0.0020208787
1113256	cruis	-0.0020377492
1113256	reason	-0.0020424158
1113256	financ	-0.0020543816
1113256	instagram	-0.0020641608
1113256	2011	-0.002067717
1113256	im	-0.002074018
1113256	4	-0.0020768065
1113256	crime	-0.0020837868
1113256	privat	-0.0020861183
1113256	lauren	-0.0020900744
1113256	allen	-0.0021161118
1113256	wikiansw	-0.0021337967
1113256	met	-0.0021784871
1113256	olivia	-0.002182979
1113256	creat	-0.0021835954
1113256	liabil	-0.0022017623
1113256	declin	-0.002204507
1113256	stuck	-0.0022046464
1113256	support	-0.00220743
1113256	chanc	-0.002222081
1113256	week	-0.0022349628
1113256	invis	-0.002254594
1113256	dog	-0.0022658312
1113256	mardi	-0.0022694843
1113256	lo	-0.0022805496
1113256	player	-0.0022894614
1113256	cook	-0.0023001707
1113256	lowest	-0.0023222456
1113256	congress	-0.0023237022
1113256	william	-0.0023295034
1113256	promot	-0.002329805
1113256	good	-0.0023449627
1113256	www	-0.0023544654
1113256	greg	-0.002355926
1113256	85	-0.0023575795
1113256	rs	-0.0023609994
1113256	brenda	-0.0023933651
1113256	31	-0.002407651
1113256	2003	-0.002433145
1113256	gonna	-0.0024628516
1113256	stock	-0.0024820268
1113256	36	-0.0024893247
1113256	famou	-0.0024924718
1113256	econom	-0.00249583
1113256	400	-0.0025138292
1113256	rosa	-0.002515041
1113256	law	-0.0025189142
1113256	smart	-0.0025199344
1113256	350	-0.002534205
1113256	rowland	-0.0025455882
1113256	volum	-0.0025505938
1113256	riski	-0.0025685746
1113256	2002	-0.0025686878
1113256	youngster	-0.002575401
1113256	tell	-0.002586276
1113256	answer	-0.0025952319
1113256	monetari	-0.002604307
1113256	luxuri	-0.0026226328
1113256	ago	-0.0026346624
1113256	just	-0.0026447333
1113256	us	-0.0026484716
1113256	constitut	-0.0026760036
1113256	number	-0.0026868407
1113256	fill	-0.0026929115
1113256	71	-0.0027063244
1113256	360	-0.0027171348
1113256	medford	-0.002718367
1113256	450	-0.0027364315
1113256	question	-0.0027467553
1113256	unit	-0.0027518221
1113256	fall	-0.0027718574
1113256	lord	-0.0027874825
1113256	1969	-0.0027922527
1113256	see	-0.0028301778
1113256	2012	-0.0028331822
1113256	resound	-0.0028401734
1113256	effort	-0.0028554578
1113256	side	-0.0028745285
1113256	style	-0.0029008898
1113256	bail	-0.0029032852
1113256	huge	-0.002905561
1113256	snapshot	-0.0029123458
1113256	pull	-0.0029130941
1113256	sensat	-0.002916292
1113256	found	-0.0029310258
1113256	sign	-0.0029452688
1113256	confirm	-0.0029905795
1113256	nowak	-0.0029950754
1113256	sure	-0.0029983541
1113256	locat	-0.0030027805
1113256	airplan	-0.0030047798
1113256	html	-0.0030247213
1113256	boom	-0.0030285944
1113256	jennif	-0.0030400907
1113256	petti	-0.0030480237
1113256	messag	-0.0030507413
1113256	statu	-0.0030641933
1113256	relationship	-0.003066797
1113256	chang	-0.0031026374
1113256	action	-0.0031119892
1113256	yearli	-0.0031173122
1113256	rang	-0.0031234191
1113256	food	-0.0031291915
1113256	counti	-0.0031342427
1113256	angel	-0.0031371564
1113256	eddi	-0.0031373743
1113256	content	-0.0031394097
1113256	330	-0.0031439154
1113256	thank	-0.003153483
1113256	thousand	-0.003165358
1113256	includ	-0.0031949123
1113256	dress	-0.003199135
1113256	sphere	-0.0032027639
1113256	winter	-0.0032065504
1113256	gun	-0.0032090284
1113256	job	-0.00322115
1113256	murphi	-0.0032328523
1113256	hillari	-0.003250679
1113256	tonight	-0.0032585734
1113256	soul	-0.003272049
1113256	tenni	-0.0032724403
1113256	th	-0.0032787726
1113256	appear	-0.0032794445
1113256	birthplac	-0.003288195
1113256	user	-0.0033088198
1113256	la	-0.0033184437
1113256	present	-0.003326351
1113256	associ	-0.003335523
1113256	mix	-0.0033592358
1113256	bronx	-0.0033692718
1113256	join	-0.0033740553
1113256	walk	-0.0033779135
1113256	1988	-0.003390719
1113256	paul	-0.0033941183
1113256	michigan	-0.0033953784
1113256	issu	-0.0033987751
1113256	50th	-0.0034151853
1113256	24	-0.0034154358
1113256	davi	-0.0034259337
1113256	yacht	-0.0034384788
1113256	gain	-0.0034594673
1113256	state	-0.0034615009
1113256	icon	-0.003463909
1113256	610	-0.0034651973
1113256	265	-0.0034686103
1113256	dawn	-0.0034752265
1113256	44	-0.0034755294
1113256	lopez	-0.0034833811
1113256	285	-0.0034853073
1113256	project	-0.003496179
1113256	minu	-0.0035078074
1113256	jimmi	-0.003516688
1113256	prime	-0.0035197895
1113256	web	-0.003531769
1113256	richest	-0.0035387492
1113256	adult	-0.0035440042
1113256	1055	-0.003552025
1113256	august	-0.0035651212
1113256	businessman	-0.0035657894
1113256	complet	-0.003571642
1113256	boi	-0.0035803653
1113256	debbi	-0.0035882953
1113256	sum	-0.0035894075
1113256	wrote	-0.00358943
1113256	wrestl	-0.0035928995
1113256	berni	-0.0036021322
1113256	hero	-0.0036200853
1113256	875	-0.0036238502
1113256	size	-0.0036258488
1113256	colleg	-0.0036264085
1113256	mogul	-0.0036384156
1113256	find	-0.0036421507
1113256	dai	-0.0036454317
1113256	put	-0.0036513424
1113256	michel	-0.003678339
1113256	idea	-0.0036810546
1113256	onli	-0.0036886039
1113256	happen	-0.0036912733
1113256	rumor	-0.0037045523
1113256	broadwai	-0.003711181
1113256	wwe	-0.0037171233
1113256	reviv	-0.00371867
1113256	bell	-0.0037285832
1113256	bondsman	-0.003730808
1113256	river	-0.0037342866
1113256	conclud	-0.0037374357
1113256	capitol	-0.0037538116
1113256	defend	-0.0037623404
1113256	shouldn	-0.0037631635
1113256	301	-0.0037740087
1113256	32	-0.0037743815
1113256	507	-0.0037833408
1113256	short	-0.0038125787
1113256	sit	-0.0038137438
1113256	kid	-0.0038229814
1113256	help	-0.003833954
1113256	featur	-0.0038376558
1113256	struggl	-0.0038621281
1113256	rapper	-0.003863011
1113256	popularli	-0.0038646297
1113256	gospel	-0.0038657228
1113256	linda	-0.0038736463
1113256	lyrster	-0.0038770095
1113256	sad	-0.0038795786
1113256	visi	-0.0038929807
1113256	self	-0.0039003748
1113256	posit	-0.0039033531
1113256	made	-0.0039222296
1113256	bui	-0.003928799
1113256	beauti	-0.0039410233
1113256	isn	-0.0039455662
1113256	guid	-0.0039534993
1113256	wed	-0.0039681983
1113256	rope	-0.003972082
1113256	vega	-0.0039752964
1113256	tini	-0.004008826
1113256	bounti	-0.004013259
1113256	voic	-0.0040132594
1113256	dream	-0.004015634
1113256	knowl	-0.0040160036
1113256	17	-0.0040176944
1113256	240	-0.0040234276
1113256	leg	-0.004024508
1113256	open	-0.0040288456
1113256	white	-0.0040310794
1113256	free	-0.0040349364
1113256	hot	-0.0040481905
1113256	version	-0.004054377
1113256	god	-0.004061532
1113256	tyson	-0.004069309
1113256	ow	-0.004070505
1113256	learn	-0.004086637
1113256	jackson	-0.0040905946
1113256	beth	-0.0041008918
1113256	box	-0.004111298
1113256	holidai	-0.0041119754
1113256	multipl	-0.0041250507
1113256	devil	-0.0041335197
1113256	brought	-0.0041360403
1113256	anni	-0.0041409577
1113256	neg	-0.004148504
1113256	written	-0.0041578617
1113256	haylei	-0.004164595
1113256	last	-0.004169364
1113256	grade	-0.0041706697
1113256	wo	-0.0041777524
1113256	chapman	-0.0041846894
1113256	feet	-0.004193704
1113256	concert	-0.0041963886
1113256	start	-0.0042078397
1113256	transit	-0.0042149443
1113256	cherri	-0.0042176684
1113256	1976	-0.0042197313
1113256	vote	-0.00422171
1113256	histori	-0.004230274
1113256	lee	-0.004234804
1113256	word	-0.00424294
1113256	warmth	-0.0042548263
1113256	280	-0.004267853
1113256	melt	-0.004269711
1113256	broadcast	-0.004271932
1113256	babi	-0.0042741783
1113256	seen	-0.0042764656
1113256	need	-0.0042779944
1113256	place	-0.0042902953
1113256	director	-0.0043229414
1113256	fallon	-0.0043264143
1113256	dancer	-0.0043301913
1113256	group	-0.0043359506
1113256	form	-0.0043424764
1113256	tom	-0.0043483884
1113256	quit	-0.0043610437
1113256	fat	-0.004361335
1113256	jazz	-0.0043714605
1113256	bad	-0.0043792725
1113256	45	-0.004379955
1113256	vipfaq	-0.004385188
1113256	person	-0.004397919
1113256	wiki	-0.004399694
1113256	billion	-0.0044059367
1113256	casino	-0.0044137593
1113256	calcul	-0.0044201547
1113256	rap	-0.004427914
1113256	nose	-0.0044521615
1113256	john	-0.004455787
1113256	felt	-0.0044586337
1113256	eventu	-0.004466667
1113256	breast	-0.004469773
1113256	palac	-0.004487501
1113256	impact	-0.0044962913
1113256	secret	-0.0045008343
1113256	al	-0.0045345784
1113256	audienc	-0.0045462046
1113256	right	-0.0045470586
1113256	ident	-0.0045521692
1113256	garret	-0.0045591504
1113256	solang	-0.0045694257
1113256	rted	-0.004569939
1113256	brown	-0.0045770113
1113256	narrow	-0.0045928615
1113256	tear	-0.0046021203
1113256	marri	-0.0046038106
1113256	kidd	-0.004621768
1113256	110	-0.0046375687
1113256	premier	-0.0046421755
1113256	bridg	-0.0046454445
1113256	lyrics007	-0.004649194
1113256	told	-0.004654761
1113256	desper	-0.0046551623
1113256	interview	-0.0046708104
1113256	jake	-0.0046800156
1113256	younger	-0.0046800943
1113256	1993	-0.0046959477
1113256	karyn	-0.0047187544
1113256	brandon	-0.004718785
1113256	influenc	-0.0047226986
1113256	catherin	-0.004745656
1113256	mother	-0.0047700456
1113256	caesar	-0.004771901
1113256	fine	-0.0047726147
1113256	chain	-0.0047999574
1113256	big	-0.004802243
1113256	small	-0.0048078974
1113256	marc	-0.004852104
1113256	charm	-0.0048614596
1113256	full	-0.0048661567
1113256	resort	-0.0048837825
1113256	rich	-0.004886523
1113256	routin	-0.0048961896
1113256	resembl	-0.0049058404
1113256	presid	-0.004907118
1113256	super	-0.0049084765
1113256	femin	-0.004916624
1113256	2016	-0.004924377
1113256	confid	-0.004957153
1113256	mainli	-0.0049787653
1113256	justic	-0.005012999
1113256	46	-0.0050163865
1113256	pleasant	-0.0050381795
1113256	spell	-0.00504566
1113256	upcom	-0.005060932
1113256	cnn	-0.0050635617
1113256	ol	-0.005087048
1113256	make	-0.005110752
1113256	worthnoun	-0.005111605
1113256	05	-0.0051197824
1113256	56	-0.0051237126
1113256	thoma	-0.005124164
1113256	compil	-0.0051270695
1113256	40	-0.0051425635
1113256	housew	-0.0051451656
1113256	ran	-0.0051476723
1113256	taylor	-0.0051698815
1113256	percentag	-0.005186315
1113256	126	-0.0051934873
1113256	7	-0.0052133515
1113256	rebelli	-0.005224191
1113256	cowboi	-0.0052520395
1113256	boston	-0.005253961
1113256	rais	-0.005264047
1113256	green	-0.005265793
1113256	skill	-0.0052719433
1113256	mari	-0.005274023
1113256	adulter	-0.005304067
1113256	birth	-0.0053195404
1113256	down	-0.005321579
1113256	dillahunt	-0.005338281
1113256	ainslei	-0.00535032
1113256	nice	-0.005351771
1113256	reach	-0.005351969
1113256	cm	-0.0053563104
1113256	still	-0.00537125
1113256	can	-0.0054005077
1113256	third	-0.005407784
1113256	maintain	-0.0054176683
1113256	nation	-0.005431525
1113256	57	-0.0054317205
1113256	certainli	-0.005443506
1113256	flame	-0.0054505183
1113256	athlet	-0.0054536425
1113256	hart	-0.0054627135
1113256	solo	-0.0054785074
1113256	mom	-0.0054805684
1113256	ap	-0.0055021597
1113256	steve	-0.0055041593
1113256	lean	-0.005510661
1113256	modern	-0.00552427
1113256	96	-0.005525752
1113256	aisl	-0.005526187
1113256	work	-0.0055301
1113256	tim	-0.005531756
1113256	pal	-0.0055327904
1113256	swift	-0.005555169
1113256	approxim	-0.005606355
1113256	reunit	-0.005608718
1113256	cours	-0.005618434
1113256	60	-0.0056290124
1113256	76	-0.005629445
1113256	episod	-0.0056652883
1113256	wilson	-0.0056948555
1113256	competit	-0.0056962064
1113256	bieber	-0.005707215
1113256	estrang	-0.00571052
1113256	latest	-0.005720697
1113256	bonni	-0.0057262885
1113256	idl	-0.005742516
1113256	vanna	-0.0057438943
1113256	victoria	-0.005750537
1113256	1989	-0.0057631754
1113256	1991	-0.005763242
1113256	difficult	-0.00579338
1113256	earhardt	-0.0057937624
1113256	stop	-0.0058110356
1113256	recal	-0.005811481
1113256	garner	-0.0058218534
1113256	colosseum	-0.005831221
1113256	lullabi	-0.0058514317
1113256	ninth	-0.0058567734
1113256	75	-0.005872174
1113256	chicken	-0.0058830786
1113256	hope	-0.005894258
1113256	network	-0.005910929
1113256	legend	-0.0059207636
1113256	michael	-0.0059315367
1113256	forget	-0.005933543
1113256	york	-0.005934754
1113256	insist	-0.0059356582
1113256	host	-0.005945848
1113256	brian	-0.005957235
1113256	jai	-0.0059984718
1113256	1994	-0.006022096
1113256	fast	-0.006026857
1113256	boast	-0.0060306657
1113256	talent	-0.0060337656
1113256	career	-0.0060944688
1113256	hometown	-0.006095578
1113256	decemb	-0.0061064092
1113256	prove	-0.006135409
1113256	rosanna	-0.0061402027
1113256	courtnei	-0.0061465707
1113256	grammi	-0.0061478326
1113256	now	-0.0061485893
1113256	barbara	-0.0061637373
1113256	perri	-0.0061986656
1113256	augment	-0.0062781894
1113256	perfect	-0.006278643
1113256	later	-0.006325634
1113256	13	-0.0063317493
1113256	brother	-0.006341937
1113256	back	-0.006372442
1113256	listen	-0.006378275
1113256	star	-0.0063901786
1113256	be	-0.006425528
1113256	screen	-0.0064491997
1113256	wai	-0.0064718607
1113256	arquett	-0.0065294867
1113256	receiv	-0.0065415194
1113256	toni	-0.006559907
1113256	rememb	-0.0065802378
1113256	stevi	-0.0065946933
1113256	shawna	-0.0065979795
1113256	tragedi	-0.0066223647
1113256	costar	-0.006630392
1113256	southern	-0.006643687
1113256	tenn	-0.0066611012
1113256	sixth	-0.006666015
1113256	ballad	-0.0066749887
1113256	ting	-0.006680249
1113256	hussi	-0.006681434
1113256	20lyric	-0.0066914884
1113256	charact	-0.00669693
1113256	sister	-0.0067237276
1113256	tommi	-0.0067239585
1113256	span	-0.006724768
1113256	50	-0.00672613
1113256	readi	-0.006746707
1113256	slutti	-0.006756729
1113256	deejai	-0.0067759366
1113256	acclaim	-0.006776488
1113256	lone	-0.0067790323
1113256	divis	-0.0068023554
1113256	nickleback	-0.0068075377
1113256	bobbi	-0.0068128714
1113256	vocalist	-0.00683589
1113256	anthem	-0.0069003687
1113256	ok	-0.0069047515
1113256	strait	-0.006915956
1113256	warren	-0.0069218087
1113256	harri	-0.0069244374
1113256	cover	-0.0069250264
1113256	fri	-0.0069691883
1113256	winstar	-0.0069701727
1113256	usic	-0.00697861
1113256	sixteen	-0.0069816527
1113256	review	-0.0070167244
1113256	pictur	-0.00704154
1113256	respect	-0.0070533003
1113256	9	-0.007084342
1113256	kentucki	-0.007094028
1113256	roduc	-0.0071040755
1113256	aftermath	-0.007110322
1113256	200	-0.0071108597
1113256	king	-0.007138189
1113256	maxwel	-0.0071443445
1113256	pop	-0.0071673016
1113256	beyonc	-0.007175106
1113256	smooth	-0.0072874012
1113256	roe	-0.0072899405
1113256	disband	-0.0073498916
1113256	profession	-0.0073700235
1113256	2015	-0.0073878504
1113256	aka	-0.007402374
1113256	bodi	-0.007412884
1113256	santa	-0.007439802
1113256	date	-0.0074971234
1113256	clown	-0.007507225
1113256	duboi	-0.0075388
1113256	oki	-0.0075539164
1113256	rave	-0.007557222
1113256	boob	-0.0075631742
1113256	entrepreneur	-0.0076031517
1113256	ur	-0.007605849
1113256	faith	-0.007643517
1113256	mark	-0.007677761
1113256	interest	-0.0076817395
1113256	redhead	-0.0077029527
1113256	thirteenth	-0.007710884
1113256	nurtur	-0.0077174287
1113256	wasn	-0.0077180085
1113256	end	-0.007729921
1113256	bra	-0.007731679
1113256	eighteenth	-0.007740866
1113256	watch	-0.0077518066
1113256	download	-0.0077560046
1113256	rock	-0.0077613327
1113256	hollywood	-0.0077817827
1113256	turn	-0.007841844
1113256	08	-0.0078703305
1113256	1	-0.007886668
1113256	month	-0.007890405
1113256	waitin	-0.0079103
1113256	reunion	-0.007929012
1113256	nomin	-0.007959067
1113256	teacher	-0.007995737
1113256	california	-0.008003005
1113256	thackervil	-0.008055935
1113256	pittsburg	-0.0080795055
1113256	adel	-0.008100658
1113256	favorit	-0.008103741
1113256	piec	-0.008105372
1113256	titl	-0.008108951
1113256	04	-0.008110284
1113256	sweet	-0.008135798
1113256	songstress	-0.008139742
1113256	standard	-0.008145686
1113256	banner	-0.008161535
1113256	cathi	-0.008187627
1113256	inspir	-0.0081982035
1113256	notori	-0.008230925
1113256	like	-0.008235908
1113256	heartbreak	-0.008266325
1113256	footstep	-0.0082817655
1113256	clinton	-0.008299882
1113256	live	-0.008315631
1113256	critic	-0.008350935
1113256	late	-0.0083573
1113256	drama	-0.008390875
1113256	coupl	-0.0084021175
1113256	61	-0.008402396
1113256	life	-0.008424585
1113256	hassidi	-0.0084748035
1113256	fanci	-0.008487978
1113256	close	-0.00850471
1113256	14	-0.008510856
1113256	fell	-0.008543104
1113256	07	-0.008570449
1113256	gentri	-0.008582977
1113256	crown	-0.008592698
1113256	dyin	-0.0086001465
1113256	sold	-0.008622277
1113256	gush	-0.008676247
1113256	steven	-0.0088410955
1113256	osmond	-0.008896248
1113256	forb	-0.008914734
1113256	break	-0.0089482255
1113256	1980	-0.008953738
1113256	150	-0.009011513
1113256	believ	-0.0090584755
1113256	saw	-0.009099311
1113256	chumash	-0.0091460785
1113256	35	-0.009184433
1113256	england	-0.009250847
1113256	travel	-0.009386981
1113256	think	-0.0094067855
1113256	dish	-0.009416809
1113256	georg	-0.009472661
1113256	1970wo	-0.00953165
1113256	300	-0.009544518
1113256	luann	-0.009556777
1113256	princ	-0.009577462
1113256	lessep	-0.009600431
1113256	win	-0.0096138315
1113256	hunter	-0.009614309
1113256	licens	-0.009633425
1113256	weight	-0.009645789
1113256	mercuri	-0.009787017
1113256	rhinoplasti	-0.009838773
1113256	wow	-0.00985753
1113256	caption	-0.009857855
1113256	15	-0.009941981
1113256	actor	-0.009968832
1113256	agostino	-0.009993375
1113256	decad	-0.010030869
1113256	com	-0.010054041
1113256	charlott	-0.010062419
1113256	role	-0.010168341
1113256	return	-0.010202307
1113256	rebecca	-0.010214813
1113256	2008	-0.0102324085
1113256	spangl	-0.010317084
1113256	second	-0.010377358
1113256	perfrom	-0.010455277
1113256	grow	-0.010535285
1113256	daddi	-0.0106219575
1113256	local	-0.010658998
1113256	man	-0.010673237
1113256	race	-0.010707211
1113256	joint	-0.010709594
1113256	don	-0.010714945
1113256	ll	-0.010758906
1113256	de	-0.0107617425
1113256	previou	-0.010808623
1113256	30	-0.01082356
1113256	powerhous	-0.010825177
1113256	past	-0.010839935
1113256	superstar	-0.010886588
1113256	measur	-0.010887648
1113256	season	-0.01089016
1113256	student	-0.011009814
1113256	folk	-0.011127051
1113256	susi	-0.0111433165
1113256	1970	-0.011240079
1113256	8	-0.011392685
1113256	stun	-0.011411457
1113256	daughter	-0.01154887
1113256	commerci	-0.011643455
1113256	feat	-0.011819322
1113256	gactv	-0.012008315
1113256	heard	-0.012141202
1113256	final	-0.01215693
1113256	musician	-0.012193819
1113256	3	-0.012200154
1113256	brasfield	-0.012221846
1113256	lead	-0.012333402
1113256	heart	-0.012379233
1113256	spent	-0.012441121
1113256	repeatedli	-0.012671505
1113256	valori	-0.012692594
1113256	swing	-0.012699606
1113256	height	-0.0127033675
1113256	nee	-0.012822543
1113256	1974	-0.013037168
1113256	untitl	-0.0131102875
1113256	haven	-0.013141649
1113256	will	-0.013293807
1113256	legion	-0.013331365
1113256	abc	-0.013385377
1113256	malibu	-0.013415561
1113256	read	-0.013427159
1113256	lyric	-0.013470007
1113256	comedi	-0.013563563
1113256	barrel	-0.013645426
1113256	band	-0.013824811
1113256	championship	-0.013892014
1113256	children	-0.0140862735
1113256	statement	-0.014136492
1113256	hair	-0.014153418
1113256	googl	-0.014255872
1113256	chart	-0.014313028
1113256	entertain	-0.014349413
1113256	shock	-0.014430298
1113256	mornai	-0.014507642
1113256	twang	-0.014507976
1113256	1990	-0.014515547
1113256	82	-0.014656526
1113256	show	-0.014681693
1113256	manag	-0.014858682
1113256	went	-0.014891599
1113256	son	-0.014984848
1113256	18	-0.015031958
1113256	air	-0.015048842
1113256	gill	-0.015059328
1113256	mp3	-0.015062277
1113256	19	-0.015107323
1113256	studio	-0.01515625
1113256	2	-0.015240398
1113256	pake	-0.015320332
1113256	famili	-0.015337574
1113256	devout	-0.015503533
1113256	friend	-0.01564653
1113256	father	-0.015727492
1113256	reincarn	-0.01578652
1113256	split	-0.016010068
1113256	12	-0.016035391
1113256	list	-0.016094824
1113256	1999	-0.016334642
1113256	soundtrack	-0.016357936
1113256	continu	-0.016358191
1113256	vinc	-0.016671851
1113256	1987	-0.016697094
1113256	vincent	-0.01679789
1113256	melissa	-0.017194984
1113256	accord	-0.017250406
1113256	itun	-0.01726222
1113256	shelbi	-0.01726834
1113256	greatest	-0.017448777
1113256	new	-0.017488852
1113256	seri	-0.01752521
1113256	tour	-0.01756169
1113256	earli	-0.017571293
1113256	matern	-0.018020662
1113256	youtub	-0.018095253
1113256	23	-0.018303255
1113256	first	-0.018358542
1113256	mai	-0.018841201
1113256	reveal	-0.01890093
1113256	mondai	-0.019004509
1113256	2006	-0.019275753
1113256	grandmoth	-0.019461367
1113256	kfc	-0.01952234
1113256	1926	-0.019578427
1113256	1927	-0.019597076
1113256	1903	-0.019751636
1113256	chocki	-0.020035423
1113256	femal	-0.020184712
1113256	champion	-0.020412741
1113256	radio	-0.020742454
1113256	christian	-0.020980237
1113256	ag	-0.021879895
1113256	sai	-0.021949684
1113256	brassfield	-0.021970062
1113256	26	-0.021985091
1113256	cw	-0.022189382
1113256	divorc	-0.022718681
1113256	eba	-0.022785995
1113256	record	-0.022998676
1113256	steer	-0.023013584
1113256	school	-0.023083828
1113256	song	-0.023303304
1113256	televis	-0.023319928
1113256	2001	-0.02385448
1113256	februari	-0.024077607
1113256	5	-0.02445646
1113256	plai	-0.02500982
1113256	rodeo	-0.02549182
1113256	estel	-0.025571791
1113256	sander	-0.025607828
1113256	colonel	-0.025691906
1113256	umg	-0.025776412
1113256	high	-0.025973532
1113256	separ	-0.026286896
1113256	produc	-0.026724776
1113256	announc	-0.028064732
1113256	pursu	-0.02817435
1113256	hit	-0.0295286
1113256	kelli	-0.029562807
1113256	junior	-0.02971314
1113256	reign	-0.030373244
1113256	smith	-0.030696072
1113256	wb	-0.03204112
1113256	tv	-0.032703612
1113256	roper	-0.03287552
1113256	duet	-0.03289538
1113256	sitcom	-0.033100933
1113256	novemb	-0.034797028
1113256	clark	-0.034857575
1113256	marriag	-0.03494498
1113256	octob	-0.03605425
1113256	peterman	-0.03622131
1113256	kiowa	-0.03644854
1113256	releas	-0.036884483
1113256	nashvil	-0.037743103
1113256	amazonmp3	-0.038850516
1113256	husband	-0.038929567
1113256	perform	-0.04598174
1113256	clarkson	-0.04604019
1113256	album	-0.046383012
1113256	video	-0.0468846
1113256	2007	-0.04838352
1113256	jacquelin	-0.054006193
1113256	mca	-0.05533203
1113256	blackstock	-0.06521298
1113256	narvel	-0.07281463
1113256	sing	-0.07884119
1113256	sibl	-0.078908004
