1132532	analyst	0.6165271
1132532	data	0.3000944
1132532	salari	0.29002523
1132532	job	0.1921537
1132532	median	0.1861374
1132532	gi	0.1572664
1132532	000	0.12904137
1132532	experi	0.11084993
1132532	financi	0.11071127
1132532	skill	0.10970966
1132532	averag	0.105998024
1132532	sa	0.09019384
1132532	pai	0.08992608
1132532	unit	0.08655654
1132532	annual	0.077063955
1132532	year	0.07676902
1132532	peopl	0.07480665
1132532	20	0.07276036
1132532	sql	0.07050195
1132532	state	0.06807334
1132532	037	0.06771592
1132532	026	0.06683422
1132532	accord	0.06590086
1132532	expect	0.065401286
1132532	070	0.06529951
1132532	glassdoor	0.064916976
1132532	35	0.064584084
1132532	mine	0.064520106
1132532	model	0.06298444
1132532	bl	0.062458146
1132532	59	0.062366363
1132532	warehous	0.062167667
1132532	depend	0.06139011
1132532	server	0.059280343
1132532	74	0.056905326
1132532	487	0.05518413
1132532	2010	0.054858495
1132532	75	0.053277634
1132532	350	0.05305216
1132532	healthcar	0.052073162
1132532	rang	0.051206186
1132532	collect	0.050492957
1132532	54	0.049948495
1132532	microsoft	0.04901461
1132532	bureau	0.046923608
1132532	39	0.046855222
1132532	earn	0.046669856
1132532	statist	0.045167502
1132532	il	0.044375185
1132532	labor	0.042722754
1132532	952	0.04253546
1132532	typic	0.04233822
1132532	hourli	0.041015238
1132532	perform	0.040991124
1132532	102	0.040336106
1132532	chicago	0.03911801
1132532	615	0.03846122
1132532	associ	0.037933074
1132532	locat	0.037171137
1132532	60	0.036896273
1132532	exampl	0.036753435
1132532	56	0.0364058
1132532	52	0.036278382
1132532	don	0.03624146
1132532	real	0.035944458
1132532	made	0.035799265
1132532	who	0.0350169
1132532	hr	0.034962345
1132532	entri	0.03488892
1132532	increas	0.034826834
1132532	067	0.03467884
1132532	percentil	0.034527954
1132532	431	0.034130424
1132532	596	0.03367965
1132532	811	0.03362461
1132532	compani	0.033601508
1132532	scientist	0.033565935
1132532	621	0.033565633
1132532	command	0.033431537
1132532	672	0.033396658
1132532	nascent	0.03333405
1132532	50	0.033047166
1132532	nation	0.03290774
1132532	22	0.03289332
1132532	payscal	0.032492507
1132532	high	0.032269374
1132532	posit	0.03211017
1132532	senior	0.03162341
1132532	144	0.03160789
1132532	industri	0.031347338
1132532	report	0.031297866
1132532	519	0.030914733
1132532	field	0.030503081
1132532	95	0.03038924
1132532	2015	0.030356815
1132532	agenc	0.02972425
1132532	69	0.02964926
1132532	onclus	0.029584443
1132532	gener	0.029568275
1132532	040	0.029335916
1132532	663	0.029113617
1132532	2020	0.028596228
1132532	76	0.028306201
1132532	busi	0.027724449
1132532	technic	0.02706741
1132532	ealthcar	0.026986709
1132532	basic	0.02680723
1132532	inanci	0.026353499
1132532	720	0.026109481
1132532	819	0.025995735
1132532	57	0.025972815
1132532	29	0.025950626
1132532	53	0.025924819
1132532	number	0.02541269
1132532	44	0.024731671
1132532	tool	0.024233814
1132532	educ	0.024071597
1132532	estim	0.024068257
1132532	45	0.023866344
1132532	level	0.02363493
1132532	126	0.02359275
1132532	figur	0.02357953
1132532	862	0.023477577
1132532	101	0.023180712
1132532	70	0.023110019
1132532	canada	0.022973143
1132532	boston	0.022864986
1132532	iii	0.022768456
1132532	comput	0.022737682
1132532	can	0.022313455
1132532	higher	0.02199429
1132532	vari	0.021913452
1132532	73	0.021682464
1132532	look	0.021654252
1132532	sourc	0.021527437
1132532	eopl	0.021163017
1132532	directli	0.02112628
1132532	995	0.02082525
1132532	960	0.02036762
1132532	price	0.020287098
1132532	1	0.020279534
1132532	past	0.020176874
1132532	67	0.020126373
1132532	68	0.019952755
1132532	quantit	0.0197774
1132532	percentag	0.019565094
1132532	925	0.019526292
1132532	55	0.019475555
1132532	move	0.019057486
1132532	348	0.018984864
1132532	francisco	0.018928105
1132532	603	0.018898385
1132532	seattl	0.018891376
1132532	guess	0.01862161
1132532	usa	0.018083185
1132532	ata	0.018066647
1132532	12	0.01797415
1132532	employe	0.017887048
1132532	experienc	0.017652903
1132532	971	0.017642006
1132532	946	0.017515993
1132532	79	0.017492073
1132532	type	0.017372264
1132532	conclus	0.017352536
1132532	476	0.017177835
1132532	483	0.017006684
1132532	tableau	0.016841555
1132532	839	0.016705709
1132532	rate	0.016577106
1132532	091	0.016495887
1132532	web	0.016490906
1132532	738	0.016146252
1132532	project	0.016128108
1132532	ineffici	0.01603994
1132532	indianapoli	0.016014982
1132532	31	0.015882418
1132532	804	0.015844835
1132532	san	0.015832579
1132532	781	0.015797127
1132532	941	0.015718602
1132532	189	0.015573943
1132532	respons	0.015560072
1132532	261	0.015443574
1132532	10th	0.015423395
1132532	310	0.015407008
1132532	hand	0.015123152
1132532	58	0.015063931
1132532	321	0.014943094
1132532	98k	0.014896135
1132532	grow	0.014837551
1132532	base	0.014814643
1132532	march	0.014809764
1132532	find	0.014805735
1132532	govern	0.014740786
1132532	view	0.014679941
1132532	086	0.014665804
1132532	octob	0.014662656
1132532	2017	0.014641691
1132532	118	0.014520503
1132532	259	0.014496759
1132532	74k	0.014403339
1132532	236	0.014193634
1132532	540	0.014177842
1132532	doesn	0.014157573
1132532	factor	0.014153059
1132532	113	0.014119646
1132532	789	0.014087659
1132532	166	0.013984505
1132532	92	0.013949424
1132532	advertis	0.013797286
1132532	submit	0.013754874
1132532	195	0.013737736
1132532	sought	0.013662956
1132532	oper	0.013526598
1132532	graph	0.013457279
1132532	python	0.013406266
1132532	due	0.013378907
1132532	amount	0.0133575825
1132532	331	0.01325707
1132532	petroleum	0.013252497
1132532	507	0.013243923
1132532	still	0.013219731
1132532	logist	0.013117023
1132532	ssi	0.013107748
1132532	need	0.0129180355
1132532	globe	0.012835334
1132532	massachusett	0.012750179
1132532	anonym	0.0125411805
1132532	interconnect	0.012475509
1132532	convers	0.012308441
1132532	strateg	0.012210279
1132532	164	0.012176388
1132532	tenth	0.012144806
1132532	come	0.011996852
1132532	present	0.011947816
1132532	potenti	0.01192473
1132532	amplifi	0.011889372
1132532	51	0.011849693
1132532	565	0.011736462
1132532	87	0.011691328
1132532	383	0.011661781
1132532	880	0.011643706
1132532	tenur	0.011589871
1132532	570	0.01151777
1132532	chart	0.011486409
1132532	growth	0.011475752
1132532	ecaus	0.011386186
1132532	625	0.011330802
1132532	406	0.01131884
1132532	user	0.011171705
1132532	30th	0.0110318465
1132532	pro	0.010997685
1132532	surpris	0.010984293
1132532	breed	0.010762366
1132532	artist	0.010638257
1132532	plain	0.010451205
1132532	revenu	0.010441689
1132532	financ	0.010375791
1132532	291	0.010084516
1132532	26	0.010049776
1132532	rememb	0.010021771
1132532	top	0.0099914875
1132532	requir	0.009791247
1132532	411	0.009763276
1132532	paycheck	0.0097632045
1132532	lose	0.009724012
1132532	maximum	0.00958951
1132532	33	0.009561095
1132532	257	0.009557312
1132532	indiana	0.009542616
1132532	minimum	0.009466218
1132532	ob	0.009415369
1132532	86	0.009313128
1132532	benefit	0.009278073
1132532	28	0.009263819
1132532	columbu	0.009231789
1132532	set	0.009217031
1132532	greatli	0.009191713
1132532	bonu	0.0091335215
1132532	occup	0.008989226
1132532	transport	0.008940753
1132532	enior	0.008870144
1132532	integr	0.008835133
1132532	tennesse	0.00883347
1132532	yearli	0.008776225
1132532	payment	0.008758184
1132532	size	0.008648902
1132532	010	0.008586799
1132532	onli	0.008566741
1132532	ga	0.00854886
1132532	survei	0.008533894
1132532	austin	0.0084712505
1132532	background	0.0084584
1132532	like	0.008318134
1132532	isn	0.008318115
1132532	site	0.008168602
1132532	research	0.00814229
1132532	34	0.008025273
1132532	part	0.00798108
1132532	start	0.007976595
1132532	help	0.007956007
1132532	wide	0.0079405615
1132532	sale	0.007873968
1132532	90	0.007856154
1132532	tx	0.007669913
1132532	ccord	0.007643706
1132532	translat	0.0075752344
1132532	english	0.0074298563
1132532	process	0.007373198
1132532	crunch	0.007343985
1132532	activ	0.007337882
1132532	prospect	0.00733031
1132532	month	0.007272482
1132532	natur	0.007238837
1132532	72	0.0072372863
1132532	24	0.007197958
1132532	well	0.0071184984
1132532	particip	0.006972214
1132532	august	0.0069441185
1132532	decis	0.006889193
1132532	topic	0.006849467
1132532	see	0.0066462182
1132532	record	0.006564073
1132532	exclus	0.0063686967
1132532	degre	0.0063494775
1132532	filter	0.006286244
1132532	best	0.0062660184
1132532	produc	0.006254174
1132532	tabl	0.006214477
1132532	forward	0.0062022386
1132532	approxim	0.006149269
1132532	across	0.0060815257
1132532	fit	0.006069255
1132532	solut	0.0060222796
1132532	point	0.0060035535
1132532	2011	0.005885827
1132532	bachelor	0.0058856
1132532	mid	0.0057248026
1132532	varieti	0.0056341193
1132532	addit	0.0056078755
1132532	100	0.0055572577
1132532	onlin	0.0055267783
1132532	comparison	0.005511268
1132532	acquir	0.005507167
1132532	85	0.0054876227
1132532	com	0.0054024304
1132532	master	0.005401843
1132532	will	0.0053070746
1132532	81	0.00517993
1132532	effect	0.0051065246
1132532	specif	0.005039334
1132532	upper	0.0050298832
1132532	analyz	0.005017056
1132532	net	0.004982101
1132532	00	0.004720985
1132532	2016	0.004681775
1132532	market	0.004550272
1132532	insur	0.0045449794
1132532	bonus	0.0045032664
1132532	intellig	0.0044649565
1132532	percent	0.004229848
1132532	softwar	0.004004264
1132532	scienc	0.003978791
1132532	refer	0.0039190603
1132532	larg	0.003903104
1132532	gather	0.0037458888
1132532	highest	0.003687862
1132532	offer	0.003575356
1132532	system	0.003564143
1132532	42	0.0033620582
1132532	take	0.0033289474
1132532	world	0.0033061255
1132532	analyt	0.0031168533
1132532	answer	0.0030144127
1132532	4	0.0024979631
1132532	matter	0.002461953
1132532	7	0.0023606846
1132532	previou	0.0023275123
1132532	2	0.002113889
1132532	time	0.0018369536
1132532	25	0.0012707807
1132532	big	0.0012365992
1132532	show	0.0012171146
1132532	be	0.0011060531
1132532	new	0.0008925555
1132532	us	0.00088238093
1132532	doubl	0.0006979609
1132532	possibl	0.0005611502
1132532	48	0.0005547936
1132532	bottom	0.00054471596
1132532	includ	0.000455239
1132532	servic	0.00035076804
1132532	hour	0.0003494908
1132532	career	0.00023611398
1132532	area	7.855858e-05
1132532	york	-4.025079e-05
1132532	low	-0.00011226648
1132532	expens	-0.00013591783
1132532	clear	-0.00013735887
1132532	comfort	-0.00015686116
1132532	histori	-0.00016969627
1132532	reliabl	-0.00017238212
1132532	lifestyl	-0.00017911299
1132532	alaska	-0.00017957014
1132532	attain	-0.00020304983
1132532	decemb	-0.0002066878
1132532	south	-0.00020810607
1132532	sai	-0.00021967875
1132532	place	-0.0002363197
1132532	2003	-0.0002399615
1132532	ad	-0.00024466042
1132532	paul	-0.00024729717
1132532	pdf	-0.0002509249
1132532	454	-0.00025445517
1132532	purchas	-0.0002577269
1132532	carolina	-0.00027506475
1132532	releas	-0.00027977143
1132532	oklahoma	-0.00028469018
1132532	wolf	-0.00028954327
1132532	volum	-0.00029287717
1132532	card	-0.00029407587
1132532	billion	-0.00030728782
1132532	laura	-0.00031956047
1132532	pure	-0.00032923502
1132532	brad	-0.00032972966
1132532	90th	-0.00035597273
1132532	100th	-0.00036344153
1132532	second	-0.00036664502
1132532	european	-0.00036895482
1132532	add	-0.000370408
1132532	contain	-0.000371619
1132532	debt	-0.00037485184
1132532	cesar	-0.00037817622
1132532	american	-0.00039556323
1132532	deduct	-0.00039571454
1132532	ag	-0.0004176385
1132532	local	-0.00041968573
1132532	weekli	-0.00043864353
1132532	rowlei	-0.00043954593
1132532	provinc	-0.0004403594
1132532	tuttl	-0.00044414136
1132532	authorit	-0.0004626877
1132532	lipman	-0.00047339487
1132532	rom	-0.00047702788
1132532	limit	-0.00047896977
1132532	23	-0.00048581802
1132532	map	-0.00049963605
1132532	grew	-0.0005015427
1132532	kg	-0.00050977047
1132532	provid	-0.0005171186
1132532	word	-0.00052322156
1132532	assum	-0.00053131237
1132532	europ	-0.0005322749
1132532	alberta	-0.00054272375
1132532	just	-0.0005438027
1132532	medic	-0.00055410474
1132532	61	-0.0005548463
1132532	reflect	-0.0005564446
1132532	quarter	-0.0005698981
1132532	mean	-0.00057172345
1132532	mainardi	-0.0005959058
1132532	half	-0.0005970789
1132532	mention	-0.0005983544
1132532	77	-0.000606579
1132532	wikipedia	-0.0006068218
1132532	organ	-0.000610319
1132532	fee	-0.0006154549
1132532	ear	-0.0006155345
1132532	messeng	-0.0006167805
1132532	currenc	-0.0006208109
1132532	leinward	-0.00063015503
1132532	school	-0.00063374755
1132532	composit	-0.0006342916
1132532	adapt	-0.00063885323
1132532	encyclopedia	-0.0006416621
1132532	censu	-0.00065626844
1132532	now	-0.00065819966
1132532	constant	-0.0006640505
1132532	analysisperson	-0.0006707604
1132532	quartert	-0.0006707604
1132532	83	-0.0006791247
1132532	89	-0.00068427017
1132532	dramat	-0.00068845844
1132532	give	-0.0006918826
1132532	note	-0.0006928835
1132532	250	-0.0007009586
1132532	fifti	-0.00070637104
1132532	210	-0.00071719615
1132532	end	-0.0007187104
1132532	400	-0.0007243044
1132532	190	-0.00072825735
1132532	euro	-0.0007288717
1132532	women	-0.00073213194
1132532	reach	-0.0007395714
1132532	courier	-0.00074661564
1132532	reveal	-0.00075872417
1132532	commiss	-0.00076682895
1132532	men	-0.00078649906
1132532	440	-0.0007934996
1132532	born	-0.0007939572
1132532	usd	-0.000795204
1132532	205	-0.00080085784
1132532	300	-0.0008064687
1132532	adulter	-0.00080940186
1132532	21	-0.0008131431
1132532	choos	-0.000820991
1132532	seri	-0.0008210882
1132532	dr	-0.00082891475
1132532	montana	-0.0008334987
1132532	event	-0.0008371372
1132532	920	-0.00084652606
1132532	team	-0.00084719283
1132532	branch	-0.00085963175
1132532	335	-0.00087033893
1132532	watchlist	-0.00087282044
1132532	break	-0.0008774926
1132532	saffron	-0.0008880272
1132532	contract	-0.0008880799
1132532	interest	-0.0008896263
1132532	nearli	-0.00089511566
1132532	presidenti	-0.00089950213
1132532	person	-0.00090526557
1132532	202	-0.0009086629
1132532	715	-0.00092086405
1132532	post	-0.00093660865
1132532	2007	-0.00093763584
1132532	econom	-0.00093839876
1132532	worth	-0.00093883753
1132532	24th	-0.00094781205
1132532	stock	-0.0009501327
1132532	novemb	-0.0009546988
1132532	orker	-0.00096992316
1132532	103	-0.0009935882
1132532	630	-0.0010073832
1132532	marri	-0.0010101841
1132532	18	-0.0010146502
1132532	atlanta	-0.0010380961
1132532	divid	-0.0010522874
1132532	correct	-0.0010749607
1132532	20k	-0.0010827691
1132532	shown	-0.0010828236
1132532	climb	-0.0010837364
1132532	outlin	-0.001100659
1132532	numer	-0.0011131989
1132532	multi	-0.0011203344
1132532	variabl	-0.001123063
1132532	keep	-0.001123141
1132532	realiti	-0.0011261711
1132532	relev	-0.0011262002
1132532	870	-0.001135695
1132532	albertan	-0.0011508235
1132532	2014	-0.0011599212
1132532	countri	-0.0011606239
1132532	ifti	-0.0011709771
1132532	technologist	-0.0011775157
1132532	group	-0.001181178
1132532	480	-0.0011885295
1132532	ownership	-0.0011918095
1132532	obama	-0.0011921144
1132532	talent	-0.00119354
1132532	chang	-0.0011952337
1132532	compil	-0.0011956841
1132532	36k	-0.0011992924
1132532	04	-0.0012030477
1132532	labour	-0.001214151
1132532	37	-0.0012172122
1132532	older	-0.0012188571
1132532	nba	-0.0012201474
1132532	joseph	-0.001227763
1132532	tech	-0.0012301536
1132532	offic	-0.0012305259
1132532	paychequ	-0.0012332071
1132532	tell	-0.0012365377
1132532	total	-0.0012464663
1132532	497	-0.0012517027
1132532	1979	-0.0012769798
1132532	beverli	-0.0012793196
1132532	georgia	-0.001279394
1132532	surgic	-0.001282625
1132532	target	-0.0012865816
1132532	endors	-0.0012886927
1132532	stori	-0.0012918937
1132532	photograph	-0.0013042893
1132532	hall	-0.001304828
1132532	arn	-0.0013284584
1132532	ryan	-0.0013296638
1132532	share	-0.0013333628
1132532	metropolitan	-0.0013358251
1132532	survivor	-0.0013462271
1132532	websit	-0.0013504698
1132532	183	-0.0013575341
1132532	273	-0.0013637677
1132532	barack	-0.0013796105
1132532	27	-0.001388457
1132532	ndia	-0.0013997884
1132532	recent	-0.0014049072
1132532	latest	-0.0014162967
1132532	jamaica	-0.0014168875
1132532	adjust	-0.0014206126
1132532	categor	-0.0014250096
1132532	near	-0.001426909
1132532	378	-0.001434733
1132532	judici	-0.0014490504
1132532	citi	-0.001453528
1132532	alert	-0.001463194
1132532	0403	-0.0014701204
1132532	lithuania	-0.0014712774
1132532	earli	-0.0014836999
1132532	resid	-0.0014842529
1132532	proceed	-0.0014989309
1132532	televis	-0.0015083221
1132532	614	-0.0015108631
1132532	import	-0.0015194677
1132532	333	-0.001522519
1132532	rank	-0.0015273605
1132532	ve	-0.0015297675
1132532	heir	-0.0015330743
1132532	600	-0.0015345674
1132532	pittsburgh	-0.0015515755
1132532	5	-0.0015524558
1132532	unifi	-0.0015610376
1132532	kardashian	-0.0015805818
1132532	ir	-0.0015820569
1132532	allow	-0.0015919296
1132532	nurs	-0.0016047274
1132532	first	-0.0016069886
1132532	champ	-0.0016170708
1132532	6	-0.0016204702
1132532	individu	-0.0016238043
1132532	custom	-0.0016288541
1132532	readili	-0.0016324028
1132532	64	-0.0016331366
1132532	found	-0.0016457787
1132532	vice	-0.0016521956
1132532	graphic	-0.0016525922
1132532	down	-0.0016589958
1132532	wai	-0.0016991048
1132532	dietet	-0.0017006145
1132532	cost	-0.0017196946
1132532	larger	-0.0017388609
1132532	transcrib	-0.0017458656
1132532	biggest	-0.0017710674
1132532	sole	-0.0017806323
1132532	plan	-0.0017814795
1132532	psychiatrist	-0.0017829374
1132532	except	-0.001782946
1132532	mass	-0.0017993589
1132532	equat	-0.0018011618
1132532	enjoi	-0.0018030589
1132532	80	-0.0018199456
1132532	problem	-0.0018266941
1132532	account	-0.0018349827
1132532	exot	-0.0018479532
1132532	dancer	-0.0018480053
1132532	seacrest	-0.0018549951
1132532	msa	-0.001860545
1132532	search	-0.0018606936
1132532	890	-0.0018610345
1132532	owner	-0.001866007
1132532	influenc	-0.0018866042
1132532	anesthesiologist	-0.0018939176
1132532	make	-0.0018998638
1132532	garag	-0.0019150799
1132532	popular	-0.0019213737
1132532	member	-0.0019398937
1132532	overview	-0.0019530726
1132532	free	-0.0019723368
1132532	question	-0.0019741445
1132532	simpli	-0.0019789832
1132532	decad	-0.0019869434
1132532	therichest	-0.0019890752
1132532	30	-0.0019959155
1132532	911	-0.002000205
1132532	quot	-0.0020092742
1132532	test	-0.0020143513
1132532	furnish	-0.002022463
1132532	greater	-0.00202406
1132532	attract	-0.0020267519
1132532	moder	-0.0020314532
1132532	home	-0.0020386653
1132532	detect	-0.0020435734
1132532	136	-0.0020511271
1132532	tab	-0.0020546012
1132532	superintend	-0.0020632125
1132532	employ	-0.0020694537
1132532	articl	-0.0020765204
1132532	presid	-0.0020857072
1132532	court	-0.0020927922
1132532	inr	-0.002098127
1132532	valu	-0.0021175991
1132532	corpor	-0.0021215982
1132532	know	-0.002135057
1132532	11	-0.0021453477
1132532	sum	-0.002161359
1132532	direct	-0.0021633452
1132532	rn	-0.002175311
1132532	159	-0.0021766739
1132532	todai	-0.0021804175
1132532	insid	-0.0021857007
1132532	investig	-0.0021881105
1132532	headquart	-0.0021924584
1132532	technolog	-0.0021937303
1132532	affect	-0.0022045632
1132532	abl	-0.002205173
1132532	click	-0.0022077574
1132532	98	-0.002210932
1132532	period	-0.0022215787
1132532	8	-0.002221739
1132532	170	-0.0022246814
1132532	229	-0.0022387013
1132532	necessarili	-0.0022389444
1132532	repres	-0.0022453552
1132532	situat	-0.0022465903
1132532	network	-0.0022511317
1132532	uperintend	-0.0022590484
1132532	explain	-0.00226569
1132532	experienceth	-0.002268009
1132532	97	-0.0022746925
1132532	vp	-0.0022803927
1132532	famili	-0.0022809021
1132532	145	-0.0022929804
1132532	access	-0.002303571
1132532	index	-0.0023087943
1132532	stripper	-0.0023117152
1132532	appli	-0.0023250612
1132532	457	-0.0023272438
1132532	advanc	-0.0023348813
1132532	agi	-0.00233935
1132532	rare	-0.0023457434
1132532	949	-0.0023631856
1132532	achiev	-0.0023753217
1132532	multipl	-0.0023875912
1132532	551	-0.0023978546
1132532	sign	-0.0024016984
1132532	compar	-0.0024026493
1132532	lawyer	-0.0024173814
1132532	678	-0.0024182652
1132532	goal	-0.0024218357
1132532	sure	-0.0024322323
1132532	974	-0.002437795
1132532	knowledg	-0.0024421136
1132532	discov	-0.0024620588
1132532	district	-0.0024725627
1132532	alloc	-0.0024733664
1132532	tend	-0.0024759048
1132532	876	-0.0024904013
1132532	call	-0.002516056
1132532	bring	-0.0025221868
1132532	featur	-0.0025405833
1132532	examin	-0.0025646053
1132532	relat	-0.0025746888
1132532	experiencehi	-0.0025802196
1132532	updat	-0.0025853862
1132532	differ	-0.0025914174
1132532	410	-0.0025918672
1132532	environ	-0.0026013341
1132532	155	-0.0026101773
1132532	reinvest	-0.0026107256
1132532	border	-0.002613527
1132532	histor	-0.002615615
1132532	2002	-0.002621988
1132532	creat	-0.002637776
1132532	ohl	-0.0026495915
1132532	alon	-0.0026737107
1132532	origin	-0.0026741235
1132532	intel	-0.0026780267
1132532	geologist	-0.0026814241
1132532	complianc	-0.0026999968
1132532	product	-0.0027042946
1132532	10k	-0.0027047289
1132532	transform	-0.0027095566
1132532	bank	-0.0027209225
1132532	menu	-0.002726933
1132532	loos	-0.0027283896
1132532	negoti	-0.002729265
1132532	scientif	-0.0027345235
1132532	940	-0.002736567
1132532	australia	-0.0027515797
1132532	99	-0.0027705214
1132532	khloe	-0.0027744821
1132532	maintain	-0.002779956
1132532	captur	-0.0027864873
1132532	cours	-0.0027894757
1132532	abil	-0.0027988679
1132532	uk	-0.0028039115
1132532	sustain	-0.0028216727
1132532	agent	-0.002835977
1132532	rout	-0.0028410018
1132532	46	-0.0028507202
1132532	actual	-0.0028512762
1132532	retail	-0.0028539402
1132532	lamarh	-0.0028547535
1132532	februari	-0.0028556376
1132532	odom	-0.0028660907
1132532	design	-0.002873794
1132532	ar	-0.0028761881
1132532	week	-0.0028768908
1132532	solv	-0.0028863342
1132532	long	-0.0029000507
1132532	prepar	-0.0029039583
1132532	provis	-0.0029076277
1132532	perman	-0.0029118566
1132532	questionnair	-0.0029158548
1132532	understand	-0.002920433
1132532	public	-0.0029318703
1132532	9k	-0.0029402869
1132532	columbia	-0.002955813
1132532	profess	-0.0029622982
1132532	select	-0.002962457
1132532	680	-0.0029710613
1132532	juli	-0.0029769498
1132532	twice	-0.0029966978
1132532	case	-0.0030034464
1132532	lower	-0.0030280156
1132532	deliveri	-0.003043389
1132532	distinctli	-0.0030449973
1132532	commun	-0.0030489645
1132532	crew	-0.0030562996
1132532	khlo	-0.0030569772
1132532	intern	-0.0030610242
1132532	arizona	-0.003072008
1132532	93	-0.003073437
1132532	927	-0.0030831443
1132532	dimens	-0.003088102
1132532	49	-0.0031078358
1132532	summari	-0.0031143369
1132532	assur	-0.0031302236
1132532	successfulli	-0.0031416367
1132532	truck	-0.0031497432
1132532	alifornia	-0.0031621028
1132532	9	-0.0031663058
1132532	synonym	-0.003167151
1132532	2009	-0.0031684265
1132532	024	-0.0031938765
1132532	339	-0.0032176224
1132532	nationwid	-0.0032248767
1132532	gross	-0.0032279699
1132532	200	-0.0032319175
1132532	doll	-0.0032368614
1132532	022	-0.0032630907
1132532	optim	-0.0032682593
1132532	884	-0.003269455
1132532	altern	-0.0032717509
1132532	desk	-0.003272726
1132532	breakdown	-0.0032757225
1132532	enhanc	-0.0032766561
1132532	039	-0.0032798625
1132532	broadcast	-0.0033107868
1132532	lamar	-0.0033131302
1132532	profit	-0.0033333858
1132532	033	-0.0033504188
1132532	discoveri	-0.0033606328
1132532	034	-0.0033723994
1132532	seeker	-0.0033963323
1132532	mi	-0.003401794
1132532	california	-0.003406188
1132532	meaning	-0.0034145257
1132532	duti	-0.0034156535
1132532	engin	-0.003424415
1132532	510	-0.0034348362
1132532	demand	-0.0034399834
1132532	center	-0.0034527394
1132532	14	-0.0034604657
1132532	099	-0.0034607647
1132532	grill	-0.003466466
1132532	whole	-0.0034668338
1132532	control	-0.0034753627
1132532	hawaii	-0.0034819108
1132532	phoenix	-0.0035600315
1132532	least	-0.003562501
1132532	algorithm	-0.0035641165
1132532	program	-0.0035679773
1132532	clinic	-0.003571868
1132532	keyer	-0.003572895
1132532	470	-0.003573133
1132532	340	-0.003600475
1132532	strategi	-0.003606778
1132532	rough	-0.003611471
1132532	analys	-0.003620537
1132532	110	-0.0036223219
1132532	wildlif	-0.0036343697
1132532	framingham	-0.0036417423
1132532	460	-0.0036435921
1132532	956	-0.0036543794
1132532	96k	-0.0036853096
1132532	650	-0.0036862746
1132532	17	-0.0037235047
1132532	support	-0.0037246314
1132532	consult	-0.0037376313
1132532	interview	-0.0037401959
1132532	telecommun	-0.0037443377
1132532	56k	-0.0037691155
1132532	rake	-0.0037697507
1132532	kohl	-0.0037739517
1132532	080	-0.0037800109
1132532	secur	-0.0037947882
1132532	programm	-0.0038321042
1132532	last	-0.0038474577
1132532	januari	-0.0038760896
1132532	qualit	-0.00389097
1132532	verag	-0.0038968024
1132532	63k	-0.003919036
1132532	2013	-0.0039211884
1132532	53k	-0.003927436
1132532	resum	-0.003939391
1132532	020	-0.0039528874
1132532	dollar	-0.0039725294
1132532	67k	-0.0039830594
1132532	450	-0.0039857277
1132532	benchmark	-0.0039908267
1132532	316	-0.0040314705
1132532	41	-0.0040333704
1132532	math	-0.00404261
1132532	stage	-0.004044775
1132532	900	-0.004057592
1132532	19	-0.0040628626
1132532	monei	-0.0040683285
1132532	life	-0.004078845
1132532	13	-0.004107498
1132532	106	-0.0041250223
1132532	fbi	-0.0041735405
1132532	186	-0.004174032
1132532	115	-0.0041744225
1132532	uppli	-0.004174743
1132532	104	-0.004181032
1132532	27th	-0.004181916
1132532	joke	-0.0041893646
1132532	descript	-0.004190018
1132532	roadmap	-0.004219351
1132532	crucial	-0.0042221393
1132532	dba	-0.0042254394
1132532	50th	-0.0042419164
1132532	97k	-0.0042643305
1132532	role	-0.004280321
1132532	region	-0.0042900154
1132532	148	-0.004298348
1132532	580	-0.004299576
1132532	live	-0.004340807
1132532	popul	-0.004341937
1132532	3	-0.0043696896
1132532	dropdown	-0.00438494
1132532	hire	-0.00440029
1132532	315	-0.0044245045
1132532	hierarchi	-0.0044374205
1132532	regist	-0.004445817
1132532	monthli	-0.0044798283
1132532	full	-0.004535977
1132532	976	-0.004538457
1132532	demonstr	-0.004546088
1132532	million	-0.0045491266
1132532	competit	-0.0045673293
1132532	304	-0.004586792
1132532	15	-0.0046201227
1132532	500	-0.0046437313
1132532	vacanc	-0.0046894453
1132532	679	-0.0046945265
1132532	414	-0.0046994966
1132532	928	-0.0047280844
1132532	288	-0.0047351555
1132532	207	-0.004784785
1132532	969	-0.004794057
1132532	assist	-0.0048314612
1132532	calcul	-0.004836293
1132532	222	-0.004863603
1132532	326	-0.004864148
1132532	823	-0.004876973
1132532	232	-0.0048823794
1132532	household	-0.0049123606
1132532	09	-0.0049398704
1132532	330	-0.004946221
1132532	41st	-0.004966769
1132532	023	-0.005004994
1132532	sector	-0.0050785397
1132532	730	-0.0050794166
1132532	91	-0.0050795167
1132532	scale	-0.005084261
1132532	430	-0.0050901505
1132532	mcdonald	-0.0051041404
1132532	track	-0.0051074806
1132532	325	-0.0051236353
1132532	current	-0.0051309397
1132532	922	-0.005140156
1132532	list	-0.005158594
1132532	128	-0.0051699304
1132532	geograph	-0.00519585
1132532	pennsylvania	-0.0052049113
1132532	577	-0.0052062287
1132532	759	-0.005261637
1132532	term	-0.005277896
1132532	43	-0.005317259
1132532	2022	-0.0053284327
1132532	cruncher	-0.005331156
1132532	line	-0.005369701
1132532	aboveh	-0.0053769276
1132532	goe	-0.005380508
1132532	charter	-0.005405561
1132532	lead	-0.005530617
1132532	117	-0.005545401
1132532	116	-0.0055518947
1132532	here	-0.005559055
1132532	receptionist	-0.005561353
1132532	wall	-0.0055770352
1132532	store	-0.005592922
1132532	800	-0.005619637
1132532	capac	-0.0056581683
1132532	012	-0.005659662
1132532	belowfor	-0.0056859627
1132532	manag	-0.0057421606
1132532	0	-0.0057501225
1132532	titl	-0.0057777176
1132532	60k	-0.005780745
1132532	domino	-0.005782557
1132532	privat	-0.005805499
1132532	roughli	-0.005904361
1132532	820	-0.00592864
1132532	76k	-0.0059365984
1132532	815	-0.006030639
1132532	120	-0.0060544596
1132532	street	-0.0060576466
1132532	913	-0.006065401
1132532	568	-0.006079014
1132532	detail	-0.0060818275
1132532	71	-0.006099634
1132532	reimburs	-0.006110338
1132532	636	-0.0061400095
1132532	class	-0.0061506405
1132532	78	-0.006162875
1132532	061	-0.0061834827
1132532	791	-0.0062035206
1132532	mai	-0.0062334556
1132532	90k	-0.006288605
1132532	700	-0.0063624904
1132532	38	-0.006392354
1132532	225	-0.006400327
1132532	130	-0.0064100716
1132532	165k	-0.0064218645
1132532	135k	-0.0064358953
1132532	work	-0.0064495793
1132532	40	-0.0064577465
1132532	forens	-0.006522799
1132532	administr	-0.006588002
1132532	2018	-0.0065891105
1132532	dens	-0.006675874
1132532	398	-0.006714459
1132532	follow	-0.0067734327
1132532	281	-0.0068174717
1132532	cashier	-0.0068572448
1132532	760	-0.006885912
1132532	au	-0.006938231
1132532	55k	-0.0069477637
1132532	690	-0.007176353
1132532	tax	-0.0071850256
1132532	167	-0.0072314963
1132532	tjx	-0.0072449385
1132532	634	-0.0072593656
1132532	719	-0.007290911
1132532	significantli	-0.0073101236
1132532	980	-0.007361827
1132532	184	-0.0073991623
1132532	cfa	-0.007406974
1132532	budget	-0.0075251106
1132532	293	-0.007526387
1132532	emploi	-0.007562767
1132532	847	-0.007566191
1132532	india	-0.007648072
1132532	ballist	-0.0077111814
1132532	84	-0.0077189566
1132532	risk	-0.007796965
1132532	711	-0.007843095
1132532	firm	-0.007858576
1132532	32	-0.007947818
1132532	604	-0.008109363
1132532	709	-0.00815753
1132532	suppli	-0.008163599
1132532	2012	-0.008318157
1132532	140	-0.008351582
1132532	178	-0.008437087
1132532	354	-0.008501674
1132532	370	-0.008563965
1132532	108	-0.008617839
1132532	develop	-0.008644188
1132532	chain	-0.0086773755
1132532	533	-0.00869097
1132532	depart	-0.008756313
1132532	65	-0.008785464
1132532	parallel	-0.008845552
1132532	verifi	-0.008878894
1132532	898	-0.008884953
1132532	categori	-0.009132818
1132532	worker	-0.009137035
1132532	73k	-0.0091584865
1132532	62	-0.00931992
1132532	63	-0.009489431
1132532	520	-0.009527054
1132532	950	-0.009537137
1132532	36	-0.009584673
1132532	610	-0.009613734
1132532	qualiti	-0.00964832
1132532	807	-0.009681826
1132532	forecast	-0.009811193
1132532	rs	-0.010026207
1132532	909	-0.010506566
1132532	88	-0.011235038
1132532	060	-0.011246941
1132532	databas	-0.011767291
1132532	10	-0.011976922
1132532	66	-0.011989578
1132532	740	-0.012019011
1132532	specialist	-0.013305077
1132532	profession	-0.0135699315
1132532	technician	-0.01407404
1132532	credit	-0.014649956
1132532	47	-0.015244807
1132532	paid	-0.0153478
1132532	analysi	-0.015553294
1132532	compens	-0.015677163
1132532	227	-0.016485427
1132532	620	-0.016698984
1132532	bracket	-0.016995097
1132532	lowest	-0.017922765
1132532	660	-0.019130087
1132532	middl	-0.020249505
1132532	incom	-0.025346775
1132532	wage	-0.029152066
