2082	bone	0.60391784
2082	ag	0.32767978
2082	mass	0.29610297
2082	peak	0.2401508
2082	densiti	0.21109676
2082	30	0.20822075
2082	loss	0.18347667
2082	reach	0.16591217
2082	lose	0.12839165
2082	begin	0.12678948
2082	osteoporosi	0.12618609
2082	women	0.11654559
2082	menopaus	0.11491023
2082	strength	0.08941121
2082	gradual	0.086929284
2082	year	0.07986887
2082	maximum	0.07835016
2082	faster	0.07365205
2082	resorpt	0.07152784
2082	increas	0.06984099
2082	adulthood	0.06885089
2082	childhood	0.06693257
2082	calcium	0.06399857
2082	format	0.0616377
2082	declin	0.056617517
2082	denser	0.056389317
2082	process	0.054615285
2082	slowli	0.052428957
2082	continu	0.0521531
2082	men	0.050247185
2082	earli	0.050079796
2082	stronger	0.049377434
2082	25	0.04731185
2082	build	0.0460209
2082	miner	0.045443766
2082	20	0.045365144
2082	slow	0.045216538
2082	bodi	0.040517807
2082	decreas	0.040503696
2082	remodel	0.04044825
2082	lost	0.04018517
2082	new	0.038855337
2082	old	0.03854747
2082	exercis	0.037665837
2082	peopl	0.036545716
2082	result	0.035741534
2082	skeleton	0.03568109
2082	40	0.035521924
2082	start	0.035037234
2082	fragil	0.034669686
2082	mid	0.03420054
2082	can	0.03338529
2082	tissu	0.032809224
2082	amount	0.031608824
2082	teenag	0.030562222
2082	grow	0.028059376
2082	occur	0.027804371
2082	young	0.027699936
2082	acceler	0.027477752
2082	heavier	0.027248882
2082	down	0.027154189
2082	normal	0.027048508
2082	fractur	0.025920633
2082	exce	0.025038064
2082	larger	0.024894409
2082	fastest	0.024833938
2082	point	0.02421426
2082	bear	0.024118742
2082	remov	0.023861794
2082	decad	0.023598434
2082	older	0.022965975
2082	deterior	0.022487557
2082	35	0.022385005
2082	strong	0.022184316
2082	diet	0.022114338
2082	skelet	0.02182673
2082	break	0.02168059
2082	happen	0.021247992
2082	weight	0.021207102
2082	rate	0.021153891
2082	outpac	0.020819139
2082	estrogen	0.020792315
2082	life	0.020680109
2082	typic	0.020598391
2082	develop	0.020545574
2082	maintain	0.020496666
2082	minim	0.020093592
2082	structur	0.020060811
2082	caus	0.020056522
2082	rapid	0.019962026
2082	breakdown	0.019892385
2082	weaker	0.01986647
2082	perimenopaus	0.018964209
2082	pace	0.01889537
2082	adult	0.01878146
2082	solid	0.018748151
2082	risk	0.018655837
2082	constantli	0.018377317
2082	make	0.018123891
2082	later	0.018075729
2082	tend	0.017972887
2082	lead	0.017895956
2082	growth	0.017885422
2082	healthi	0.017153673
2082	replac	0.01688767
2082	time	0.01660214
2082	total	0.016251232
2082	character	0.015820965
2082	ad	0.015705353
2082	drop	0.015614935
2082	osteoclast	0.015586035
2082	brittl	0.015510708
2082	thicker	0.015179415
2082	abnorm	0.015057663
2082	balanc	0.014279242
2082	buildup	0.014219403
2082	bigger	0.014066715
2082	osteopenia	0.01372016
2082	especi	0.013352093
2082	10	0.013297112
2082	strongest	0.013230013
2082	chang	0.013134169
2082	third	0.0129147945
2082	natur	0.012781195
2082	withdraw	0.012603943
2082	known	0.0125892395
2082	18	0.012550734
2082	late	0.012461156
2082	onc	0.0122358445
2082	keep	0.012213487
2082	your	0.012207419
2082	deposit	0.01202015
2082	first	0.011894999
2082	matur	0.011766427
2082	highest	0.0117040835
2082	thirti	0.0116860755
2082	broken	0.011624669
2082	osteoblast	0.011400425
2082	creation	0.0113344705
2082	45	0.011233538
2082	speed	0.011100821
2082	physic	0.010979668
2082	averag	0.010921322
2082	part	0.01080151
2082	experi	0.010774564
2082	50	0.010620482
2082	creat	0.010571807
2082	help	0.0105137145
2082	overtak	0.010386536
2082	will	0.010191391
2082	skew	0.010097249
2082	take	0.010061197
2082	cell	0.010029529
2082	onset	0.009895087
2082	destruct	0.009765612
2082	51	0.0096857045
2082	import	0.009612471
2082	think	0.009611426
2082	twenti	0.009550214
2082	1	0.009447033
2082	activ	0.009358632
2082	adolesc	0.0093417335
2082	produc	0.009337786
2082	higher	0.009185389
2082	3	0.009063181
2082	rapidli	0.008960771
2082	equilibrium	0.008936776
2082	thin	0.0088161295
2082	greater	0.008738907
2082	come	0.008637556
2082	lai	0.008635541
2082	stage	0.008630357
2082	person	0.008612496
2082	don	0.008597405
2082	puberti	0.0085532665
2082	achiev	0.008516112
2082	rebuilt	0.008505438
2082	younger	0.0084564965
2082	attain	0.008356493
2082	weaken	0.008349137
2082	prevent	0.008205625
2082	common	0.008062156
2082	individu	0.007942174
2082	form	0.007895355
2082	slower	0.007874106
2082	vitamin	0.0078634815
2082	densest	0.0077444836
2082	crucial	0.007645089
2082	lamella	0.0076264017
2082	girl	0.0076007904
2082	birth	0.0075452486
2082	signific	0.00749852
2082	level	0.007451975
2082	dens	0.007439478
2082	percent	0.007387789
2082	2	0.0073600276
2082	show	0.0072651957
2082	slowdown	0.0072324434
2082	onli	0.007176155
2082	reduct	0.007110434
2082	train	0.0070873024
2082	matrix	0.0070710983
2082	intak	0.007057027
2082	hard	0.0070141805
2082	accumul	0.0070131626
2082	graph	0.0069796517
2082	accord	0.006968511
2082	groundwork	0.006958595
2082	affect	0.0069509735
2082	significantli	0.0069433227
2082	sex	0.0069389227
2082	strengthen	0.006925852
2082	iu	0.006923902
2082	who	0.0068906057
2082	lossgradu	0.0068473876
2082	prone	0.0068426277
2082	complet	0.006747959
2082	stave	0.006672134
2082	mg	0.00665973
2082	spongi	0.006643405
2082	undergo	0.006639275
2082	stabl	0.0065620337
2082	regularli	0.006538905
2082	problem	0.006496867
2082	bmd	0.0064504873
2082	optim	0.006401592
2082	stress	0.006330281
2082	supplement	0.0062377453
2082	product	0.0062273936
2082	0	0.0061626057
2082	live	0.0061064237
2082	like	0.0060486216
2082	nutrit	0.005968649
2082	dramat	0.005945403
2082	dissolv	0.0059282794
2082	exist	0.0059103305
2082	remain	0.005909948
2082	be	0.005893101
2082	teen	0.0058839275
2082	60	0.005845776
2082	13	0.005817433
2082	longer	0.0058023958
2082	boi	0.0057552843
2082	integr	0.0057467795
2082	lighter	0.005732252
2082	lifelong	0.005702457
2082	health	0.00569875
2082	best	0.005660651
2082	firooznia	0.0056423945
2082	institut	0.0055881515
2082	abil	0.005536334
2082	testosteron	0.005524544
2082	reduc	0.0054420424
2082	deplet	0.005353736
2082	hit	0.005331783
2082	tip	0.0052691204
2082	regular	0.005258822
2082	aliv	0.0052484553
2082	poorli	0.005214575
2082	muscl	0.0051795444
2082	relationship	0.0051441183
2082	small	0.005139816
2082	porou	0.0051207985
2082	condit	0.0050855065
2082	oestrogen	0.0050667557
2082	function	0.0050549433
2082	sooner	0.005045256
2082	figur	0.0050292336
2082	period	0.00500474
2082	wider	0.004974339
2082	4	0.00495529
2082	lifetim	0.004932537
2082	adequ	0.0048915646
2082	call	0.004874074
2082	lifestyl	0.004815453
2082	nation	0.0047636763
2082	11	0.0047361692
2082	human	0.0047274004
2082	renew	0.004723006
2082	quickli	0.004696184
2082	1984a	0.0046787974
2082	imagin	0.0046566804
2082	fairli	0.0046463213
2082	realiti	0.0046447506
2082	essenti	0.00463618
2082	70	0.004581721
2082	icrp	0.004526112
2082	fall	0.0045165615
2082	effici	0.004513525
2082	compact	0.0044885636
2082	revers	0.004471545
2082	add	0.004452692
2082	just	0.004449935
2082	al	0.0044478658
2082	last	0.0044295522
2082	support	0.004414524
2082	incid	0.004410995
2082	000	0.0043952153
2082	constant	0.0043526078
2082	fluid	0.0043306653
2082	gener	0.004266547
2082	90	0.0042453636
2082	degre	0.004244424
2082	defens	0.004175141
2082	respond	0.0041636974
2082	teeth	0.0041629826
2082	wai	0.004141902
2082	ll	0.004114634
2082	made	0.0041110334
2082	mercola	0.00411005
2082	mean	0.0041067884
2082	try	0.0040963152
2082	incorpor	0.004067393
2082	refer	0.00406622
2082	delai	0.0040522073
2082	troubl	0.0040449766
2082	goe	0.004040366
2082	alcohol	0.0040302626
2082	dexa	0.004028404
2082	836	0.0040251785
2082	relentless	0.004010883
2082	acheiv	0.004007067
2082	gain	0.0040065525
2082	depend	0.0039845803
2082	absorb	0.003976931
2082	diminish	0.0039757956
2082	15	0.0039637424
2082	flow	0.003940807
2082	epiphys	0.0039397953
2082	larg	0.003933934
2082	exton	0.003932021
2082	estim	0.0038792202
2082	ossif	0.0038263886
2082	concern	0.0038217013
2082	basi	0.0038061158
2082	net	0.0038053242
2082	largest	0.0038032
2082	reabsorb	0.003786627
2082	eat	0.0037454201
2082	rich	0.0037358075
2082	scant	0.0037054007
2082	surplus	0.0036961215
2082	turnov	0.0036904889
2082	regul	0.00368807
2082	dai	0.003686365
2082	highli	0.003682378
2082	effect	0.0036724848
2082	midlif	0.0036235384
2082	rigg	0.0035793427
2082	stai	0.0035688363
2082	mai	0.0035608434
2082	section	0.0035497737
2082	frailti	0.0035408742
2082	detect	0.0035060789
2082	exampl	0.003485555
2082	potenti	0.003483117
2082	associ	0.0034731738
2082	unavoid	0.0034241304
2082	genet	0.003409445
2082	breakag	0.0033967488
2082	206	0.0033896768
2082	cross	0.0033338
2082	know	0.0033249015
2082	plummet	0.0033057474
2082	definit	0.0032928828
2082	deminer	0.003272369
2082	8	0.0032652882
2082	physiolog	0.00326029
2082	progress	0.0032535407
2082	drink	0.0032219265
2082	youth	0.0032140375
2082	intern	0.0032039785
2082	270	0.0031968693
2082	sourc	0.0031604497
2082	onward	0.0031378085
2082	organ	0.0031152389
2082	rebuild	0.003096971
2082	consum	0.0030926217
2082	children	0.0030757317
2082	present	0.0030699172
2082	degrad	0.0030464751
2082	olsen	0.0030368431
2082	scienc	0.0030148143
2082	actual	0.0030084366
2082	taper	0.003003988
2082	37	0.0030015248
2082	fuse	0.0029962326
2082	major	0.002992108
2082	vertebra	0.0029886325
2082	bank	0.0029872481
2082	famili	0.0029861918
2082	withdrawn	0.0029669628
2082	bloodstream	0.0029584768
2082	nineti	0.0029525785
2082	steadili	0.0029465046
2082	crumbl	0.0029248768
2082	enter	0.0028999152
2082	great	0.002893053
2082	joshua	0.0028896695
2082	plateau	0.002843385
2082	hole	0.002838388
2082	frame	0.0028293626
2082	possibl	0.0028288548
2082	optimum	0.0028276257
2082	promin	0.0028241288
2082	post	0.0028087092
2082	whole	0.0028022686
2082	phosphat	0.0027314783
2082	content	0.002715362
2082	steadi	0.0027137648
2082	cardiovascular	0.0027133438
2082	account	0.0027118304
2082	go	0.0027056294
2082	easili	0.0026986646
2082	suscept	0.0026897811
2082	harder	0.0026776218
2082	rigid	0.002672617
2082	milligram	0.002661789
2082	extracellular	0.0026472858
2082	decai	0.002642613
2082	recip	0.0026374257
2082	ingest	0.002616904
2082	australian	0.0026145137
2082	jaw	0.0026084643
2082	end	0.002603005
2082	model	0.0026028808
2082	cartilag	0.0025622605
2082	inorgan	0.0025409763
2082	routin	0.0025276546
2082	dietari	0.0025222339
2082	bush	0.0025195396
2082	greatest	0.002509896
2082	slight	0.0025041858
2082	heighten	0.0024921743
2082	1981	0.0024895715
2082	rough	0.0024875153
2082	determin	0.0024853046
2082	store	0.002479069
2082	compos	0.0024731464
2082	thinner	0.0024522229
2082	still	0.0024490952
2082	exactli	0.0024416677
2082	suffici	0.0024405718
2082	stop	0.0024403546
2082	spider	0.0024353706
2082	arizona	0.0024244878
2082	stroke	0.0024078807
2082	size	0.0024020495
2082	obviou	0.0023946494
2082	perspect	0.002394497
2082	seek	0.0023933258
2082	drug	0.0023923612
2082	place	0.0023918329
2082	soak	0.0023907134
2082	tide	0.0023867707
2082	phenomenon	0.002378978
2082	1969	0.0023671105
2082	roll	0.0023636376
2082	everydai	0.002349005
2082	appar	0.0023407596
2082	95	0.002340728
2082	gender	0.002336393
2082	eric	0.0023300399
2082	height	0.0023239134
2082	stabil	0.0023207404
2082	fundament	0.0023181052
2082	1992	0.002306024
2082	ethnic	0.002304265
2082	delici	0.0023023922
2082	impact	0.0022984033
2082	swim	0.0022970077
2082	asian	0.0022885106
2082	34	0.0022777545
2082	tear	0.0022777165
2082	chanc	0.0022540954
2082	crystal	0.0022457885
2082	fight	0.0022383293
2082	rid	0.00223594
2082	abstract	0.0022358077
2082	modif	0.0022330787
2082	die	0.002229742
2082	drain	0.00221912
2082	implant	0.0022174816
2082	disord	0.0021909615
2082	frequenc	0.0021908605
2082	thick	0.0021876828
2082	protein	0.0021833589
2082	curv	0.0021833277
2082	postmenopaus	0.0021804764
2082	evolv	0.0021749183
2082	scan	0.00217253
2082	builder	0.0021700994
2082	limb	0.0021588702
2082	rest	0.0021544308
2082	minor	0.002146365
2082	strategi	0.002143651
2082	wed	0.0021340186
2082	blog	0.0021195654
2082	solv	0.0021050784
2082	vibrat	0.0021045601
2082	equal	0.0020927656
2082	investig	0.0020735397
2082	smith	0.002070747
2082	max	0.002060097
2082	on	0.0020476782
2082	acquir	0.002040313
2082	slide	0.0020210184
2082	dental	0.0020145194
2082	proport	0.0020107268
2082	european	0.001995713
2082	dr	0.0019842552
2082	daili	0.0019764844
2082	attack	0.0019648138
2082	inevit	0.001949094
2082	virtual	0.0019439241
2082	conjunct	0.0019345086
2082	fast	0.001933317
2082	male	0.0019269974
2082	follow	0.0019227023
2082	unusu	0.001922384
2082	nih	0.0019166652
2082	quick	0.0018973903
2082	proper	0.0018892114
2082	stick	0.0018854841
2082	tini	0.0018802686
2082	observ	0.0018793232
2082	near	0.0018709681
2082	voic	0.0018701475
2082	steroid	0.0018663073
2082	surround	0.0018606829
2082	wear	0.001855032
2082	failur	0.0018519684
2082	project	0.0018380488
2082	17	0.0018284547
2082	acid	0.0018110554
2082	heavi	0.0018016102
2082	awai	0.0018002609
2082	wait	0.0017994265
2082	skin	0.001797629
2082	limit	0.0017942629
2082	enjoi	0.0017934435
2082	constitut	0.0017881731
2082	plant	0.001778565
2082	expert	0.0017782266
2082	web	0.0017647329
2082	200	0.0017638153
2082	heart	0.0017636756
2082	shift	0.0017636352
2082	29	0.0017572341
2082	woman	0.0017542768
2082	weak	0.0017517072
2082	spend	0.0017476078
2082	popul	0.0017404717
2082	pass	0.001738458
2082	symptom	0.0017272942
2082	extens	0.0017271683
2082	qualiti	0.0017266695
2082	28	0.0017232589
2082	establish	0.0017141089
2082	mind	0.0017103776
2082	due	0.001697441
2082	resourc	0.0016949547
2082	experienc	0.0016935593
2082	bring	0.0016929733
2082	mobil	0.0016868211
2082	sign	0.0016851136
2082	fix	0.0016837828
2082	basic	0.0016816012
2082	releas	0.0016810016
2082	minut	0.0016773709
2082	damag	0.0016668661
2082	role	0.0016604882
2082	need	0.0016528382
2082	difficult	0.00165149
2082	introduct	0.0016473989
2082	base	0.0016301293
2082	educ	0.001628169
2082	kei	0.0016249568
2082	past	0.0016176108
2082	alon	0.001613502
2082	attent	0.0016098752
2082	websit	0.0016086763
2082	short	0.0016066917
2082	box	0.0015973359
2082	univers	0.0015921658
2082	site	0.0015902736
2082	21	0.0015896485
2082	death	0.0015882322
2082	hold	0.0015879325
2082	suggest	0.0015810922
2082	75	0.0015675748
2082	55	0.0015507138
2082	let	0.0015477674
2082	view	0.0015465461
2082	card	0.0015369
2082	12	0.0015257449
2082	femal	0.0015133965
2082	evid	0.001497234
2082	easi	0.0014949333
2082	prior	0.0014899949
2082	load	0.0014781312
2082	center	0.0014758486
2082	vari	0.0014717475
2082	next	0.0014532134
2082	fit	0.0014428707
2082	ve	0.0014211297
2082	encyclopedia	0.0014176959
2082	sever	0.0014114409
2082	isn	0.0014114267
2082	14	0.0014060938
2082	earlier	0.0013996846
2082	check	0.0013959784
2082	read	0.0013819166
2082	note	0.0013761084
2082	click	0.0013652694
2082	true	0.0013601992
2082	engag	0.001356976
2082	measur	0.0013495494
2082	pound	0.0013441633
2082	ensur	0.0013349153
2082	second	0.0013256614
2082	injuri	0.0013136043
2082	turn	0.0012975612
2082	here	0.0012965879
2082	pai	0.0012865156
2082	lift	0.0012796599
2082	6	0.0012789505
2082	sport	0.001254253
2082	look	0.0012477116
2082	high	0.0012468644
2082	order	0.0012440217
2082	middl	0.0012371859
2082	program	0.0012309656
2082	abl	0.0012262269
2082	precursor	0.0012156764
2082	system	0.0012130241
2082	practic	0.0011895515
2082	histori	0.0011648108
2082	child	0.0011542918
2082	nutrient	0.001152959
2082	see	0.0010826376
2082	sure	0.0010806991
2082	greatli	0.0010565638
2082	right	0.0010472746
2082	area	0.0010439927
2082	improv	0.0008847732
2082	reason	0.00085766916
2082	hormon	0.0008369088
2082	recommend	0.00079146674
2082	absorpt	0.0007567658
2082	long	0.00063438114
2082	diseas	0.000315665
2082	includ	0.00023079201
2082	medic	0.00017954515
2082	contribut	0.00015547048
2082	medicin	0.00010152248
2082	protect	7.885975e-05
2082	factor	3.0411344e-05
2082	specif	-7.644422e-06
2082	treatment	-7.996128e-06
2082	altern	-9.438953e-06
2082	reflect	-1.03921475e-05
2082	diagnosi	-1.0473738e-05
2082	consult	-1.0508993e-05
2082	advic	-1.0705999e-05
2082	oppos	-1.2247578e-05
2082	book	-1.6899066e-05
2082	tool	-1.749349e-05
2082	guid	-1.7749186e-05
2082	text	-1.8951565e-05
2082	decis	-2.0555117e-05
2082	programm	-2.8134302e-05
2082	meaning	-2.9660094e-05
2082	lengthen	-3.4145345e-05
2082	2011	-4.7880672e-05
2082	300	-4.926124e-05
2082	2007	-4.9700437e-05
2082	800	-5.0873892e-05
2082	2006	-5.137076e-05
2082	600	-5.3447227e-05
2082	lifefit	-5.7254605e-05
2082	700	-5.762464e-05
2082	well	-5.9765083e-05
2082	450	-6.374685e-05
2082	750	-6.3779924e-05
2082	550	-6.765794e-05
2082	850	-6.9327325e-05
2082	950	-7.349039e-05
2082	151	-7.468548e-05
2082	153	-7.486576e-05
2082	2015	-7.66097e-05
2082	data	-8.013211e-05
2082	2019	-8.26893e-05
2082	528	-8.3214385e-05
2082	537	-8.4038744e-05
2082	2018	-8.573007e-05
2082	stori	-9.255853e-05
2082	smaller	-9.955064e-05
2082	250	-0.00010676004
2082	1930	-0.00010973714
2082	540	-0.000109996974
2082	162	-0.00011044999
2082	525	-0.00011368214
2082	503	-0.00011518553
2082	515	-0.00011622671
2082	3000	-0.0001175742
2082	513	-0.000119081844
2082	900	-0.00012137812
2082	539	-0.00012175621
2082	514	-0.000121962774
2082	burn	-0.00013611202
2082	650	-0.00013668841
2082	501	-0.00013989992
2082	020	-0.00014015722
2082	cdc	-0.00014545255
2082	1400	-0.00014718105
2082	tabl	-0.00014977547
2082	350	-0.00015361002
2082	excel	-0.00015621024
2082	502	-0.00015655466
2082	050	-0.00015821288
2082	9100	-0.00015904887
2082	indefinit	-0.000164374
2082	266	-0.00016522857
2082	2010	-0.00016617909
2082	526	-0.00016655825
2082	538	-0.00016683995
2082	certif	-0.00016742383
2082	527	-0.00016777006
2082	award	-0.00016894055
2082	approxim	-0.00017137217
2082	cours	-0.0001802811
2082	commiss	-0.00018058218
2082	500	-0.00018227189
2082	158	-0.00018277287
2082	simpl	-0.0001839092
2082	9	-0.00018475682
2082	24	-0.00018611757
2082	mitig	-0.0001918485
2082	deficit	-0.00019344297
2082	easier	-0.00019732895
2082	157	-0.00020577032
2082	set	-0.00020588383
2082	calori	-0.00021215671
2082	recipi	-0.00021371298
2082	allow	-0.00022586987
2082	state	-0.00022592148
2082	400	-0.00022807842
2082	research	-0.00023077452
2082	offer	-0.00023364997
2082	ewcs451	-0.00023792722
2082	biggest	-0.00024008423
2082	161	-0.00024181271
2082	f2a	-0.00024395522
2082	servic	-0.00025256685
2082	1d1yqeei	-0.00025291316
2082	odz46myb	-0.00025291316
2082	tl3fwgx6	-0.00025410173
2082	150	-0.0002576697
2082	review	-0.0002581503
2082	vanish	-0.00026539227
2082	articl	-0.00026593692
2082	digmolaf	-0.000266107
2082	credit	-0.00027057988
2082	page	-0.00027109426
2082	826	-0.00027371894
2082	free	-0.00027400567
2082	sensit	-0.00027504304
2082	report	-0.00027796987
2082	world	-0.0002806384
2082	blood	-0.00028341517
2082	doctor	-0.00028362684
2082	154	-0.0002945448
2082	least	-0.0002946991
2082	twice	-0.00029577105
2082	1180	-0.0002971287
2082	manag	-0.00029937943
2082	hand	-0.00030207555
2082	low	-0.00030796873
2082	bill	-0.00031067425
2082	studi	-0.00031100682
2082	pharm	-0.0003113588
2082	discuss	-0.00031779095
2082	jump	-0.00032237623
2082	lower	-0.00032690543
2082	accept	-0.0003287717
2082	space	-0.00032978828
2082	totoewcs451	-0.00033079018
2082	cancer	-0.0003318867
2082	aren	-0.00033367562
2082	adapt	-0.00033524784
2082	pharmaci	-0.00033575876
2082	80	-0.00033739908
2082	cast	-0.00033862222
2082	shown	-0.00034237374
2082	forc	-0.00034365733
2082	therapi	-0.000347305
2082	40amr	-0.00034958625
2082	advertis	-0.00035083623
2082	receiv	-0.00035115995
2082	milk	-0.00035290574
2082	exact	-0.00036268088
2082	guidelin	-0.00036749584
2082	anti	-0.00036758973
2082	journal	-0.0003689161
2082	2003	-0.00037651983
2082	earth	-0.00038729745
2082	exposur	-0.00038780173
2082	cultur	-0.00038836588
2082	rang	-0.00038866964
2082	mayb	-0.00038884822
2082	kidnei	-0.00039154137
2082	foundat	-0.00039243267
2082	repair	-0.00040199986
2082	equival	-0.0004020923
2082	99	-0.00040453672
2082	mechan	-0.00040842508
2082	doesn	-0.00041080386
2082	preserv	-0.0004177947
2082	subject	-0.000418309
2082	cycl	-0.00042098184
2082	defici	-0.0004210261
2082	real	-0.000425578
2082	critic	-0.00043368645
2082	return	-0.00043398482
2082	mainten	-0.000436814
2082	big	-0.00043753983
2082	geriatr	-0.00044061174
2082	hardi	-0.00044071165
2082	academi	-0.00044450662
2082	benefici	-0.00044716598
2082	thyroid	-0.00044908648
2082	preval	-0.00045053384
2082	benefit	-0.00045393512
2082	rhode	-0.00045469173
2082	month	-0.00045585938
2082	prolong	-0.0004570746
2082	half	-0.00046317594
2082	knit	-0.00046489318
2082	gasp	-0.00046658632
2082	matter	-0.00048159945
2082	talk	-0.00049017335
2082	excess	-0.000497461
2082	drastic	-0.0005051388
2082	5	-0.0005062097
2082	ovari	-0.00051875704
2082	standard	-0.00052550714
2082	provid	-0.0005289868
2082	littl	-0.0005576526
2082	repres	-0.0005621295
2082	fat	-0.0005625545
2082	now	-0.00056256674
2082	chronolog	-0.0005667931
2082	heard	-0.0005719081
2082	case	-0.0005800526
2082	term	-0.0005807834
2082	explain	-0.00058210193
2082	corticosteroid	-0.00058563374
2082	varieti	-0.0005885877
2082	convuls	-0.00059074676
2082	share	-0.00059253094
2082	healthcar	-0.00060004654
2082	task	-0.0006013789
2082	callu	-0.0006107375
2082	shrink	-0.00062904396
2082	sudden	-0.00063050253
2082	unhealthi	-0.00063103857
2082	gerontolog	-0.0006316185
2082	dietet	-0.0006357343
2082	treat	-0.0007096643
2082	million	-0.00072185183
2082	inher	-0.00072768173
2082	screen	-0.00074669643
2082	osteoporot	-0.00074855465
2082	slump	-0.0007509599
2082	compar	-0.0007701609
2082	american	-0.00079127104
2082	futur	-0.0007943758
2082	facebook	-0.0007974217
2082	thought	-0.00080370967
2082	slightli	-0.00081377424
2082	primari	-0.00081380917
2082	rare	-0.00082808355
2082	behavior	-0.0008318576
2082	postur	-0.0008333118
2082	heal	-0.00083687867
2082	nof	-0.00084692717
2082	calcifi	-0.0008525298
2082	finger	-0.00086730707
2082	diagnos	-0.00090180064
2082	necessarili	-0.0009038608
2082	100	-0.00091475144
2082	number	-0.00091956346
2082	deviat	-0.00092070206
2082	put	-0.00095069065
2082	athlet	-0.0009846446
2082	54	-0.0010093781
2082	juvenil	-0.0010225128
2082	inch	-0.0010800962
2082	issu	-0.001105152
2082	choic	-0.0011523239
2082	addit	-0.00115841
2082	combin	-0.0012176981
2082	ovul	-0.0012689793
2082	fifti	-0.0012839363
2082	detriment	-0.0013213195
2082	progesteron	-0.0013216841
2082	pain	-0.0013356976
2082	framework	-0.0013503369
2082	silent	-0.0013865317
2082	poor	-0.0014179331
2082	smoke	-0.0014423964
2082	score	-0.0014814478
2082	lean	-0.0015587969
2082	test	-0.001598752
2082	premenopaus	-0.0016343124
2082	65	-0.0016847765
2082	caffein	-0.0017335922
2082	sarcopenia	-0.0017933649
2082	lack	-0.0018367011
2082	awar	-0.0018609248
2082	consid	-0.0020586892
2082	flab	-0.0022631255
