300025	whale	0.52367026
300025	entangl	0.2548922
300025	gillnet	0.24402608
300025	fisheri	0.23552269
300025	california	0.22173837
300025	fish	0.1907831
300025	coast	0.17902033
300025	marin	0.16805474
300025	rescuer	0.14747456
300025	tangl	0.13280916
300025	rescu	0.12849405
300025	blue	0.12357689
300025	gear	0.12213803
300025	mammal	0.12091201
300025	net	0.10905453
300025	drift	0.10159484
300025	southern	0.09132744
300025	freed	0.07839407
300025	crab	0.07805641
300025	attempt	0.074963056
300025	calif	0.07208623
300025	sperm	0.07187575
300025	swordfish	0.06999234
300025	pacif	0.069431774
300025	fridai	0.065868534
300025	dana	0.0646706
300025	enticknap	0.064103134
300025	sheerman	0.0631847
300025	permit	0.06162023
300025	lo	0.0611041
300025	dolphin	0.060989633
300025	spot	0.05899814
300025	angel	0.058008675
300025	told	0.057815526
300025	nation	0.05778651
300025	line	0.0572344
300025	trap	0.05719086
300025	report	0.05670519
300025	kilduff	0.055470806
300025	safari	0.05323509
300025	grai	0.051327482
300025	wallerstein	0.05080836
300025	szathmari	0.050761577
300025	2016	0.04802344
300025	offici	0.04671191
300025	lobster	0.04662604
300025	mondai	0.046539716
300025	barboza	0.04652347
300025	caught	0.046157796
300025	tail	0.04550423
300025	longlin	0.044466317
300025	upi	0.0439724
300025	scientist	0.04379106
300025	servic	0.043125764
300025	kill	0.042816993
300025	free	0.04268638
300025	sala	0.042528294
300025	recov	0.04197961
300025	anim	0.04178212
300025	trayvon	0.04126378
300025	feder	0.04117966
300025	baird	0.040520683
300025	oceana	0.039459344
300025	endang	0.03913156
300025	point	0.038548216
300025	edt	0.03706982
300025	leatherback	0.03687615
300025	swim	0.03608919
300025	swam	0.03596203
300025	dailymail	0.035731282
300025	photo	0.034932733
300025	counti	0.034753077
300025	sea	0.034646995
300025	identifi	0.03398857
300025	13	0.03389243
300025	dung	0.033853896
300025	beak	0.03359414
300025	death	0.03343745
300025	cut	0.033373535
300025	870	0.033261016
300025	slain	0.033232063
300025	pasadena	0.03298646
300025	iraqi	0.032974236
300025	fluke	0.03278369
300025	025	0.03262906
300025	capt	0.032178976
300025	zoe	0.032077402
300025	sai	0.032042556
300025	involv	0.031554658
300025	catherin	0.031417113
300025	halt	0.031174008
300025	deadliest	0.030882752
300025	174	0.030605588
300025	tomorrow	0.030242806
300025	reloc	0.030020008
300025	least	0.030015012
300025	nbc	0.029759351
300025	merci	0.029401874
300025	tuna	0.029365063
300025	reef	0.029257726
300025	averag	0.029092781
300025	steak	0.029001268
300025	year	0.028993841
300025	beaten	0.02870844
300025	reuter	0.028681587
300025	dump	0.028457018
300025	tim	0.028323367
300025	hawaii	0.028233416
300025	kabc	0.028109888
300025	noaa	0.028089885
300025	lengthi	0.027869413
300025	regim	0.027593287
300025	distress	0.027588699
300025	victori	0.027347242
300025	mail	0.02733734
300025	71	0.02722857
300025	case	0.026916055
300025	captain	0.026789317
300025	feet	0.026607374
300025	dave	0.026539328
300025	abandon	0.026425479
300025	cc	0.02636817
300025	classifi	0.026125833
300025	ben	0.026116252
300025	chase	0.025960863
300025	unusu	0.025874121
300025	biolog	0.025868686
300025	resum	0.025866812
300025	courtesi	0.025828669
300025	incid	0.025809884
300025	imposs	0.025736524
300025	vast	0.025617573
300025	toni	0.025610212
300025	peter	0.025283007
300025	propos	0.025264863
300025	newspap	0.025236923
300025	ghost	0.025185945
300025	rope	0.025159549
300025	septemb	0.025049932
300025	fleet	0.024946798
300025	team	0.024747202
300025	harbor	0.024688357
300025	deploi	0.024515878
300025	strand	0.024306752
300025	lion	0.02426319
300025	2015	0.024231603
300025	daili	0.02417425
300025	opposit	0.024040313
300025	divers	0.023875335
300025	anchor	0.023563202
300025	oregon	0.023419354
300025	saturdai	0.023318155
300025	martin	0.023117084
300025	teen	0.023105146
300025	accord	0.023080625
300025	huge	0.022936603
300025	campaign	0.022838224
300025	2002	0.022616584
300025	senior	0.022510754
300025	debri	0.022345342
300025	coastal	0.022342566
300025	director	0.022247398
300025	humpback	0.022241315
300025	submit	0.02220955
300025	weekend	0.022152321
300025	28	0.022130609
300025	5	0.022112222
300025	shock	0.022072567
300025	seek	0.022060014
300025	agenc	0.022040563
300025	environment	0.021983014
300025	frequent	0.02185145
300025	effort	0.021811945
300025	june	0.021777079
300025	shorelin	0.021566069
300025	drown	0.021528853
300025	massiv	0.021375299
300025	03	0.021199971
300025	categori	0.02119065
300025	000	0.021146372
300025	alon	0.021004513
300025	shoot	0.020795036
300025	fear	0.020621262
300025	onlin	0.020590212
300025	orang	0.020511638
300025	32	0.020484513
300025	state	0.020447414
300025	dead	0.020399872
300025	fight	0.020363774
300025	thousand	0.020309266
300025	made	0.02030597
300025	sustain	0.02020997
300025	farther	0.020202288
300025	comment	0.020058421
300025	media	0.02005138
300025	creatur	0.020018851
300025	polic	0.01998352
300025	notic	0.01993219
300025	wrap	0.019924816
300025	twice	0.019728122
300025	francisco	0.019608516
300025	cnn	0.019563638
300025	shot	0.01906556
300025	week	0.019021735
300025	2000	0.018942218
300025	worker	0.018849587
300025	declin	0.018822286
300025	florida	0.018790655
300025	die	0.01876261
300025	save	0.018757092
300025	mother	0.018558903
300025	2010	0.018548476
300025	impact	0.018521324
300025	race	0.018500978
300025	pick	0.01848857
300025	washington	0.017945293
300025	23	0.017837401
300025	number	0.01779695
300025	2012	0.01778095
300025	rank	0.017756209
300025	west	0.017713422
300025	killer	0.017701318
300025	now	0.01767206
300025	soon	0.017454157
300025	agre	0.017428117
300025	injuri	0.017274346
300025	2013	0.017223831
300025	turtl	0.017168667
300025	insid	0.017090924
300025	youtub	0.016931335
300025	man	0.016813047
300025	march	0.016788455
300025	injur	0.01668917
300025	close	0.016645465
300025	love	0.016385218
300025	april	0.016329082
300025	17	0.016292885
300025	non	0.016186632
300025	closer	0.016135909
300025	21	0.016030436
300025	associ	0.016018225
300025	center	0.016007366
300025	19	0.015934467
300025	publish	0.015837518
300025	credit	0.015764443
300025	local	0.015644634
300025	discuss	0.015624623
300025	san	0.015607992
300025	attach	0.015483354
300025	target	0.015423611
300025	will	0.015408676
300025	determin	0.015206382
300025	emerg	0.015126264
300025	young	0.015005641
300025	screen	0.015004565
300025	design	0.014987285
300025	11	0.014909766
300025	affili	0.014876938
300025	ocean	0.014814979
300025	major	0.014766915
300025	manag	0.014738495
300025	interact	0.014733157
300025	recent	0.014698529
300025	offic	0.014690574
300025	commerci	0.014649957
300025	author	0.0146463495
300025	life	0.01445374
300025	legal	0.014357977
300025	boat	0.014343898
300025	0	0.014254805
300025	65	0.014115177
300025	50	0.01408123
300025	meet	0.014077219
300025	want	0.013629215
300025	updat	0.0134777855
300025	com	0.013442253
300025	special	0.013372013
300025	high	0.013146097
300025	light	0.013131035
300025	back	0.012971015
300025	measur	0.012970268
300025	reduc	0.012885899
300025	januari	0.012863914
300025	next	0.01270415
300025	rare	0.01222546
300025	continu	0.012179366
300025	time	0.012070243
300025	possibl	0.011885953
300025	issu	0.011835587
300025	well	0.011813032
300025	30	0.011724985
300025	still	0.011717249
300025	pull	0.011688063
300025	just	0.011226547
300025	season	0.01122517
300025	type	0.011140426
300025	40	0.01110172
300025	typic	0.01108648
300025	popul	0.011056789
300025	allow	0.010853927
300025	watch	0.010791572
300025	oper	0.010634309
300025	found	0.010589132
300025	can	0.01053814
300025	larg	0.010373271
300025	requir	0.010319985
300025	data	0.010080362
300025	water	0.009885792
300025	call	0.00968433
300025	abl	0.009412646
300025	top	0.00931523
300025	take	0.008625223
300025	down	0.008591587
300025	last	0.008410616
300025	record	0.008388518
300025	1	0.008198214
300025	set	0.008077648
300025	3	0.008068256
300025	20	0.007837389
300025	make	0.007709786
300025	see	0.0076452605
300025	includ	0.0071173506
300025	2	0.006432387
300025	peopl	-7.665267e-06
300025	read	-8.992173e-06
300025	social	-1.1009153e-05
300025	safeti	-1.2036227e-05
300025	provid	-1.2364452e-05
300025	mask	-1.4441979e-05
300025	150	-1.4470265e-05
300025	rule	-1.5289877e-05
300025	coronaviru	-1.6245356e-05
300025	sail	-1.7481785e-05
300025	packer	-2.133401e-05
300025	ventura	-2.2614558e-05
300025	matter	-3.2568627e-05
300025	fly	-3.8435093e-05
300025	lord	-3.8728296e-05
300025	pink	-4.1727068e-05
300025	similar	-4.62296e-05
300025	smallest	-4.687005e-05
300025	ounc	-6.0561764e-05
300025	sand	-6.4413936e-05
300025	hand	-6.488175e-05
300025	petra	-6.6729284e-05
300025	tippet	-7.562788e-05
300025	worm	-7.59262e-05
300025	figur	-7.7023215e-05
300025	sourc	-7.708955e-05
300025	mix	-7.7332e-05
300025	base	-7.838713e-05
300025	acha	-8.187867e-05
300025	pier	-8.492088e-05
300025	clam	-8.959774e-05
300025	encount	-9.6070355e-05
300025	mussel	-9.630245e-05
300025	capit	-9.759025e-05
300025	million	-0.00010346139
300025	expect	-0.00010582826
300025	prize	-0.00010686926
300025	destin	-0.00010694385
300025	prepar	-0.000106987456
300025	polici	-0.000107365195
300025	wet	-0.0001082575
300025	scienc	-0.00011033515
300025	ladi	-0.00011378784
300025	fort	-0.00011391705
300025	win	-0.000117572745
300025	note	-0.00011881008
300025	squar	-0.00011886378
300025	account	-0.00011905027
300025	guid	-0.000120058176
300025	battl	-0.00012418411
300025	cute	-0.00012813332
300025	pierc	-0.00012849156
300025	aka	-0.00012867263
300025	scrambl	-0.000130723
300025	hold	-0.0001318238
300025	wai	-0.00013724025
300025	caption	-0.00013856305
300025	112	-0.00013966861
300025	sole	-0.0001398218
300025	trout	-0.00014083789
300025	elus	-0.00014094141
300025	aberr	-0.00014577409
300025	126	-0.0001459818
300025	effect	-0.0001483117
300025	experienc	-0.0001488792
300025	la	-0.00015243018
300025	decad	-0.00016144388
300025	charter	-0.0001629347
300025	precis	-0.00016437567
300025	240	-0.00016733886
300025	laughlin	-0.00016769723
300025	known	-0.00016780617
300025	gener	-0.0001708386
300025	member	-0.00017605093
300025	fullscreen	-0.00017678493
300025	scott	-0.0001800409
300025	advocaci	-0.00018163733
300025	devic	-0.00018269576
300025	clear	-0.00018772561
300025	stori	-0.0001882966
300025	louisiana	-0.00018849967
300025	view	-0.0001897055
300025	18	-0.00019133199
300025	action	-0.0001975858
300025	98	-0.00019866793
300025	islamorada	-0.00019960654
300025	tremend	-0.00020518048
300025	power	-0.00020573792
300025	plu	-0.00020609998
300025	adult	-0.00020681336
300025	16	-0.0002091583
300025	amberjack	-0.00021022733
300025	program	-0.00021081576
300025	octob	-0.00021089916
300025	cook	-0.00021320743
300025	yellow	-0.00021371095
300025	lake	-0.00021470556
300025	veget	-0.00021809708
300025	innumer	-0.000219611
300025	avoid	-0.00022045057
300025	part	-0.00022358114
300025	damag	-0.00022526745
300025	hone	-0.0002274072
300025	venic	-0.00022886015
300025	cm	-0.00023292754
300025	attract	-0.0002335069
300025	chees	-0.00023645797
300025	southeastern	-0.00023660378
300025	mission	-0.0002380078
300025	certifi	-0.00024355005
300025	gui	-0.00024460218
300025	138	-0.00024584858
300025	exact	-0.00024602385
300025	school	-0.00024672263
300025	brought	-0.00024877832
300025	2004	-0.0002489263
300025	replac	-0.00025265705
300025	lose	-0.0002539104
300025	rock	-0.00025419082
300025	liver	-0.0002558959
300025	lb	-0.00025749646
300025	meat	-0.00025972622
300025	manufactur	-0.0002627964
300025	accid	-0.00026296082
300025	weather	-0.00026334898
300025	heavi	-0.00026427823
300025	refer	-0.00026853662
300025	kg	-0.00026946454
300025	oz	-0.00027026806
300025	cover	-0.0002708691
300025	test	-0.00027170815
300025	answer	-0.0002747628
300025	inhal	-0.00027481676
300025	poor	-0.00027543143
300025	500	-0.00027559797
300025	joe	-0.00027642233
300025	headquart	-0.00027731946
300025	imag	-0.00027783794
300025	question	-0.0002796317
300025	approv	-0.00028297718
300025	word	-0.00028378988
300025	law	-0.00028411802
300025	56	-0.00028558378
300025	cobia	-0.00029036007
300025	depart	-0.0002908837
300025	editor	-0.00029153193
300025	shrimp	-0.0002924534
300025	exist	-0.00029290598
300025	maintain	-0.00029580112
300025	produc	-0.00029629463
300025	southwest	-0.00029686769
300025	140	-0.0002993401
300025	east	-0.0003012496
300025	drop	-0.00030247332
300025	rang	-0.00030393427
300025	mount	-0.00030528373
300025	2005	-0.00030544397
300025	level	-0.00030552983
300025	urgent	-0.00030807962
300025	stood	-0.00030862444
300025	rod	-0.00030944997
300025	tiger	-0.00031090106
300025	aggreg	-0.00031220488
300025	fresh	-0.00031243617
300025	safe	-0.00031302922
300025	ador	-0.00031337148
300025	trawl	-0.00031514402
300025	plai	-0.00031868886
300025	survei	-0.00032059627
300025	extens	-0.00032215434
300025	cartilag	-0.00032463082
300025	product	-0.0003254171
300025	luca	-0.0003299305
300025	articl	-0.00032994617
300025	60lb	-0.00033053505
300025	game	-0.0003316528
300025	object	-0.000335436
300025	tribun	-0.0003357485
300025	1976	-0.00033691904
300025	content	-0.00034067917
300025	pest	-0.00034105405
300025	straight	-0.00034240005
300025	connect	-0.0003444019
300025	1991	-0.00034671198
300025	newport	-0.00035403902
300025	upper	-0.0003544388
300025	help	-0.00035476705
300025	commun	-0.00035508172
300025	1959	-0.00035595064
300025	occur	-0.00035704966
300025	full	-0.00035827156
300025	biodivers	-0.0003583062
300025	1993	-0.00035889936
300025	nova	-0.00036018502
300025	lower	-0.0003615569
300025	nativ	-0.00036838802
300025	cuba	-0.0003712097
300025	67	-0.00037136406
300025	open	-0.00037140973
300025	bass	-0.00037412756
300025	harbour	-0.00037656803
300025	fisherman	-0.0003777076
300025	took	-0.00038463713
300025	240lb	-0.0003847972
300025	2018	-0.00038561661
300025	brink	-0.0003878372
300025	640	-0.00038923122
300025	cabo	-0.00038943847
300025	am	-0.00038974575
300025	tissu	-0.00039005885
300025	pair	-0.0003901687
300025	1968	-0.00039123965
300025	albani	-0.00039158572
300025	1973	-0.0003947934
300025	calcul	-0.00039545776
300025	recreat	-0.00039564402
300025	450	-0.00039648227
300025	littl	-0.00039653716
300025	whole	-0.00039695197
300025	scotia	-0.00039887143
300025	1967	-0.00039941008
300025	persist	-0.00040079292
300025	cape	-0.00040273348
300025	mainli	-0.00040282804
300025	passeng	-0.00040290333
300025	gradual	-0.0004032872
300025	collid	-0.00040425008
300025	grow	-0.0004050174
300025	weren	-0.0004065468
300025	encircl	-0.0004069589
300025	boost	-0.00040699381
300025	12	-0.00041043598
300025	juli	-0.00041429864
300025	think	-0.0004158385
300025	actual	-0.0004162032
300025	frog	-0.00041705766
300025	obtain	-0.0004173868
300025	coupl	-0.00041780793
300025	treat	-0.00041792679
300025	mexico	-0.000419076
300025	research	-0.0004194931
300025	shame	-0.00042079575
300025	rear	-0.0004249374
300025	496	-0.00042502195
300025	chile	-0.00042512966
300025	1947	-0.000426351
300025	sampl	-0.00042660112
300025	280	-0.00042679062
300025	2019	-0.0004275383
300025	norwai	-0.00042792148
300025	sign	-0.00042806013
300025	depth	-0.00042988456
300025	moder	-0.00043135727
300025	industri	-0.00043181897
300025	administr	-0.00043498186
300025	388	-0.00043603202
300025	turn	-0.00043631904
300025	octopu	-0.0004372323
300025	1914	-0.00043840086
300025	iceland	-0.00043937349
300025	leger	-0.00043987582
300025	site	-0.00044074233
300025	teeth	-0.00044138794
300025	1911	-0.00044327686
300025	peru	-0.000445003
300025	380	-0.00044501896
300025	happen	-0.00044531745
300025	1932	-0.00044676661
300025	share	-0.00044752867
300025	carcass	-0.00044849655
300025	remaind	-0.00044956862
300025	vicent	-0.00044958122
300025	link	-0.0004508882
300025	42	-0.00045140198
300025	664	-0.00045179593
300025	hidden	-0.00045328922
300025	statist	-0.00045365168
300025	don	-0.0004545984
300025	plant	-0.00045495026
300025	suspend	-0.00045503533
300025	1923	-0.00045658296
300025	gun	-0.00045800666
300025	scroll	-0.00045819036
300025	2014	-0.00046346284
300025	backward	-0.00046457324
300025	pool	-0.0004659435
300025	24	-0.0004675751
300025	2001	-0.00047187184
300025	televis	-0.000472129
300025	pounder	-0.0004722028
300025	here	-0.00047285663
300025	whitlei	-0.00047452582
300025	ceas	-0.00047573863
300025	outfitt	-0.00047787873
300025	discoveri	-0.00047792203
300025	29	-0.0004804244
300025	314	-0.00048432525
300025	biggest	-0.0004915202
300025	2008	-0.0004922101
300025	cloth	-0.0004925688
300025	pattern	-0.0004928351
300025	nearli	-0.00049629074
300025	2017	-0.00049725163
300025	scene	-0.00049946626
300025	suggest	-0.00050004444
300025	engag	-0.00050114
300025	wap	-0.00050136086
300025	gum	-0.000501595
300025	skipjack	-0.0005023917
300025	longest	-0.0005066895
300025	keep	-0.0005081329
300025	bag	-0.00050855725
300025	reason	-0.000510341
300025	weight	-0.00051337085
300025	542	-0.00051364186
300025	464	-0.0005154068
300025	activ	-0.00051817676
300025	thought	-0.00051832234
300025	total	-0.0005183695
300025	born	-0.0005198925
300025	numer	-0.0005207012
300025	prawn	-0.0005212893
300025	start	-0.0005260104
300025	messag	-0.0005267362
300025	press	-0.0005276301
300025	copi	-0.0005283248
300025	589	-0.00053015986
300025	bore	-0.0005310243
300025	seabird	-0.0005376435
300025	rest	-0.00053797703
300025	franc	-0.00053864607
300025	august	-0.00053936354
300025	give	-0.0005394129
300025	beauti	-0.0005418599
300025	inland	-0.00054217456
300025	atmospher	-0.0005430683
300025	journal	-0.0005431793
300025	57	-0.0005441609
300025	paper	-0.0005452359
300025	thrown	-0.0005462049
300025	sure	-0.00054651627
300025	upcom	-0.00054734654
300025	section	-0.0005476722
300025	shoe	-0.00054849416
300025	702	-0.0005485995
300025	2011	-0.00054952444
300025	1983	-0.00055003975
300025	outlet	-0.00055214495
300025	spring	-0.00055372645
300025	texa	-0.00055446726
300025	show	-0.00055517117
300025	wast	-0.00055550487
300025	aliv	-0.00055578595
300025	meter	-0.0005575093
300025	crew	-0.00056239706
300025	billion	-0.00056501135
300025	technolog	-0.00056736526
300025	rate	-0.00056823436
300025	put	-0.00057072105
300025	250	-0.0005716729
300025	trammel	-0.00057283795
300025	bluff	-0.0005734306
300025	consid	-0.00057725096
300025	incap	-0.000579519
300025	resourc	-0.0005800307
300025	diego	-0.000580185
300025	across	-0.000582178
300025	bird	-0.00059187895
300025	skin	-0.0005929471
300025	itali	-0.0005932536
300025	driven	-0.00059363485
300025	seaturtl	-0.00059368374
300025	try	-0.0005946838
300025	hard	-0.0005953331
300025	intend	-0.0005960476
300025	jim	-0.0005968026
300025	spinner	-0.000600174
300025	belt	-0.0006024022
300025	discov	-0.00060656184
300025	far	-0.0006071733
300025	night	-0.00060727604
300025	sold	-0.0006073987
300025	move	-0.0006076089
300025	israel	-0.00060808193
300025	yocom	-0.000608942
300025	pt	-0.00061045267
300025	tag	-0.0006124366
300025	137	-0.0006140821
300025	label	-0.0006159394
300025	occas	-0.00061853195
300025	big	-0.0006233192
300025	destroi	-0.0006256651
300025	tini	-0.0006273651
300025	fad	-0.00062795
300025	friscia	-0.0006316888
300025	850	-0.0006324495
300025	mid	-0.00063360407
300025	name	-0.0006365121
300025	choos	-0.00063940504
300025	georgia	-0.000643539
300025	lost	-0.00064551685
300025	option	-0.00064593705
300025	especi	-0.000646172
300025	contact	-0.0006462432
300025	alert	-0.000646479
300025	tiktok	-0.0006470229
300025	2007	-0.0006484525
300025	brazil	-0.0006489201
300025	support	-0.0006499091
300025	countri	-0.0006509539
300025	ceduna	-0.0006510901
300025	japanes	-0.000652672
300025	filter	-0.0006528583
300025	scotland	-0.00065313006
300025	varieti	-0.00065433426
300025	histori	-0.00065603486
300025	understood	-0.000656863
300025	air	-0.00065871264
300025	strain	-0.00065955025
300025	stai	-0.0006603019
300025	greec	-0.0006605221
300025	600	-0.0006609141
300025	weekli	-0.00066450675
300025	delai	-0.0006659204
300025	rai	-0.0006666312
300025	damn	-0.00066919153
300025	mallei	-0.0006710388
300025	3k	-0.00067170575
300025	advertis	-0.0006733543
300025	pelag	-0.00067608035
300025	infect	-0.0006761628
300025	float	-0.0006764301
300025	simpli	-0.00067687145
300025	chaparr	-0.0006786259
300025	overfish	-0.0006790678
300025	place	-0.0006803724
300025	dai	-0.0006846278
300025	1979	-0.0006874463
300025	lui	-0.0006906533
300025	hatcheri	-0.00069262105
300025	stream	-0.00069303624
300025	key	-0.00069504086
300025	bryde	-0.0006957174
300025	816	-0.0006958346
300025	deliber	-0.0007007623
300025	growth	-0.00070451025
300025	blubber	-0.0007059674
300025	shore	-0.00070870714
300025	physic	-0.00071071705
300025	190	-0.0007123225
300025	scar	-0.0007133371
300025	upscal	-0.0007154505
300025	portug	-0.00071661454
300025	dispos	-0.0007180047
300025	8	-0.0007199526
300025	liz	-0.0007207663
300025	minimum	-0.0007208528
300025	alaska	-0.00072126475
300025	problem	-0.00073515315
300025	habitat	-0.0007369731
300025	later	-0.0007377967
300025	defin	-0.0007388085
300025	treeless	-0.0007449671
300025	potenti	-0.00074499415
300025	handlin	-0.0007479723
300025	31	-0.0007480906
300025	troller	-0.0007505715
300025	cano	-0.0007522039
300025	organ	-0.00075241557
300025	canada	-0.0007546721
300025	period	-0.00075686094
300025	half	-0.00075864064
300025	current	-0.00076328043
300025	tab	-0.0007649255
300025	900	-0.00076547015
300025	proper	-0.0007663227
300025	156	-0.0007665416
300025	spider	-0.0007715952
300025	seasid	-0.00077257055
300025	windblown	-0.0007733625
300025	exampl	-0.00077656866
300025	172	-0.00077804417
300025	blow	-0.0007799511
300025	dentit	-0.0007820933
300025	sweep	-0.0007834702
300025	yellowfin	-0.0007850807
300025	1930	-0.0007897507
300025	arriv	-0.0007925034
300025	coral	-0.00079270516
300025	danger	-0.0007942892
300025	chang	-0.0007967049
300025	descript	-0.0008012217
300025	canari	-0.00080122246
300025	tow	-0.00080628134
300025	gobbl	-0.0008066114
300025	highli	-0.0008067482
300025	gather	-0.00080689345
300025	spiral	-0.00080827984
300025	hunter	-0.00080831954
300025	nurseri	-0.00081022957
300025	studi	-0.00081073516
300025	harpoon	-0.0008119796
300025	video	-0.0008136941
300025	acorn	-0.0008148303
300025	wrote	-0.0008149251
300025	concentr	-0.00081531814
300025	ecosystem	-0.0008177285
300025	neck	-0.000820386
300025	obispo	-0.0008203976
300025	primarili	-0.0008211642
300025	thailand	-0.0008211965
300025	calf	-0.0008251194
300025	chronicl	-0.0008301822
300025	pseudo	-0.0008332759
300025	thrive	-0.00083477795
300025	due	-0.00083547586
300025	margr	-0.00083829404
300025	larger	-0.000841457
300025	spread	-0.0008422878
300025	anderson	-0.00084273255
300025	ti	-0.00084615464
300025	higher	-0.00084805203
300025	hawk	-0.00084885897
300025	depend	-0.00084951316
300025	recoveri	-0.000850549
300025	societi	-0.0008514987
300025	reach	-0.0008553389
300025	reportedli	-0.0008557018
300025	unawar	-0.00085575687
300025	work	-0.00085797947
300025	implement	-0.00085861486
300025	activist	-0.00085997814
300025	nial	-0.0008622312
300025	slowli	-0.0008640678
300025	eventu	-0.0008659921
300025	nettl	-0.0008681534
300025	tunisia	-0.00086820876
300025	800	-0.0008689704
300025	regina	-0.00087027973
300025	distinct	-0.0008717357
300025	victim	-0.00087961834
300025	particl	-0.00087975396
300025	seneg	-0.00088094396
300025	network	-0.00088145636
300025	icr	-0.0008863724
300025	jan	-0.00088665937
300025	unintend	-0.00088897836
300025	korea	-0.00088898785
300025	saw	-0.00088956376
300025	human	-0.00089313043
300025	oxygen	-0.00089553004
300025	jump	-0.0008963758
300025	basket	-0.000902169
300025	notabl	-0.0009048561
300025	wake	-0.00090546475
300025	2021	-0.0009080678
300025	plan	-0.00090836425
300025	find	-0.0009092086
300025	central	-0.00091065903
300025	forth	-0.0009110755
300025	proceed	-0.000912289
300025	freeli	-0.0009152667
300025	1940	-0.000915428
300025	kayak	-0.000918183
300025	1996	-0.00091987173
300025	subscrib	-0.00092066464
300025	trail	-0.000921433
300025	floor	-0.0009217707
300025	squid	-0.0009240775
300025	bloom	-0.000926463
300025	mean	-0.00092648936
300025	acquir	-0.0009284712
300025	azor	-0.00093115395
300025	biologist	-0.00093172037
300025	aug	-0.0009325223
300025	14	-0.00093604205
300025	second	-0.0009370424
300025	lai	-0.00093711034
300025	trauma	-0.00093921827
300025	knife	-0.0009395398
300025	refus	-0.0009401639
300025	inwood	-0.0009412509
300025	leopard	-0.0009419912
300025	reduct	-0.000942295
300025	sport	-0.00094551995
300025	believ	-0.00094567373
300025	consider	-0.0009461129
300025	come	-0.0009462774
300025	uniqu	-0.00094866636
300025	her	-0.00094908575
300025	unabl	-0.00094994495
300025	saunder	-0.00095074147
300025	ft	-0.0009516246
300025	book	-0.00095195166
300025	sub	-0.0009520651
300025	quota	-0.00095265073
300025	voltax	-0.0009529624
300025	1997	-0.0009540684
300025	227	-0.00095657085
300025	compani	-0.00096087734
300025	nicknam	-0.0009638322
300025	remnant	-0.0009712763
300025	devil	-0.0009740753
300025	2020	-0.0009756548
300025	inch	-0.0009807949
300025	freshwat	-0.0009810384
300025	releas	-0.0009916774
300025	reinforc	-0.0009919164
300025	parasit	-0.0009926123
300025	socal	-0.0009969041
300025	multipl	-0.0009969152
300025	femal	-0.0009993177
300025	inhabit	-0.0010002153
300025	discrimin	-0.0010002209
300025	river	-0.0010006931
300025	side	-0.0010037275
300025	us	-0.0010050711
300025	fed	-0.0010068628
300025	stalk	-0.0010081956
300025	extinct	-0.0010093783
300025	attack	-0.0010104981
300025	reflect	-0.0010134132
300025	broadcast	-0.0010160842
300025	dy	-0.0010168193
300025	affect	-0.0010201477
300025	1985	-0.0010207273
300025	unwant	-0.0010233644
300025	health	-0.001023718
300025	nearbi	-0.0010252851
300025	captiv	-0.0010275209
300025	gape	-0.0010298713
300025	mcsorlei	-0.0010325306
300025	locat	-0.001034591
300025	kyodo	-0.0010365434
300025	entir	-0.0010381904
300025	mark	-0.0010388066
300025	grei	-0.0010446957
300025	6	-0.0010449239
300025	dozen	-0.0010458204
300025	addit	-0.0010492936
300025	meant	-0.0010544927
300025	juneau	-0.0010566027
300025	signific	-0.0010606928
300025	new	-0.0010633442
300025	restor	-0.0010637455
300025	deadli	-0.0010642116
300025	minut	-0.0010660003
300025	australia	-0.001073898
300025	63	-0.0010753876
300025	old	-0.0010761834
300025	hour	-0.0010780932
300025	weigh	-0.0010809044
300025	approxim	-0.0010812675
300025	inevit	-0.0010873564
300025	undoubtedli	-0.001089693
300025	nois	-0.0010983606
300025	seab	-0.0011007756
300025	garbag	-0.0011019603
300025	7	-0.0011043828
300025	thick	-0.0011058063
300025	provinc	-0.0011061031
300025	tackl	-0.0011070668
300025	hawaiian	-0.0011096908
300025	pilot	-0.0011147214
300025	dusk	-0.0011169544
300025	earth	-0.0011177881
300025	tom	-0.0011245804
300025	200	-0.0011285893
300025	month	-0.001132186
300025	scientif	-0.0011351634
300025	build	-0.001138361
300025	smit	-0.0011458397
300025	snap	-0.0011491397
300025	ensur	-0.0011500049
300025	copepod	-0.0011506524
300025	propel	-0.001156259
300025	corral	-0.0011574094
300025	irrespons	-0.0011579031
300025	great	-0.0011591595
300025	gyre	-0.0011596455
300025	yellowtail	-0.0011614483
300025	excurs	-0.0011621949
300025	fix	-0.0011673279
300025	footag	-0.0011690039
300025	9	-0.0011735181
300025	distanc	-0.0011750386
300025	todd	-0.0011770128
300025	global	-0.0011825847
300025	constrict	-0.0011847797
300025	ground	-0.0011871508
300025	ectoparasit	-0.001187205
300025	aquat	-0.00118734
300025	thresher	-0.0011877322
300025	barbatu	-0.0011888482
300025	rostrum	-0.0011893908
300025	todai	-0.0011916411
300025	foot	-0.0011997885
300025	fals	-0.0012011045
300025	36	-0.0012029589
300025	who	-0.0012055051
300025	stock	-0.0012097381
300025	extrem	-0.0012196192
300025	raker	-0.0012235105
300025	virgatum	-0.0012247614
300025	northward	-0.0012285918
300025	paddlefish	-0.0012290098
300025	best	-0.0012298953
300025	235	-0.0012330167
300025	loudest	-0.0012458841
300025	weir	-0.0012478789
300025	aerial	-0.0012514527
300025	shortag	-0.0012537395
300025	albacor	-0.0012537582
300025	swallow	-0.001261819
300025	unit	-0.0012669842
300025	wild	-0.0012689807
300025	88	-0.001275158
300025	grappl	-0.0012757607
300025	400	-0.0012773562
300025	erupt	-0.0012790584
300025	igfa	-0.0012833729
300025	prevent	-0.001284411
300025	tooth	-0.0012847148
300025	bart	-0.0012852731
300025	cheer	-0.0012862305
300025	diver	-0.0012903454
300025	singl	-0.0012919196
300025	eskimo	-0.0012934497
300025	senpaku	-0.0012959266
300025	cottriel	-0.001296917
300025	face	-0.0012971178
300025	hundr	-0.0012971215
300025	sri	-0.0012997967
300025	seabass	-0.0013076566
300025	easili	-0.0013078669
300025	503	-0.0013082429
300025	unintention	-0.0013095333
300025	destruct	-0.0013147189
300025	restrict	-0.0013194913
300025	wdc	-0.0013229271
300025	beach	-0.0013270375
300025	morro	-0.0013328808
300025	boater	-0.0013338426
300025	conduct	-0.0013419418
300025	ban	-0.0013462023
300025	130	-0.0013473185
300025	wildlif	-0.0013522446
300025	lanka	-0.0013535309
300025	aquarium	-0.0013586904
300025	resurfac	-0.0013597502
300025	round	-0.0013645869
300025	climat	-0.0013662215
300025	flipper	-0.0013668168
300025	leav	-0.0013734269
300025	respons	-0.001375457
300025	85	-0.0013784223
300025	assess	-0.0013813326
300025	omura	-0.0013823148
300025	488	-0.0013873974
300025	trip	-0.0013910213
300025	spent	-0.0013936886
300025	chemic	-0.0013956197
300025	compromis	-0.0013965922
300025	came	-0.0014005025
300025	seaspiraci	-0.0014014468
300025	org	-0.001404299
300025	cast	-0.0014129648
300025	whaler	-0.0014132775
300025	60	-0.0014154477
300025	lowdown	-0.001418194
300025	angler	-0.0014207908
300025	pinnip	-0.0014215045
300025	644	-0.0014256351
300025	length	-0.0014261892
300025	wavemak	-0.0014264522
300025	tonn	-0.0014334756
300025	409	-0.001436256
300025	krill	-0.0014405259
300025	km	-0.0014473753
300025	oil	-0.001450998
300025	risk	-0.0014514986
300025	giant	-0.0014548694
300025	bluefin	-0.001471395
300025	negombo	-0.0014725076
300025	songkhla	-0.001478645
300025	californiamammabear	-0.0014919905
300025	bait	-0.0014942612
300025	act	-0.001495873
300025	lucki	-0.0015013526
300025	steiner	-0.001506029
300025	halibut	-0.0015068278
300025	break	-0.0015158774
300025	taken	-0.001531705
300025	80	-0.0015415144
300025	coronula	-0.0015435413
300025	awai	-0.0015509906
300025	natur	-0.0015522286
300025	barnacl	-0.0015535146
300025	drag	-0.0015560013
300025	marlin	-0.0015571893
300025	africa	-0.0015607927
300025	xenobalanu	-0.0015656629
300025	list	-0.0015706435
300025	lung	-0.0015721713
300025	friedman	-0.0015757665
300025	male	-0.001583158
300025	conchoderma	-0.0015946875
300025	cb	-0.0016123214
300025	fisher	-0.0016168064
300025	reckless	-0.0016294612
300025	namilani	-0.0016295649
300025	erignatu	-0.0016295649
300025	davei	-0.0016362569
300025	reel	-0.0016363711
300025	globicip	-0.001636985
300025	1970	-0.0016544153
300025	size	-0.0016602642
300025	pennella	-0.0016633519
300025	1936	-0.0016694108
300025	1935	-0.0016737368
300025	toxic	-0.0016774802
300025	inupiaq	-0.0016777131
300025	method	-0.0016859754
300025	union	-0.0016868495
300025	microplast	-0.0017026432
300025	mass	-0.0017042441
300025	milburi	-0.0017114598
300025	volunt	-0.0017120392
300025	remain	-0.0017301609
300025	mesh	-0.0017368275
300025	vaquita	-0.0017377562
300025	harvest	-0.0017386768
300025	land	-0.0017455239
300025	tektit	-0.0017460721
300025	commonli	-0.0017561573
300025	nearshor	-0.0017566974
300025	greatest	-0.0017729088
300025	fall	-0.0017745756
300025	ordeal	-0.0017799963
300025	4	-0.0017882605
300025	indu	-0.0017907012
300025	vulner	-0.0017927001
300025	first	-0.001801964
300025	amount	-0.0018076894
300025	past	-0.0018079097
300025	finback	-0.0018086607
300025	purs	-0.0018100417
300025	south	-0.0018109803
300025	wide	-0.0018183368
300025	cruis	-0.0018187821
300025	hunt	-0.0018188441
300025	driftnet	-0.001823079
300025	75	-0.0018239053
300025	sever	-0.0018413686
300025	10	-0.0018515973
300025	predat	-0.0018560091
300025	illeg	-0.0018645384
300025	mention	-0.0018658821
300025	like	-0.0018813129
300025	small	-0.001888604
300025	incident	-0.0018926823
300025	mortal	-0.0019013674
300025	worldwid	-0.0019086003
300025	afternoon	-0.0019240775
300025	eastern	-0.0019266906
300025	food	-0.0019283806
300025	lead	-0.001929291
300025	intern	-0.0019295758
300025	8580	-0.0019318606
300025	415	-0.0019416725
300025	0278	-0.0019455084
300025	tour	-0.0019551164
300025	forag	-0.001956903
300025	island	-0.0019642112
300025	steam	-0.0019676723
300025	90	-0.0019799906
300025	struck	-0.001981999
300025	spill	-0.0019865776
300025	japan	-0.001995429
300025	35	-0.0020093534
300025	immens	-0.002019795
300025	litter	-0.0020209835
300025	7652	-0.0020436442
300025	overnight	-0.0020459841
300025	winter	-0.0020796643
300025	surfac	-0.002081983
300025	near	-0.0020910392
300025	port	-0.0021026863
300025	bubbl	-0.002108936
300025	process	-0.0021259203
300025	annual	-0.0021739653
300025	migratori	-0.0021747893
300025	avila	-0.0022075446
300025	1934	-0.0022204386
300025	epibiot	-0.0022376967
300025	end	-0.0022449966
300025	strike	-0.002250394
300025	tirn	-0.0022548002
300025	unknown	-0.0022604275
300025	abil	-0.0022815675
300025	orca	-0.002299223
300025	offshor	-0.002304962
300025	15	-0.0023122532
300025	bai	-0.0023250119
300025	plastic	-0.0023370385
300025	ton	-0.0023658406
300025	biologicaldivers	-0.0023755077
300025	25	-0.0023934168
300025	spokesman	-0.0024099774
300025	snare	-0.0024462126
300025	malibu	-0.0024526916
300025	dive	-0.0024539388
300025	verd	-0.0024556522
300025	percent	-0.0024605352
300025	result	-0.0024645987
300025	palo	-0.002505194
300025	rancho	-0.0025272965
300025	sight	-0.002532989
300025	seen	-0.002546158
300025	monterei	-0.0025491505
300025	hook	-0.002557531
300025	onc	-0.0025937033
300025	pound	-0.0026137938
300025	area	-0.0026305614
300025	cove	-0.0026562572
300025	salmon	-0.002668554
300025	serious	-0.0026697884
300025	billfish	-0.0026701011
300025	tsteiner	-0.002686038
300025	benticknap	-0.002686038
300025	ckilduff	-0.002686038
300025	ship	-0.002719046
300025	650	-0.0027351344
300025	live	-0.0027380635
300025	atlant	-0.002754897
300025	summer	-0.0027567786
300025	individu	-0.002817302
300025	paradis	-0.0028220827
300025	group	-0.002851719
300025	100	-0.0028686696
300025	pollut	-0.002899821
300025	fatigu	-0.0029746161
300025	mai	-0.0029913473
300025	white	-0.0030220062
300025	sein	-0.0031355591
300025	long	-0.0031534687
300025	left	-0.003167279
300025	gulf	-0.0032087055
300025	indiscrimin	-0.003238473
300025	fishermen	-0.003305724
300025	protect	-0.0033391034
300025	schooner	-0.0033686212
300025	conserv	-0.0033888184
300025	north	-0.0034198256
300025	right	-0.003499648
300025	discard	-0.003811953
300025	mouth	-0.003859928
300025	onli	-0.0039291508
300025	migrat	-0.0040714513
300025	accident	-0.004154109
300025	seal	-0.004197099
300025	be	-0.004260809
300025	captur	-0.0043069045
300025	gill	-0.004400912
300025	sei	-0.00448682
300025	vessel	-0.0047139116
300025	harm	-0.0047540884
300025	mink	-0.0048702084
300025	pot	-0.005004851
300025	world	-0.005213227
300025	dume	-0.005272594
300025	mile	-0.0053540305
300025	cetacean	-0.0054663317
300025	300	-0.005554408
300025	caus	-0.005673282
300025	largest	-0.0060150237
300025	estim	-0.006044557
300025	feed	-0.006745425
300025	buoi	-0.007003099
300025	fin	-0.0072515644
300025	catch	-0.010114793
300025	baleen	-0.01032614
300025	threat	-0.01182803
300025	bycatch	-0.012047534
300025	porpois	-0.012963946
300025	shark	-0.013841081
300025	speci	-0.015240462
