300986	launder	0.63544863
300986	monei	0.29645255
300986	prison	0.26860073
300986	sentenc	0.25308436
300986	fine	0.19070902
300986	jail	0.18370983
300986	year	0.18224686
300986	feloni	0.16993561
300986	convict	0.12505315
300986	000	0.12159498
300986	conspiraci	0.12052059
300986	maximum	0.10651763
300986	20	0.104940034
300986	500	0.10110935
300986	twice	0.096298225
300986	charg	0.094468765
300986	penalti	0.0899829
300986	court	0.087777734
300986	seludo	0.08331351
300986	feder	0.06951543
300986	month	0.06824146
300986	probat	0.065092646
300986	commit	0.06319779
300986	amount	0.06212232
300986	prosecutor	0.058482274
300986	9347	0.056784507
300986	fraud	0.056476966
300986	extort	0.056199376
300986	degre	0.048265014
300986	offenc	0.047787882
300986	wire	0.046382736
300986	16	0.043540478
300986	250	0.041941453
300986	punish	0.041923497
300986	crime	0.03992749
300986	928	0.039683193
300986	supervis	0.039331153
300986	offens	0.036185578
300986	result	0.036057007
300986	class	0.035863582
300986	can	0.035457186
300986	offend	0.034876734
300986	third	0.034733966
300986	310	0.034647584
300986	time	0.034037717
300986	indict	0.033993043
300986	burgess	0.03283823
300986	imprison	0.03270826
300986	perez	0.032073777
300986	zero	0.03171832
300986	2	0.031600457
300986	herman	0.031176768
300986	minimum	0.030482458
300986	valu	0.028422846
300986	exce	0.028111648
300986	arca	0.027706405
300986	theft	0.026207866
300986	judg	0.026089212
300986	defend	0.025854869
300986	carri	0.025572492
300986	alleg	0.024768975
300986	incarcer	0.024601305
300986	50	0.02403154
300986	circumvent	0.024000812
300986	face	0.023763215
300986	person	0.023560382
300986	releas	0.023504766
300986	misdemeanor	0.023344016
300986	potenti	0.023314716
300986	bail	0.022845343
300986	francisco	0.022716038
300986	consult	0.022606542
300986	perpetr	0.02259537
300986	53a	0.022586895
300986	pmla	0.0224327
300986	circumst	0.021914331
300986	prosecut	0.021191476
300986	typic	0.021100968
300986	pastor	0.020985724
300986	crimin	0.02064548
300986	repeat	0.020593692
300986	assist	0.020588461
300986	impos	0.020562043
300986	greater	0.020411406
300986	8	0.01998132
300986	0	0.019905891
300986	combin	0.019871542
300986	35	0.019840227
300986	legal	0.01963447
300986	rang	0.019594211
300986	first	0.019547012
300986	be	0.019499207
300986	decid	0.019464307
300986	larger	0.019092685
300986	parent	0.019074311
300986	12	0.018796843
300986	forgeri	0.018691333
300986	spi	0.018667044
300986	robber	0.018502811
300986	boyd	0.0183678
300986	wobbler	0.01834622
300986	given	0.017991599
300986	shaun	0.017979058
300986	ketchikan	0.017635113
300986	serv	0.01759004
300986	act	0.017373672
300986	briberi	0.017206388
300986	reach	0.017118745
300986	transact	0.016884675
300986	public	0.016846277
300986	accus	0.016727496
300986	financi	0.016592294
300986	207	0.016420709
300986	half	0.01635392
300986	24	0.016342727
300986	miguel	0.016083196
300986	jeremiah	0.015981594
300986	parol	0.015896592
300986	186	0.01578642
300986	featur	0.015762381
300986	badli	0.01572247
300986	embezzl	0.015681928
300986	tri	0.015640104
300986	ffiec	0.015595444
300986	state	0.015591279
300986	magistr	0.015477359
300986	factual	0.015306933
300986	brazilian	0.015297128
300986	restitut	0.015269786
300986	later	0.015244021
300986	14	0.015236412
300986	free	0.015071283
300986	evas	0.015066557
300986	oppos	0.015034176
300986	pursuant	0.015016398
300986	guilti	0.014874802
300986	marshal	0.014825464
300986	govern	0.014648157
300986	allegedli	0.014625751
300986	custodi	0.014546661
300986	monetari	0.014504669
300986	receiv	0.014466188
300986	timothi	0.014444488
300986	carl	0.014413523
300986	dai	0.014366861
300986	1	0.014246981
300986	includ	0.014213002
300986	honest	0.014077264
300986	750	0.014003252
300986	invad	0.013879942
300986	mitig	0.013866155
300986	stagger	0.013859394
300986	call	0.013812436
300986	traffick	0.0136023015
300986	second	0.013582267
300986	rule	0.013399888
300986	pace	0.013332233
300986	aggreg	0.013261175
300986	71	0.012933987
300986	favour	0.012730937
300986	twelv	0.012727756
300986	3	0.012693055
300986	thursdai	0.012662647
300986	terrorist	0.012576432
300986	last	0.012556766
300986	2001	0.012456543
300986	trump	0.0123409005
300986	30	0.012324031
300986	tuesdai	0.012320128
300986	extra	0.012094702
300986	jr	0.012076442
300986	steep	0.012064712
300986	crown	0.011937379
300986	long	0.011911127
300986	87	0.011888523
300986	advis	0.011848347
300986	mean	0.011844897
300986	ongo	0.011824485
300986	obstruct	0.011726444
300986	alon	0.011718587
300986	46	0.011618322
300986	concurr	0.01147725
300986	environment	0.0113701625
300986	foreign	0.011316113
300986	7	0.011310267
300986	claus	0.01129304
300986	bridg	0.01129246
300986	regist	0.01125642
300986	enterpris	0.011202725
300986	thumb	0.011175142
300986	ident	0.011158625
300986	liberti	0.011107447
300986	trigger	0.011010503
300986	mai	0.010941706
300986	5	0.010766833
300986	6	0.01075457
300986	1999	0.010736028
300986	nov	0.010682084
300986	consequ	0.010641096
300986	outlin	0.010480823
300986	justic	0.01043845
300986	million	0.010406496
300986	aml	0.010388879
300986	speak	0.010365788
300986	distanc	0.010265933
300986	hide	0.010258271
300986	penal	0.010250511
300986	imposs	0.010250466
300986	term	0.010070765
300986	ad	0.009970404
300986	presid	0.009952694
300986	council	0.009948599
300986	composit	0.009939664
300986	depend	0.0099371355
300986	2002	0.0098881945
300986	comment	0.009887166
300986	examin	0.0098607475
300986	10	0.009838146
300986	drug	0.009814604
300986	employ	0.009789276
300986	citizen	0.009732049
300986	pai	0.009707852
300986	made	0.009689385
300986	fourth	0.0096226875
300986	100	0.009527727
300986	intens	0.0095164515
300986	suprem	0.009516096
300986	pc	0.009416343
300986	variabl	0.009388767
300986	4	0.009374084
300986	300	0.00934412
300986	bank	0.009303013
300986	balanc	0.009263104
300986	land	0.009229455
300986	length	0.009192167
300986	plead	0.009181295
300986	appoint	0.009164871
300986	quarter	0.009145841
300986	stand	0.008922336
300986	grant	0.008920294
300986	men	0.008917158
300986	specif	0.008908642
300986	45	0.008777602
300986	possibl	0.008772861
300986	devic	0.008770353
300986	pass	0.008717391
300986	repres	0.008681196
300986	forc	0.008539086
300986	cash	0.008505489
300986	case	0.008462234
300986	take	0.008427442
300986	vari	0.008357431
300986	non	0.008313659
300986	resid	0.008231064
300986	chanc	0.008177197
300986	procedur	0.008146275
300986	associ	0.008097395
300986	virtual	0.008092568
300986	feel	0.008018319
300986	risk	0.007957432
300986	situat	0.007933444
300986	role	0.007894124
300986	consist	0.0077620116
300986	properti	0.007750802
300986	75	0.0077316253
300986	sever	0.0077223666
300986	2017	0.0077123716
300986	meet	0.0076695243
300986	histori	0.0076648705
300986	17	0.0076375944
300986	group	0.0076268897
300986	hous	0.007597015
300986	awai	0.007552816
300986	period	0.0075118304
300986	secreci	0.0075072064
300986	condit	0.007480488
300986	factor	0.0074491655
300986	district	0.007366957
300986	200	0.0072998507
300986	tax	0.0072905202
300986	total	0.007189548
300986	structur	0.007119726
300986	prior	0.0070955413
300986	manual	0.0070434385
300986	least	0.006987216
300986	member	0.006864579
300986	report	0.0065834085
300986	white	0.006448282
300986	reduc	0.0064156232
300986	bsa	0.006247779
300986	question	0.0060943007
300986	file	0.0060315025
300986	lead	0.0060100644
300986	design	0.0057345214
300986	prevent	0.0056232936
300986	down	0.005616411
300986	individu	0.005597383
300986	exampl	0.005312271
300986	well	0.0052327854
300986	part	0.0052169054
300986	code	0.005152058
300986	servic	0.0050776824
300986	18	0.00486658
300986	section	0.0048330734
300986	come	0.0047633634
300986	form	0.0047618374
300986	order	0.0047438513
300986	activ	0.0044250097
300986	law	0.004347217
300986	15	0.0043280204
300986	look	0.0043267463
300986	who	0.004256412
300986	found	0.003575044
300986	institut	0.00272545
300986	set	0.0022690918
300986	25	0.0022648172
300986	involv	0.0007243737
300986	anti	0.00057574897
300986	like	-6.721201e-05
300986	perform	-9.8903576e-05
300986	com	-0.00010769315
300986	doesn	-0.000110433706
300986	clean	-0.0001144809
300986	press	-0.00013465999
300986	actual	-0.00014791956
300986	brought	-0.00016097995
300986	talk	-0.00016201143
300986	19	-0.00016682698
300986	29	-0.00016813219
300986	respons	-0.00017087061
300986	44	-0.00017147399
300986	profil	-0.00017159934
300986	06	-0.0001742352
300986	similar	-0.00017500868
300986	size	-0.00018097287
300986	challeng	-0.00018550106
300986	imag	-0.00018823144
300986	legitim	-0.00018836395
300986	happen	-0.00018867447
300986	ag	-0.0001922715
300986	2016	-0.00019550687
300986	frequenc	-0.00020011733
300986	jan	-0.00020190737
300986	path	-0.0002063444
300986	suspicion	-0.00020898438
300986	pittsburgh	-0.00020973987
300986	arous	-0.00021058792
300986	hand	-0.0002202395
300986	old	-0.000226315
300986	murder	-0.00022788293
300986	subject	-0.00023310194
300986	mondai	-0.00024428664
300986	resolv	-0.000245066
300986	mistak	-0.00024972958
300986	admit	-0.0002578302
300986	articl	-0.00026289068
300986	current	-0.000269729
300986	minor	-0.00027045672
300986	sex	-0.00027512838
300986	dailymail	-0.00028626263
300986	vagu	-0.0002872165
300986	ii	-0.0002878246
300986	edt	-0.00030338747
300986	ago	-0.00031877516
300986	receipt	-0.00032813282
300986	now	-0.00033143914
300986	senat	-0.00033326796
300986	religion	-0.00034415277
300986	larg	-0.00034941488
300986	us	-0.00035423905
300986	bipartisan	-0.0003574355
300986	thousand	-0.00037702726
300986	81	-0.00038060796
300986	dollar	-0.00038342678
300986	put	-0.0003962798
300986	batteri	-0.0004029909
300986	polic	-0.0004203008
300986	creat	-0.0004227178
300986	1437	-0.0004284119
300986	unconstitution	-0.0004364469
300986	develop	-0.00044187595
300986	currenc	-0.00045145626
300986	australian	-0.0004578246
300986	contain	-0.00045837965
300986	review	-0.00046536126
300986	vehicl	-0.0004702873
300986	bui	-0.00047794796
300986	refer	-0.00048500695
300986	product	-0.00048895215
300986	60	-0.0004899531
300986	sixteen	-0.0004932641
300986	hit	-0.0004938527
300986	power	-0.0004987279
300986	home	-0.00050607685
300986	due	-0.00051506987
300986	york	-0.00051517587
300986	type	-0.00051919377
300986	chang	-0.0005210375
300986	choic	-0.0005275801
300986	borrow	-0.0005293256
300986	media	-0.0005302676
300986	2021	-0.00053604593
300986	effect	-0.00053818413
300986	still	-0.0005395751
300986	element	-0.00054223434
300986	gram	-0.0005423645
300986	learn	-0.0005450483
300986	access	-0.0005471878
300986	publish	-0.0005486297
300986	field	-0.0005501376
300986	locat	-0.00055344525
300986	ve	-0.0005554138
300986	bodi	-0.0005609441
300986	sai	-0.0005639328
300986	assum	-0.0005646359
300986	led	-0.0005662163
300986	jewelri	-0.00056646456
300986	name	-0.00056859467
300986	tang	-0.0005709204
300986	2015	-0.0005710787
300986	prepubesc	-0.000573775
300986	2020	-0.0005758968
300986	stiff	-0.0005805607
300986	owner	-0.0005920983
300986	option	-0.0005925329
300986	love	-0.00059276214
300986	sure	-0.00059326
300986	start	-0.00059454556
300986	explor	-0.0005979782
300986	ga	-0.00060101174
300986	thirti	-0.0006047303
300986	formal	-0.00060719805
300986	return	-0.0006083139
300986	oper	-0.00061068195
300986	ll	-0.0006134165
300986	bring	-0.00061364996
300986	21	-0.0006177168
300986	nation	-0.0006180877
300986	market	-0.00062142115
300986	across	-0.0006237022
300986	care	-0.0006245964
300986	begin	-0.0006279912
300986	expand	-0.0006308931
300986	core	-0.0006373513
300986	ask	-0.0006391248
300986	pictur	-0.000643119
300986	al	-0.0006438632
300986	conduct	-0.000651324
300986	licens	-0.0006513743
300986	updat	-0.00065212324
300986	let	-0.0006569988
300986	ior	-0.0006585966
300986	final	-0.00066430547
300986	exam	-0.00068099255
300986	fraudster	-0.0006811395
300986	burglari	-0.0006817367
300986	experi	-0.0006822522
300986	wide	-0.0006828655
300986	31	-0.0006829156
300986	2005	-0.0006842613
300986	prepar	-0.00068733824
300986	war	-0.0006879628
300986	suspend	-0.00069061667
300986	abus	-0.00069117674
300986	2018	-0.00069542555
300986	occur	-0.00069545663
300986	custom	-0.00069551443
300986	heroin	-0.0006989217
300986	nearli	-0.0006991221
300986	maryland	-0.0007016514
300986	juli	-0.0007102575
300986	photograph	-0.00071158283
300986	week	-0.00071367645
300986	pm	-0.0007138299
300986	practic	-0.00071541686
300986	drastic	-0.00071723486
300986	singl	-0.000718868
300986	fall	-0.00072077935
300986	28	-0.000722044
300986	entail	-0.0007278902
300986	claim	-0.0007303289
300986	oklahoma	-0.00073481194
300986	correct	-0.0007352759
300986	subsequ	-0.00073623436
300986	number	-0.0007375119
300986	trust	-0.0007397427
300986	teen	-0.0007402013
300986	transfer	-0.0007402376
300986	major	-0.00074116944
300986	pose	-0.00074811274
300986	complet	-0.00075122237
300986	1970	-0.0007539874
300986	compli	-0.00075414474
300986	invest	-0.00075422024
300986	screen	-0.0007564316
300986	todai	-0.0007585798
300986	2014	-0.00075976015
300986	grow	-0.00076632743
300986	remain	-0.00077194104
300986	sell	-0.0007748785
300986	frequent	-0.0007782966
300986	ground	-0.0007807973
300986	classifi	-0.0007838083
300986	benefici	-0.0007840389
300986	brother	-0.00078812166
300986	channel	-0.00078844297
300986	particip	-0.00079092314
300986	work	-0.00079105375
300986	make	-0.0007911279
300986	depart	-0.00079193275
300986	qualifi	-0.0007966865
300986	intent	-0.00079829525
300986	revis	-0.00079831533
300986	ceo	-0.0007983324
300986	determin	-0.0008012022
300986	sixti	-0.0008022864
300986	agenc	-0.0008060472
300986	parti	-0.00081006717
300986	gold	-0.00081021286
300986	signific	-0.00081295735
300986	global	-0.00081497716
300986	societi	-0.0008155183
300986	defin	-0.0008169033
300986	connect	-0.00081719377
300986	suspens	-0.00081982
300986	ye	-0.00082079927
300986	gross	-0.0008247136
300986	exchang	-0.00082493894
300986	longer	-0.0008257912
300986	solicit	-0.0008275008
300986	estat	-0.00083019555
300986	desir	-0.000831187
300986	ill	-0.00083382305
300986	fri	-0.00084164686
300986	obtain	-0.0008423535
300986	addition	-0.000842417
300986	prime	-0.0008430209
300986	immobil	-0.0008438523
300986	spot	-0.0008453466
300986	prostitut	-0.00084617967
300986	exclud	-0.0008564117
300986	33	-0.00085705175
300986	septemb	-0.00085818593
300986	demonstr	-0.00085996214
300986	provid	-0.00086358323
300986	2009	-0.0008696327
300986	strong	-0.00086989894
300986	battl	-0.0008754984
300986	spend	-0.00087673013
300986	49	-0.000877049
300986	instrument	-0.00087920076
300986	vc	-0.0008846316
300986	januari	-0.0008912534
300986	decemb	-0.00089278934
300986	engag	-0.00089336664
300986	execut	-0.0008962855
300986	post	-0.00089675403
300986	enact	-0.00089738646
300986	adam	-0.00090256217
300986	investig	-0.00090490637
300986	intellig	-0.0009117938
300986	felon	-0.0009199731
300986	afp	-0.0009231377
300986	excess	-0.00092469656
300986	realiti	-0.000925127
300986	hire	-0.00092696585
300986	spain	-0.00092986104
300986	suspici	-0.0009303422
300986	ir	-0.0009307746
300986	landscap	-0.00093312893
300986	announc	-0.0009345587
300986	mental	-0.00093489053
300986	help	-0.0009369312
300986	mr	-0.00093805935
300986	director	-0.00094010355
300986	discoveri	-0.0009411799
300986	smart	-0.0009446826
300986	best	-0.00094480667
300986	car	-0.00094491045
300986	threaten	-0.0009473628
300986	liabil	-0.00094752765
300986	2013	-0.0009485164
300986	here	-0.0009538441
300986	27	-0.0009548404
300986	complex	-0.0009572408
300986	impound	-0.0009582078
300986	agent	-0.00095976226
300986	illus	-0.00096004806
300986	2010	-0.0009600928
300986	billion	-0.00096094207
300986	distinct	-0.0009613758
300986	minist	-0.000963861
300986	shell	-0.00096430787
300986	seek	-0.0009653349
300986	bp	-0.0009655493
300986	mortgag	-0.0009667317
300986	handout	-0.0009713864
300986	sign	-0.00097260036
300986	discret	-0.000973236
300986	dilig	-0.00097330497
300986	jointli	-0.0009737301
300986	aid	-0.00097393856
300986	outcom	-0.0009743399
300986	differ	-0.00097484846
300986	la	-0.0009784778
300986	approxim	-0.0009795311
300986	liquid	-0.000989171
300986	parliament	-0.0009951558
300986	resentenc	-0.0009975185
300986	franc	-0.0010092459
300986	driven	-0.0010151368
300986	5000	-0.001016687
300986	manufactur	-0.0010314414
300986	arizona	-0.0010337505
300986	steven	-0.0010351071
300986	cite	-0.0010373631
300986	weizhen	-0.0010401356
300986	broad	-0.0010436106
300986	seth	-0.0010460152
300986	casino	-0.0010468037
300986	segment	-0.0010504064
300986	statement	-0.0010511217
300986	80	-0.0010621636
300986	transport	-0.0010652654
300986	2500	-0.001066395
300986	arthur	-0.0010694586
300986	regulatori	-0.0010710151
300986	organis	-0.0010714629
300986	peopl	-0.0010762332
300986	represent	-0.0010782952
300986	leak	-0.0010784303
300986	2019	-0.0010787698
300986	23	-0.0010791775
300986	origin	-0.0010802557
300986	credit	-0.0010833428
300986	find	-0.0010843658
300986	card	-0.0010871405
300986	rank	-0.0010894139
300986	360	-0.0011013502
300986	78	-0.0011016489
300986	1989	-0.0011022559
300986	fifteen	-0.0011031916
300986	highest	-0.0011034628
300986	fund	-0.0011034679
300986	ahm	-0.0011084722
300986	wise	-0.0011153475
300986	award	-0.0011155205
300986	tag	-0.0011190531
300986	program	-0.0011216826
300986	scandal	-0.0011225801
300986	congress	-0.0011231396
300986	rage	-0.0011236974
300986	expect	-0.0011256287
300986	rapidli	-0.0011280016
300986	tougher	-0.0011316008
300986	gambl	-0.0011319458
300986	bulk	-0.0011367818
300986	busi	-0.0011390029
300986	1997	-0.0011457694
300986	counsel	-0.0011497061
300986	schedul	-0.0011514467
300986	photo	-0.0011526904
300986	malaysia	-0.0011618668
300986	attempt	-0.0011695271
300986	continu	-0.0011709183
300986	summari	-0.0011722555
300986	bill	-0.0011738181
300986	racket	-0.0011769249
300986	alaska	-0.0011774156
300986	vega	-0.0011789561
300986	lawrenc	-0.001194958
300986	disorderli	-0.0011991168
300986	occ	-0.0012030073
300986	fbi	-0.0012072162
300986	dirti	-0.0012097039
300986	circuit	-0.0012108928
300986	kevin	-0.0012109373
300986	juri	-0.001213986
300986	1996	-0.001215237
300986	organ	-0.0012228211
300986	isaiah	-0.001228631
300986	stricter	-0.0012340724
300986	health	-0.001238589
300986	repercuss	-0.0012443404
300986	took	-0.0012557085
300986	try	-0.0012649919
300986	natur	-0.0012714497
300986	interest	-0.00127215
300986	plea	-0.0012806202
300986	stage	-0.0012821311
300986	stamp	-0.0012830991
300986	hid	-0.001292632
300986	contact	-0.0012927261
300986	cours	-0.001293224
300986	significantli	-0.001306028
300986	unhappi	-0.0013065949
300986	yield	-0.0013069009
300986	luck	-0.0013092818
300986	known	-0.0013111242
300986	nci	-0.0013219413
300986	inmat	-0.0013313118
300986	sourc	-0.0013322791
300986	sanction	-0.0013384973
300986	22	-0.0013445099
300986	hh	-0.0013460435
300986	new	-0.0013462084
300986	provis	-0.0013480799
300986	sale	-0.0013487303
300986	140	-0.0013546777
300986	protect	-0.0013546941
300986	kingston	-0.0013626278
300986	spy	-0.0013795188
300986	point	-0.001381087
300986	preclud	-0.0013824527
300986	narcot	-0.0013848045
300986	frighten	-0.0013876545
300986	consid	-0.0013923723
300986	unreason	-0.0013934805
300986	client	-0.001396437
300986	scott	-0.0013973751
300986	penitentiari	-0.0014027139
300986	commend	-0.0014027418
300986	3551	-0.001409007
300986	process	-0.0014121763
300986	basic	-0.0014149498
300986	postal	-0.0014152571
300986	intern	-0.0014166682
300986	sheer	-0.0014186441
300986	paid	-0.001426198
300986	stuart	-0.0014342564
300986	histor	-0.0014349577
300986	deceit	-0.0014363446
300986	import	-0.0014363532
300986	avoid	-0.001438163
300986	record	-0.0014465115
300986	3571	-0.001449146
300986	recoveri	-0.0014546837
300986	499	-0.0014612359
300986	substanti	-0.0014729643
300986	regul	-0.0014731382
300986	cft	-0.0014731558
300986	handl	-0.0014748038
300986	93	-0.0014756452
300986	august	-0.0014757831
300986	entiti	-0.001476641
300986	eu	-0.0014877724
300986	loss	-0.0014953635
300986	durham	-0.0014983916
300986	terri	-0.0014986509
300986	anchorag	-0.0015049092
300986	june	-0.0015196393
300986	harold	-0.001521479
300986	mandatori	-0.0015276308
300986	wai	-0.0015305036
300986	insur	-0.0015312883
300986	cycl	-0.0015383773
300986	570	-0.0015412989
300986	spiegel	-0.0015471493
300986	smuggl	-0.0015495997
300986	ninth	-0.001552274
300986	agreement	-0.0015554477
300986	levi	-0.0015560185
300986	voucher	-0.001558118
300986	271	-0.001561349
300986	run	-0.001576652
300986	categori	-0.0015912121
300986	aggrav	-0.0015977811
300986	forfeitur	-0.0016013444
300986	negoti	-0.0016075501
300986	jersei	-0.0016079902
300986	civil	-0.0016237975
300986	solicitor	-0.0016249459
300986	907	-0.0016266457
300986	countri	-0.0016275235
300986	right	-0.0016317602
300986	reflect	-0.0016398242
300986	expenditur	-0.0016403911
300986	2011	-0.0016404787
300986	addit	-0.0016416297
300986	limit	-0.0016547751
300986	behalf	-0.0016596693
300986	oig	-0.0016657494
300986	perjuri	-0.0016664332
300986	11	-0.001666896
300986	elkton	-0.0016670297
300986	usa	-0.001669757
300986	950	-0.0016699232
300986	kretzer	-0.0016717134
300986	ohio	-0.0016802851
300986	yee	-0.0016828899
300986	iii	-0.0016843328
300986	2007	-0.0016879548
300986	previou	-0.0016915143
300986	purpos	-0.00169855
300986	statut	-0.0016997597
300986	enforc	-0.0017008891
300986	extradit	-0.0017071635
300986	kickback	-0.001716153
300986	9	-0.0017181261
300986	detect	-0.0017199129
300986	nicholson	-0.0017205363
300986	ferrer	-0.0017235543
300986	juneau	-0.0017248321
300986	5kg	-0.001738708
300986	extend	-0.00174149
300986	forfeit	-0.0017443268
300986	usc	-0.0017459212
300986	lifetim	-0.0017468528
300986	offici	-0.0017478942
300986	plu	-0.0017521146
300986	calcul	-0.0017591513
300986	step	-0.001774734
300986	madden	-0.0017772372
300986	twenti	-0.0017815796
300986	defraud	-0.0017820188
300986	najib	-0.0017842612
300986	concept	-0.0017846678
300986	ownership	-0.0017854517
300986	jill	-0.0017870697
300986	harsher	-0.0018036918
300986	quantiti	-0.0018192142
300986	makarem	-0.0018241534
300986	complianc	-0.0018358978
300986	cocain	-0.0018441782
300986	clear	-0.001862928
300986	hamlet	-0.0018635129
300986	head	-0.0018665706
300986	2320	-0.0018768212
300986	13	-0.0018793158
300986	1mdb	-0.0018851674
300986	2012	-0.0019128537
300986	overview	-0.0019146854
300986	hennessi	-0.0019159176
300986	concern	-0.0019160036
300986	fals	-0.001931659
300986	wahaibi	-0.001935313
300986	2003	-0.0019371219
300986	personnel	-0.0019471592
300986	exceed	-0.0019479465
300986	1500	-0.0019490266
300986	baker	-0.0019525591
300986	increas	-0.001960471
300986	absentia	-0.0019638136
300986	noriega	-0.0019672601
300986	recent	-0.0019675451
300986	2317	-0.002015945
300986	khazzan	-0.0020229863
300986	guidelin	-0.0020478528
300986	breach	-0.0020510769
300986	danc	-0.0020528636
300986	counti	-0.002060163
300986	belfort	-0.002064781
300986	combat	-0.0020717576
300986	reput	-0.002084519
300986	okun	-0.002086217
300986	ooc	-0.0020975042
300986	6amld	-0.0021113202
300986	februari	-0.0021238443
300986	butler	-0.002131445
300986	distribut	-0.0021526662
300986	1957	-0.0021686428
300986	date	-0.002193478
300986	level	-0.0022048336
300986	parrish	-0.0022069758
300986	will	-0.0022110168
300986	mom	-0.0022156255
300986	broken	-0.0022238519
300986	scheme	-0.0022305858
300986	1986	-0.0022347958
300986	2008	-0.002243821
300986	introduc	-0.0022494681
300986	trial	-0.0022701246
300986	onli	-0.002279562
300986	5071	-0.0023097636
300986	stole	-0.0023189373
300986	defens	-0.002321267
300986	life	-0.0023388013
300986	terror	-0.0023451913
300986	star	-0.0023562405
300986	cnn	-0.00236962
300986	40	-0.0023770703
300986	show	-0.0024195842
300986	180	-0.0024225533
300986	bannon	-0.0024481302
300986	bullet	-0.0024654104
300986	dykstra	-0.002475784
300986	effort	-0.0024786924
300986	need	-0.0024855968
300986	lee	-0.002495085
300986	rostenkowski	-0.0025049532
300986	spent	-0.0025089495
300986	back	-0.0025376992
300986	kind	-0.0025649718
300986	illeg	-0.0025886158
300986	build	-0.0025886784
300986	statutori	-0.0025997004
300986	razak	-0.0026076715
300986	possess	-0.0027071415
300986	lowest	-0.0027459746
300986	knowingli	-0.0027480375
300986	amend	-0.0027554333
300986	99	-0.0027867758
300986	violat	-0.0028173064
300986	appeal	-0.0028563426
300986	offic	-0.0028983064
300986	accord	-0.002905983
300986	houston	-0.0029066103
300986	compani	-0.002909401
300986	financ	-0.002932398
300986	feldi	-0.0029485032
300986	higher	-0.0029844926
300986	control	-0.0029895455
300986	warshak	-0.0030178532
300986	gener	-0.003020481
300986	angelo	-0.003079892
300986	gain	-0.0031013957
300986	suppress	-0.0031102623
300986	pearlman	-0.0032160669
300986	requir	-0.0032499647
300986	menag	-0.0032849605
300986	angel	-0.0033246493
300986	dermen	-0.0033786164
300986	abbi	-0.0034249914
300986	vatican	-0.0034540584
300986	lo	-0.003463905
300986	collar	-0.0034772807
300986	follow	-0.0035344043
300986	110	-0.0037984229
300986	bankruptci	-0.0038840347
300986	conceal	-0.004097933
300986	secur	-0.0043743183
300986	experienc	-0.0045417086
300986	asset	-0.004560756
300986	patriot	-0.004576735
300986	1956	-0.0045926077
300986	miller	-0.004678017
300986	count	-0.004824893
300986	attornei	-0.0048563373
300986	mail	-0.00487242
300986	lawyer	-0.0053169476
300986	california	-0.0053413454
300986	caloia	-0.006684818
300986	texa	-0.009695463
