2006627	emerg	0.41244742
2006627	311	0.41138256
2006627	non	0.31867373
2006627	citi	0.24086718
2006627	call	0.20394543
2006627	911	0.18393332
2006627	servic	0.18135321
2006627	dial	0.1806741
2006627	report	0.14980347
2006627	complaint	0.12189622
2006627	municip	0.09189888
2006627	assist	0.080333196
2006627	govern	0.080294065
2006627	512	0.07972603
2006627	connect	0.07942532
2006627	center	0.07877891
2006627	citizen	0.076569654
2006627	myla311	0.07442399
2006627	oper	0.07074681
2006627	traffic	0.060379975
2006627	974	0.0599123
2006627	local	0.05984619
2006627	enforc	0.0591955
2006627	resid	0.05912532
2006627	violat	0.0573721
2006627	visitor	0.05450991
2006627	abandon	0.052303977
2006627	channel	0.051430512
2006627	repres	0.051019233
2006627	3231	0.05089281
2006627	polic	0.050584
2006627	help	0.05056797
2006627	1	0.050464205
2006627	lexcal	0.050371293
2006627	austin	0.050019488
2006627	problem	0.049596798
2006627	baltimor	0.04923601
2006627	chicago	0.04879143
2006627	concern	0.04876382
2006627	9400	0.046522234
2006627	district	0.045809332
2006627	request	0.045709282
2006627	can	0.04539779
2006627	9100	0.045384523
2006627	ask	0.044985756
2006627	util	0.04395554
2006627	law	0.04355809
2006627	personnel	0.04322322
2006627	issu	0.04281047
2006627	will	0.04206228
2006627	3	0.041635994
2006627	sf311	0.04071691
2006627	473	0.03997595
2006627	agenc	0.03944334
2006627	br	0.039437175
2006627	nep	0.038003586
2006627	494	0.037754875
2006627	creat	0.03709193
2006627	reach	0.03651962
2006627	number	0.035935685
2006627	need	0.035888333
2006627	line	0.035867874
2006627	outag	0.034889564
2006627	213	0.034846533
2006627	employe	0.034484413
2006627	utpd	0.034247223
2006627	washoug	0.03418934
2006627	vehicl	0.033635166
2006627	flood	0.03315839
2006627	pothol	0.032718226
2006627	graffiti	0.03240078
2006627	todai	0.032389153
2006627	5786	0.0323419
2006627	program	0.032158364
2006627	mai	0.03189094
2006627	address	0.031747118
2006627	322	0.031611856
2006627	leak	0.03146475
2006627	routin	0.030714516
2006627	written	0.030091822
2006627	701	0.029847443
2006627	file	0.029527303
2006627	like	0.029236533
2006627	reserv	0.029109245
2006627	415	0.028837793
2006627	evolv	0.028795285
2006627	laciti	0.028788988
2006627	consent	0.028763779
2006627	debri	0.028726984
2006627	0311	0.028724533
2006627	canada	0.028470527
2006627	8900	0.027509518
2006627	entiti	0.027170677
2006627	quick	0.026564186
2006627	centerpoint	0.02654783
2006627	wikihow	0.026541743
2006627	hydrant	0.026471902
2006627	2000	0.026313871
2006627	freer	0.02575975
2006627	2311	0.02561371
2006627	phone	0.025344351
2006627	who	0.025214905
2006627	4441	0.02508362
2006627	clark	0.025076672
2006627	here	0.024979733
2006627	inquiri	0.024849823
2006627	rememb	0.024720676
2006627	area	0.024376743
2006627	focu	0.024312416
2006627	ty	0.024180342
2006627	answer	0.024092788
2006627	access	0.024003819
2006627	waitlist	0.02377002
2006627	right	0.023724396
2006627	boon	0.023456052
2006627	custom	0.023389587
2006627	837	0.02322707
2006627	876	0.023203205
2006627	ga	0.02279506
2006627	portsmouth	0.02271949
2006627	simpl	0.022518463
2006627	rout	0.02239673
2006627	yike	0.022393158
2006627	shelter	0.022264313
2006627	nois	0.022259954
2006627	counti	0.022216924
2006627	737	0.022180865
2006627	408	0.02212409
2006627	option	0.021938046
2006627	277	0.021852119
2006627	talk	0.021805668
2006627	div	0.02179294
2006627	710	0.021710554
2006627	singular	0.02166377
2006627	apd	0.021633165
2006627	us	0.02144847
2006627	learn	0.021436522
2006627	power	0.02133442
2006627	landlin	0.021332668
2006627	2323	0.021324337
2006627	plow	0.021082655
2006627	advocaci	0.02096391
2006627	playlist	0.020909093
2006627	hotlin	0.020810124
2006627	sewer	0.020760663
2006627	frustrat	0.020730255
2006627	park	0.020631546
2006627	refer	0.020627411
2006627	matter	0.020493511
2006627	allow	0.020486973
2006627	electr	0.020414116
2006627	websit	0.020349458
2006627	multitud	0.020281397
2006627	beat	0.020200044
2006627	express	0.020122472
2006627	1911	0.019919327
2006627	event	0.019785814
2006627	ambul	0.019708958
2006627	put	0.01943137
2006627	booth	0.019297812
2006627	system	0.019169211
2006627	471	0.019166276
2006627	precinct	0.019131277
2006627	unsur	0.019113239
2006627	13th	0.018909203
2006627	detail	0.018799694
2006627	imag	0.018652346
2006627	caught	0.018558295
2006627	find	0.018451061
2006627	across	0.018423382
2006627	trash	0.018329281
2006627	doesn	0.018207222
2006627	888	0.018006472
2006627	varieti	0.017924178
2006627	collect	0.01756732
2006627	divis	0.017375005
2006627	delai	0.017169753
2006627	malfunct	0.017058942
2006627	monik	0.017023273
2006627	1996	0.017010232
2006627	stolen	0.016922917
2006627	pickup	0.016879799
2006627	special	0.01679742
2006627	light	0.016763246
2006627	urgent	0.016315091
2006627	now	0.016290933
2006627	arrai	0.016285991
2006627	train	0.01620563
2006627	wide	0.016177205
2006627	registri	0.016108314
2006627	question	0.01597719
2006627	san	0.015670292
2006627	incept	0.015612431
2006627	familiar	0.015579583
2006627	youth	0.015547998
2006627	icon	0.015391415
2006627	leaf	0.015333213
2006627	refus	0.015284442
2006627	partnership	0.01527196
2006627	altern	0.015242202
2006627	popular	0.015190489
2006627	street	0.015172369
2006627	case	0.01507444
2006627	columbia	0.015073808
2006627	calendar	0.015043103
2006627	inform	0.015005681
2006627	settl	0.014950483
2006627	leader	0.014909403
2006627	wa	0.014840519
2006627	notifi	0.014820304
2006627	water	0.014784077
2006627	offend	0.014757299
2006627	incid	0.014724725
2006627	harvard	0.014675001
2006627	wai	0.014649201
2006627	add	0.014507704
2006627	smell	0.014393405
2006627	00	0.014264862
2006627	clinton	0.01413548
2006627	philadelphia	0.014046471
2006627	scene	0.014040104
2006627	equival	0.014028257
2006627	presenc	0.014004241
2006627	caller	0.013965798
2006627	neighborhood	0.013696893
2006627	fix	0.013608706
2006627	town	0.013360335
2006627	endors	0.013322626
2006627	touch	0.013311889
2006627	hasn	0.013303308
2006627	360	0.013239703
2006627	quickli	0.013164011
2006627	shown	0.013040943
2006627	roll	0.012944485
2006627	aren	0.012910151
2006627	antonio	0.012570218
2006627	place	0.012544911
2006627	forward	0.012543012
2006627	gener	0.012484645
2006627	resolv	0.0123095205
2006627	wealth	0.012207092
2006627	fun	0.012158961
2006627	francisco	0.012082879
2006627	transform	0.01190389
2006627	mobil	0.011902154
2006627	approach	0.011818264
2006627	critic	0.011744978
2006627	similar	0.011658047
2006627	smart	0.0116567295
2006627	transfer	0.01153752
2006627	sidewalk	0.011465527
2006627	take	0.011440613
2006627	previous	0.01132511
2006627	particip	0.011314791
2006627	ensur	0.011262961
2006627	snow	0.011143969
2006627	death	0.011135602
2006627	easili	0.011046876
2006627	opportun	0.010967728
2006627	multi	0.010927343
2006627	texa	0.010880872
2006627	st	0.010743811
2006627	encourag	0.0107046785
2006627	home	0.010408539
2006627	organ	0.01028316
2006627	summer	0.010169795
2006627	directli	0.010129268
2006627	recogn	0.010082216
2006627	90	0.009904349
2006627	obtain	0.009889192
2006627	presid	0.009880041
2006627	bed	0.009792956
2006627	ad	0.009780577
2006627	profession	0.009711398
2006627	just	0.009617877
2006627	live	0.009561193
2006627	juli	0.009400725
2006627	readi	0.009381751
2006627	consid	0.00936503
2006627	solut	0.009339816
2006627	tip	0.009335649
2006627	meter	0.0092968885
2006627	true	0.009170839
2006627	region	0.009169459
2006627	garbag	0.009152261
2006627	job	0.009152216
2006627	word	0.009148879
2006627	basic	0.009065305
2006627	order	0.0090091415
2006627	offic	0.0087999925
2006627	wrong	0.0086753685
2006627	effect	0.00864977
2006627	road	0.0085105
2006627	univers	0.00850464
2006627	point	0.008492588
2006627	employ	0.008313188
2006627	ll	0.008195261
2006627	qualiti	0.008112925
2006627	easi	0.007997737
2006627	reduc	0.007874649
2006627	select	0.0077052675
2006627	york	0.0075789
2006627	situat	0.0075354334
2006627	advanc	0.007519523
2006627	peopl	0.0074968757
2006627	meet	0.007407697
2006627	resourc	0.0073869084
2006627	benefit	0.0073266677
2006627	down	0.007247954
2006627	unit	0.007239494
2006627	email	0.0068966206
2006627	media	0.0068962686
2006627	action	0.0068514543
2006627	repair	0.0068508475
2006627	dead	0.006666825
2006627	real	0.0064887544
2006627	side	0.0063469964
2006627	want	0.00632385
2006627	sai	0.0062891874
2006627	public	0.006014958
2006627	click	0.0059930836
2006627	rule	0.005814304
2006627	countri	0.0056426995
2006627	sure	0.0055217203
2006627	author	0.0054715457
2006627	second	0.0053657778
2006627	next	0.005241062
2006627	abl	0.005189618
2006627	bill	0.005122751
2006627	be	0.005116949
2006627	social	0.005048158
2006627	date	0.00502939
2006627	found	0.004970064
2006627	go	0.004965952
2006627	properti	0.004931613
2006627	busi	0.0049124123
2006627	fire	0.0049121156
2006627	start	0.0048965695
2006627	sourc	0.004875626
2006627	713	0.004619229
2006627	major	0.004488085
2006627	try	0.004465071
2006627	possibl	0.0044439887
2006627	technolog	0.0044377837
2006627	let	0.0042916643
2006627	spread	0.004183492
2006627	well	0.0041218647
2006627	depend	0.003983498
2006627	singl	0.0039631715
2006627	damag	0.0038754083
2006627	data	0.0038113694
2006627	make	0.0035802794
2006627	claim	0.0034887148
2006627	design	0.003473289
2006627	still	0.0034597886
2006627	direct	0.003409057
2006627	support	0.0033717481
2006627	org	0.0031048856
2006627	run	0.0028580294
2006627	tty	0.0025584511
2006627	cell	0.0025253915
2006627	dai	0.0024952334
2006627	t39	0.0024516892
2006627	requir	0.002450848
2006627	visit	0.002372811
2006627	occur	0.0018937143
2006627	remov	0.0018932031
2006627	sign	0.0018848624
2006627	submiss	0.001816504
2006627	t85	0.0017948953
2006627	t82	0.0017863532
2006627	type	0.0015351987
2006627	safeti	0.0015279728
2006627	311a	0.001380005
2006627	free	0.0012017622
2006627	m89	0.001195871
2006627	698a	0.0011818154
2006627	691a	0.0011695559
2006627	198a	0.0011626922
2006627	commun	0.0011363522
2006627	190a	0.0010858141
2006627	m13	0.001070044
2006627	m75	0.0010403824
2006627	312a	0.001023846
2006627	offici	0.00097540615
2006627	811	0.00087733124
2006627	osteolysi	0.00082355377
2006627	specif	0.000745569
2006627	state	0.0006535017
2006627	040	0.00053976366
2006627	005	0.0005285906
2006627	010	0.0005245683
2006627	020	0.00050851726
2006627	lesion	0.00042914914
2006627	arthriti	0.00042889532
2006627	080	0.00041748295
2006627	196	0.00038950253
2006627	05	0.0003442625
2006627	380	0.00032048754
2006627	378	0.00029667825
2006627	376	0.0002956833
2006627	377	0.00029541555
2006627	197	0.00027882835
2006627	propion	0.00027672196
2006627	198	0.0002762676
2006627	375	0.00027412965
2006627	195	0.00026343664
2006627	unintent	0.0002617197
2006627	199	0.00025555262
2006627	959	0.00024353992
2006627	60	0.00023735675
2006627	initi	0.00022197657
2006627	756	0.00021776132
2006627	7th	0.0002049717
2006627	accident	0.00019245122
2006627	438	0.00019002687
2006627	0should	0.00018787826
2006627	840	0.00018373871
2006627	poison	0.0001798031
2006627	contact	0.0001719176
2006627	81should	0.00016987775
2006627	deriv	0.00016446294
2006627	719	0.00016098355
2006627	961	0.00015923433
2006627	81i	0.00015821747
2006627	794	0.00015698883
2006627	plea	0.00014883278
2006627	753	0.0001481775
2006627	194	0.00014387722
2006627	796	0.00014371489
2006627	acid	0.00014100887
2006627	256	0.00014091586
2006627	0i	0.00013989616
2006627	239	0.00013350714
2006627	charact	0.00013283217
2006627	981	0.00012934447
2006627	726	0.00012838277
2006627	369	0.00012636905
2006627	598	0.00012511088
2006627	053	0.00012455811
2006627	831	0.00012360184
2006627	562	0.00012308064
2006627	539	0.00012102847
2006627	370	0.00011755385
2006627	940	0.00011530216
2006627	258	0.0001151855
2006627	034	0.00011367794
2006627	259	0.00011265235
2006627	251	0.00011263821
2006627	348	0.000112435984
2006627	924	0.00010683104
2006627	518	0.000106599604
2006627	723	0.000105893836
2006627	51	0.00010520508
2006627	578	0.00010369647
2006627	930	0.000102142156
2006627	790	0.00010178762
2006627	787	0.000101424754
2006627	inclin	0.000101181045
2006627	780	0.000100376135
2006627	498	9.983956e-05
2006627	724	9.955816e-05
2006627	905	9.900154e-05
2006627	guilti	9.7568394e-05
2006627	105	9.559386e-05
2006627	443	9.504086e-05
2006627	788	9.485103e-05
2006627	21should	9.3136914e-05
2006627	836	9.304138e-05
2006627	338	9.286197e-05
2006627	875	9.226343e-05
2006627	218	9.209822e-05
2006627	285	9.141566e-05
2006627	600	9.086411e-05
2006627	negoti	9.02274e-05
2006627	substitut	8.4257736e-05
2006627	333	8.394471e-05
2006627	453	8.265099e-05
2006627	21i	8.123937e-05
2006627	542	7.9976235e-05
2006627	920	7.865851e-05
2006627	870	7.677875e-05
2006627	599	7.499742e-05
2006627	416	7.3382755e-05
2006627	59	7.1417875e-05
2006627	83	6.9826754e-05
2006627	driver	6.885584e-05
2006627	516	6.837883e-05
2006627	877	6.73852e-05
2006627	11should	6.7005945e-05
2006627	109	6.681538e-05
2006627	478	6.497227e-05
2006627	avoid	6.136538e-05
2006627	29	5.8419893e-05
2006627	891	5.5835633e-05
2006627	998	5.5662993e-05
2006627	879	5.555008e-05
2006627	892	5.53575e-05
2006627	883	5.5260884e-05
2006627	826	5.5256052e-05
2006627	691	5.5040975e-05
2006627	882	5.4981618e-05
2006627	054	5.4498254e-05
2006627	871	5.3660846e-05
2006627	735	5.3255975e-05
2006627	527	5.3072694e-05
2006627	571	5.289747e-05
2006627	325	5.2761072e-05
2006627	783	5.2369865e-05
2006627	427	5.19443e-05
2006627	593	5.1809115e-05
2006627	692	5.1625233e-05
2006627	09	5.130228e-05
2006627	682	5.1178584e-05
2006627	786	5.1033392e-05
2006627	11i	5.0832234e-05
2006627	250	5.08089e-05
2006627	556	5.0672148e-05
2006627	477	5.0462102e-05
2006627	575	5.033205e-05
2006627	847	5.026547e-05
2006627	732	5.0209837e-05
2006627	272	5.0122493e-05
2006627	448	5.0002418e-05
2006627	990	4.995436e-05
2006627	382	4.9195016e-05
2006627	413	4.900632e-05
2006627	389	4.8918282e-05
2006627	465	4.872915e-05
2006627	171	4.859315e-05
2006627	182	4.8497444e-05
2006627	189	4.8477927e-05
2006627	799	4.8194586e-05
2006627	616	4.7806112e-05
2006627	244	4.739471e-05
2006627	70	4.7154364e-05
2006627	525	4.6906607e-05
2006627	336	4.670219e-05
2006627	844	4.654774e-05
2006627	153	4.639876e-05
2006627	174	4.620293e-05
2006627	917	4.6107565e-05
2006627	560	4.5405417e-05
2006627	214	4.3674376e-05
2006627	455	4.3125263e-05
2006627	401	4.3124e-05
2006627	690	4.297971e-05
2006627	117	4.295941e-05
2006627	280	4.2118034e-05
2006627	860	4.2061103e-05
2006627	793	4.2058557e-05
2006627	789	4.1202482e-05
2006627	646	4.0468243e-05
2006627	335	4.0290262e-05
2006627	44	4.0241237e-05
2006627	21	4.0037947e-05
2006627	91	3.6738544e-05
2006627	49	3.5376775e-05
2006627	depart	3.5005534e-05
2006627	44should	3.4807617e-05
2006627	61should	3.4730765e-05
2006627	47	3.4723413e-05
2006627	240	3.4492186e-05
2006627	61i	3.4075325e-05
2006627	241	3.393492e-05
2006627	7should	3.3501186e-05
2006627	01should	3.3354627e-05
2006627	707	3.184544e-05
2006627	728	3.1270512e-05
2006627	1should	3.1259922e-05
2006627	44i	3.0433095e-05
2006627	344	2.9873581e-05
2006627	01i	2.9818078e-05
2006627	496	2.8684579e-05
2006627	receiv	2.8511029e-05
2006627	436	2.807775e-05
2006627	996	2.7992775e-05
2006627	994	2.7970915e-05
2006627	491	2.746281e-05
2006627	742	2.7164933e-05
2006627	607	2.7142605e-05
2006627	648	2.6991138e-05
2006627	515	2.6818308e-05
2006627	795	2.6787207e-05
2006627	751	2.6763195e-05
2006627	490	2.6719812e-05
2006627	317	2.6567144e-05
2006627	814	2.6338583e-05
2006627	715	2.5974872e-05
2006627	331	2.5498057e-05
2006627	747	2.5369982e-05
2006627	659	2.5038378e-05
2006627	295	2.4525452e-05
2006627	palpit	2.4121338e-05
2006627	500	2.3976656e-05
2006627	1i	2.387058e-05
2006627	7i	2.3756984e-05
2006627	440	2.3679173e-05
2006627	275	2.3117364e-05
2006627	919	2.1619779e-05
2006627	61	2.0005738e-05
2006627	94	1.966023e-05
2006627	62	1.9606878e-05
2006627	93	1.959693e-05
2006627	84	1.9585174e-05
2006627	63	1.936565e-05
2006627	89	1.9059207e-05
2006627	71	1.8949993e-05
2006627	03	1.7907701e-05
2006627	22	1.2686064e-05
2006627	287	1.0558311e-05
2006627	590	-2.1042981e-06
2006627	43	-4.0525706e-06
2006627	364	-1.4628663e-05
2006627	2009	-1.5806261e-05
2006627	418	-1.9451913e-05
2006627	270	-2.5305953e-05
2006627	170	-2.739815e-05
2006627	493	-2.7864828e-05
2006627	260	-2.8526785e-05
2006627	156	-3.0966854e-05
2006627	729	-3.101168e-05
2006627	782	-3.133725e-05
2006627	133	-3.6911824e-05
2006627	630	-4.597875e-05
2006627	845	-4.7802507e-05
2006627	564	-4.9039176e-05
2006627	821	-4.949968e-05
2006627	741	-4.963891e-05
2006627	923	-5.0936793e-05
2006627	881	-5.115714e-05
2006627	13	-5.4181408e-05
2006627	727	-6.3132364e-05
2006627	995	-6.365583e-05
2006627	282	-6.5021806e-05
2006627	edit	-6.91503e-05
2006627	end	-7.09842e-05
2006627	400	-7.1215756e-05
2006627	733	-7.623826e-05
2006627	120	-7.728712e-05
2006627	130	-7.925599e-05
2006627	protect	-7.994197e-05
2006627	900	-8.38302e-05
2006627	200	-8.456303e-05
2006627	530	-8.687854e-05
2006627	190	-9.545718e-05
2006627	721	-9.588608e-05
2006627	error	-9.624729e-05
2006627	800	-9.675803e-05
2006627	569	-9.692739e-05
2006627	501	-9.866945e-05
2006627	430	-0.00010449885
2006627	450	-0.00010623849
2006627	166	-0.00010758611
2006627	910	-0.0001092865
2006627	37	-0.00011252572
2006627	298	-0.000114336624
2006627	305	-0.00011602727
2006627	720	-0.000116939635
2006627	944	-0.00012091498
2006627	340	-0.00012341006
2006627	540	-0.00012387113
2006627	254	-0.00012625151
2006627	064	-0.00012819652
2006627	281	-0.00012908105
2006627	user	-0.00013026553
2006627	266	-0.00013103738
2006627	247	-0.00013116418
2006627	810	-0.00013229075
2006627	98	-0.00013237409
2006627	670	-0.00013259855
2006627	268	-0.00013410785
2006627	730	-0.0001349416
2006627	429	-0.00013512875
2006627	57	-0.00013632468
2006627	wait	-0.00013970963
2006627	928	-0.00014163768
2006627	230	-0.00014269877
2006627	620	-0.00014403983
2006627	330	-0.00014737052
2006627	660	-0.00014789318
2006627	unauthor	-0.00015368375
2006627	later	-0.00015684403
2006627	192	-0.00015839604
2006627	050	-0.00016205054
2006627	27th	-0.00016328575
2006627	215	-0.00016479209
2006627	79	-0.00017111351
2006627	092	-0.00017234914
2006627	reimburs	-0.00017272925
2006627	402	-0.00017913526
2006627	307	-0.00018969442
2006627	912	-0.000189817
2006627	consum	-0.00019254371
2006627	896	-0.0001987499
2006627	220	-0.000199939
2006627	hand	-0.00020512848
2006627	regul	-0.00020730069
2006627	lose	-0.00020867262
2006627	turn	-0.00020924877
2006627	perman	-0.00020966142
2006627	zoom	-0.000214886
2006627	multipl	-0.00021638958
2006627	328	-0.00021693791
2006627	342	-0.00021914701
2006627	41	-0.00022008862
2006627	successor	-0.00022362209
2006627	object	-0.00022368363
2006627	temporari	-0.00022784536
2006627	673	-0.00023030926
2006627	3113	-0.00023665505
2006627	passcod	-0.00023673673
2006627	39	-0.00024159813
2006627	redirect	-0.00025558186
2006627	da	-0.000258161
2006627	34	-0.00026179155
2006627	crawler	-0.00027321727
2006627	logist	-0.000275574
2006627	impos	-0.00027677763
2006627	advic	-0.0002772021
2006627	plate	-0.00028434803
2006627	jack	-0.0002860261
2006627	ignor	-0.0002981913
2006627	compliant	-0.0003035407
2006627	guid	-0.00033073485
2006627	s4	-0.0003432907
2006627	1016	-0.00035390633
2006627	tokyo	-0.00035915856
2006627	aa	-0.00036106462
2006627	sydnei	-0.0003694951
2006627	25	-0.00036966693
2006627	np	-0.00037406824
2006627	panda	-0.00037746978
2006627	append	-0.00038104207
2006627	def	-0.00038623772
2006627	medic	-0.00039256003
2006627	mumbai	-0.00041099172
2006627	45	-0.00042082308
2006627	numpi	-0.00043054376
2006627	302	-0.0004328802
2006627	3115	-0.00044502647
2006627	665	-0.00044659455
2006627	tupl	-0.00044796796
2006627	ull	-0.00044797128
2006627	shaun	-0.00045011588
2006627	3161	-0.00045466836
2006627	anim	-0.0004631232
2006627	index	-0.0004719085
2006627	65	-0.00048009068
2006627	doubt	-0.00048310554
2006627	55	-0.00048789827
2006627	colombo	-0.00049307157
2006627	overcom	-0.00051522534
2006627	1445	-0.00052378024
2006627	sunil	-0.000525022
2006627	patient	-0.0005474034
2006627	len	-0.0005557053
2006627	veena	-0.00057408056
2006627	albuquerqu	-0.0006010268
2006627	riti	-0.0006037957
2006627	aadi	-0.000608127
2006627	america	-0.00060895213
2006627	lead	-0.0006303877
2006627	audio	-0.000631391
2006627	earlier	-0.00063637015
2006627	paid	-0.00065271446
2006627	qualifi	-0.00066616107
2006627	column	-0.00068396033
2006627	low	-0.0006867517
2006627	colwidth	-0.0006885982
2006627	comprehens	-0.0006894484
2006627	receipt	-0.00069459295
2006627	shaunak	-0.0006947161
2006627	445	-0.0006953371
2006627	max	-0.0007033178
2006627	delhi	-0.0007167637
2006627	compens	-0.0007221795
2006627	measur	-0.00073722855
2006627	player	-0.0007405816
2006627	indecis	-0.0007441985
2006627	ir	-0.0007587392
2006627	transcript	-0.0007682189
2006627	white	-0.0007726361
2006627	contractor	-0.00079080305
2006627	embed	-0.0007957672
2006627	twenti	-0.00080572686
2006627	recipi	-0.00082385214
2006627	don	-0.0008274196
2006627	complet	-0.0008364131
2006627	research	-0.0008407671
2006627	approv	-0.0008429241
2006627	membran	-0.0008467187
2006627	234	-0.00084811234
2006627	lower	-0.00085220527
2006627	thirti	-0.00087778183
2006627	form	-0.00088979467
2006627	dose	-0.0008929337
2006627	count	-0.00089382863
2006627	trial	-0.0008945529
2006627	finish	-0.0008956754
2006627	skin	-0.00090346875
2006627	anti	-0.0009053305
2006627	total	-0.0009058371
2006627	studi	-0.0009069983
2006627	product	-0.0009125226
2006627	clinic	-0.00091691
2006627	aspect	-0.0009330799
2006627	phase	-0.00093513814
2006627	ep	-0.00093947025
2006627	pd	-0.00094631105
2006627	defer	-0.0009463539
2006627	accept	-0.0009508602
2006627	middl	-0.0009600255
2006627	ratio	-0.0009657983
2006627	process	-0.0009669865
2006627	usag	-0.00097020564
2006627	row	-0.00097050867
2006627	random	-0.0009766807
2006627	ball	-0.000976886
2006627	taxat	-0.0009784654
2006627	short	-0.0009821189
2006627	leagu	-0.0009851044
2006627	enter	-0.000993769
2006627	thirteen	-0.0009946902
2006627	latin	-0.0009994234
2006627	japan	-0.0010001966
2006627	warn	-0.0010091795
2006627	educ	-0.0010119382
2006627	resolut	-0.0010141731
2006627	physic	-0.00102874
2006627	progress	-0.0010316898
2006627	size	-0.0010331742
2006627	feet	-0.0010353187
2006627	334	-0.0010362423
2006627	1988	-0.0010390661
2006627	least	-0.0010393495
2006627	femal	-0.0010414303
2006627	fairli	-0.0010423992
2006627	fda	-0.001045391
2006627	ip	-0.0010470123
2006627	blind	-0.0010571431
2006627	parallel	-0.0010615066
2006627	color	-0.001061818
2006627	revenu	-0.001061915
2006627	account	-0.0010709062
2006627	434	-0.0010750025
2006627	far	-0.0010819213
2006627	612	-0.0010856966
2006627	shoulder	-0.001086098
2006627	abil	-0.0010897102
2006627	child	-0.0010909159
2006627	briefli	-0.0011022433
2006627	734	-0.001106026
2006627	kei	-0.0011080091
2006627	wet	-0.0011094785
2006627	function	-0.0011105816
2006627	534	-0.0011146291
2006627	squar	-0.0011179784
2006627	bomb	-0.0011211567
2006627	deliv	-0.0011213883
2006627	reput	-0.0011259168
2006627	134	-0.0011269008
2006627	hp	-0.0011308343
2006627	634	-0.0011355135
2006627	natur	-0.0011392833
2006627	young	-0.0011398869
2006627	breast	-0.0011537414
2006627	heal	-0.0011579734
2006627	aaron	-0.001158182
2006627	save	-0.0011671368
2006627	repetit	-0.0011681948
2006627	pixel	-0.0011726134
2006627	earthquak	-0.0011736075
2006627	arteri	-0.0011762015
2006627	frequenc	-0.0011818585
2006627	twin	-0.0011835394
2006627	mechan	-0.0011868746
2006627	host	-0.0011892384
2006627	mathemat	-0.0011942798
2006627	2012	-0.0012007958
2006627	legal	-0.0012031081
2006627	treatment	-0.0012041387
2006627	eric	-0.0012126091
2006627	cpu	-0.0012138406
2006627	assess	-0.0012142406
2006627	discographi	-0.0012156814
2006627	inner	-0.0012158094
2006627	world	-0.0012246589
2006627	break	-0.0012247759
2006627	engin	-0.001224935
2006627	intel	-0.0012251867
2006627	oct	-0.0012270269
2006627	oil	-0.0012275052
2006627	stream	-0.0012286797
2006627	structur	-0.001231624
2006627	empoye	-0.001234468
2006627	affect	-0.0012350003
2006627	focus	-0.0012350533
2006627	older	-0.0012351954
2006627	grade	-0.00123974
2006627	88	-0.0012405142
2006627	comfort	-0.0012444976
2006627	regimen	-0.0012453608
2006627	combin	-0.0012475039
2006627	compon	-0.0012488383
2006627	mental	-0.0012490096
2006627	doug	-0.0012500689
2006627	inspir	-0.0012502031
2006627	nose	-0.001251224
2006627	85	-0.0012541962
2006627	cast	-0.0012577332
2006627	bottom	-0.0012582937
2006627	trigger	-0.0012619362
2006627	assign	-0.0012640601
2006627	712	-0.0012655695
2006627	batteri	-0.0012659266
2006627	step	-0.0012703965
2006627	attend	-0.0012739138
2006627	allianc	-0.0012753755
2006627	irregular	-0.0012775969
2006627	watch	-0.0012792796
2006627	skill	-0.0012801437
2006627	travel	-0.0012822272
2006627	carefulli	-0.0012840086
2006627	choos	-0.0012886822
2006627	lcd	-0.0012893886
2006627	sep	-0.0012895365
2006627	412	-0.0012898064
2006627	angl	-0.0012917563
2006627	pretti	-0.0012919228
2006627	modif	-0.0012923778
2006627	peripher	-0.0012953233
2006627	trade	-0.0012958146
2006627	flex	-0.001296181
2006627	establish	-0.001298862
2006627	vocalist	-0.0013016446
2006627	endpoint	-0.0013019138
2006627	grant	-0.0013050543
2006627	primarili	-0.0013077235
2006627	partner	-0.0013111237
2006627	diagon	-0.0013115377
2006627	8th	-0.001313003
2006627	elig	-0.001315289
2006627	12	-0.0013181334
2006627	acquir	-0.0013189355
2006627	duti	-0.0013297775
2006627	fractur	-0.0013359213
2006627	benchmark	-0.0013387534
2006627	pucker	-0.0013440909
2006627	decid	-0.0013467985
2006627	leav	-0.001349531
2006627	load	-0.0013506282
2006627	institut	-0.0013549989
2006627	npr	-0.0013686173
2006627	larger	-0.0013698817
2006627	exce	-0.0013730011
2006627	sexual	-0.0013745055
2006627	reveng	-0.0013819353
2006627	encount	-0.0013862674
2006627	outlook	-0.0013868882
2006627	succe	-0.0013874647
2006627	earli	-0.0013876205
2006627	000	-0.0013927472
2006627	madrid	-0.0013965808
2006627	abdomin	-0.0013974383
2006627	translat	-0.0014013884
2006627	15	-0.0014042435
2006627	head	-0.0014061922
2006627	durabl	-0.0014121727
2006627	motiv	-0.0014122019
2006627	tsunami	-0.0014173096
2006627	leadership	-0.0014180855
2006627	malign	-0.0014270984
2006627	hitler	-0.0014305285
2006627	cocain	-0.0014338742
2006627	math	-0.0014342439
2006627	build	-0.0014366985
2006627	prior	-0.0014386005
2006627	face	-0.0014399593
2006627	2445	-0.0014404923
2006627	46	-0.0014440105
2006627	consult	-0.0014452459
2006627	black	-0.0014459407
2006627	weekli	-0.0014468506
2006627	cyst	-0.0014474143
2006627	surround	-0.0014492279
2006627	expand	-0.0014516751
2006627	room	-0.001454476
2006627	straight	-0.0014558171
2006627	113	-0.0014564923
2006627	registr	-0.0014599955
2006627	victim	-0.0014623029
2006627	appli	-0.0014630726
2006627	366	-0.0014659372
2006627	5445	-0.001469214
2006627	4445	-0.0014700532
2006627	defam	-0.0014710535
2006627	piec	-0.0014744377
2006627	rel	-0.0014754508
2006627	patholog	-0.0014815704
2006627	66	-0.0014820683
2006627	laser	-0.0014825132
2006627	degre	-0.0014827589
2006627	722	-0.0014838118
2006627	pressur	-0.0014871536
2006627	classif	-0.0014968964
2006627	littl	-0.0014972616
2006627	3445	-0.0015007409
2006627	chemistri	-0.0015027032
2006627	hi	-0.001502966
2006627	131	-0.0015040397
2006627	decor	-0.0015050598
2006627	ticket	-0.0015071749
2006627	tablet	-0.0015135315
2006627	jim	-0.0015176767
2006627	deficit	-0.001518892
2006627	supervis	-0.001519426
2006627	emot	-0.0015229756
2006627	satisfi	-0.0015284044
2006627	tank	-0.0015300838
2006627	suppos	-0.0015312465
2006627	768	-0.0015314223
2006627	7445	-0.0015491466
2006627	6445	-0.0015513953
2006627	thrombosi	-0.0015514758
2006627	125	-0.0015537821
2006627	return	-0.0015606652
2006627	86	-0.0015616385
2006627	convict	-0.0015629216
2006627	storag	-0.0015654933
2006627	long	-0.0015683874
2006627	suppli	-0.0015704858
2006627	itun	-0.0015847083
2006627	dar	-0.0015847491
2006627	drain	-0.0015848759
2006627	commonli	-0.0015868316
2006627	duet	-0.0015874958
2006627	partial	-0.0015877385
2006627	neoplasm	-0.0015917697
2006627	economi	-0.0015921906
2006627	valu	-0.0015940381
2006627	exud	-0.001597368
2006627	antihypertens	-0.0015976941
2006627	million	-0.0015979084
2006627	carcinoma	-0.0016068551
2006627	wear	-0.0016078486
2006627	standard	-0.0016094215
2006627	softwar	-0.0016097178
2006627	significantli	-0.0016142414
2006627	epiretin	-0.001617418
2006627	i3	-0.0016212381
2006627	tech	-0.0016234062
2006627	gilead	-0.0016300216
2006627	100	-0.0016322386
2006627	top	-0.0016333752
2006627	dog	-0.00163464
2006627	hold	-0.0016389325
2006627	film	-0.0016407743
2006627	closer	-0.0016415693
2006627	rid	-0.0016417118
2006627	regga	-0.0016456035
2006627	28	-0.001648371
2006627	adventur	-0.0016487294
2006627	food	-0.0016511463
2006627	diagnost	-0.0016516097
2006627	descriptor	-0.001654477
2006627	basal	-0.0016581626
2006627	thrill	-0.0016603029
2006627	outcom	-0.0016631887
2006627	excludes2	-0.0016662867
2006627	rate	-0.0016724819
2006627	enjoi	-0.0016734545
2006627	tune	-0.0016776304
2006627	411	-0.0016800329
2006627	statement	-0.0016816348
2006627	semest	-0.0016824553
2006627	secur	-0.0016851181
2006627	sa	-0.0016858914
2006627	odt	-0.0016859181
2006627	door	-0.0016888415
2006627	method	-0.0016893634
2006627	observ	-0.0016898555
2006627	illumin	-0.0016913934
2006627	margin	-0.0016931634
2006627	knowledg	-0.0016955379
2006627	quadrant	-0.0016956602
2006627	calcul	-0.00169981
2006627	interest	-0.001700214
2006627	foot	-0.0017015348
2006627	tabl	-0.0017019132
2006627	annoi	-0.0017032531
2006627	hurt	-0.001713544
2006627	alien	-0.0017135463
2006627	justin	-0.001713654
2006627	422	-0.0017142709
2006627	instabl	-0.001714715
2006627	wit	-0.0017166735
2006627	manual	-0.0017243455
2006627	daili	-0.0017279048
2006627	attain	-0.0017307036
2006627	robust	-0.0017307887
2006627	entri	-0.0017318266
2006627	team	-0.0017334102
2006627	placebo	-0.0017414293
2006627	freedom	-0.0017447186
2006627	522	-0.0017492139
2006627	prerequisit	-0.0017510311
2006627	preschool	-0.0017530686
2006627	lamict	-0.0017533973
2006627	watson	-0.0017547569
2006627	zodiac	-0.0017568902
2006627	622	-0.0017573053
2006627	hidden	-0.0017575561
2006627	control	-0.0017622311
2006627	quantum	-0.0017626242
2006627	x360	-0.0017644615
2006627	bold	-0.0017675521
2006627	249	-0.001768836
2006627	cultur	-0.0017695923
2006627	611	-0.0017701106
2006627	conclud	-0.0017703685
2006627	sum	-0.0017706923
2006627	supremacist	-0.0017707298
2006627	pick	-0.0017733393
2006627	extens	-0.0017734946
2006627	built	-0.001779638
2006627	intend	-0.0017797014
2006627	kinet	-0.0017802921
2006627	embrac	-0.0017809768
2006627	pop	-0.001784923
2006627	school	-0.0017860682
2006627	figur	-0.0017902327
2006627	teach	-0.001792728
2006627	decis	-0.0017948297
2006627	permut	-0.0017950404
2006627	thumb	-0.0017952037
2006627	longer	-0.0017955025
2006627	faith	-0.0017983273
2006627	due	-0.0017985337
2006627	invest	-0.0017993022
2006627	failur	-0.0017994265
2006627	align	-0.0017999308
2006627	marijuana	-0.001801637
2006627	gal	-0.0018022462
2006627	amazon	-0.0018024845
2006627	ly	-0.0018032914
2006627	ear	-0.0018038555
2006627	hall	-0.0018044334
2006627	intak	-0.0018107792
2006627	gaussian	-0.0018169209
2006627	normal	-0.0018178897
2006627	accessori	-0.0018203299
2006627	enlighten	-0.0018234709
2006627	goal	-0.0018282777
2006627	statut	-0.0018289033
2006627	mg	-0.0018312148
2006627	284	-0.0018334801
2006627	hardwar	-0.0018377685
2006627	pregnanc	-0.0018406241
2006627	independ	-0.0018442525
2006627	misdemeanor	-0.0018452052
2006627	enlist	-0.0018458809
2006627	lag	-0.001846257
2006627	truck	-0.0018468456
2006627	peac	-0.0018475302
2006627	occup	-0.0018499502
2006627	orang	-0.0018525501
2006627	displaystyl	-0.0018537655
2006627	316	-0.0018627421
2006627	datafram	-0.001865139
2006627	signific	-0.001867467
2006627	foreign	-0.0018676782
2006627	convert	-0.0018680869
2006627	ambit	-0.001868555
2006627	burden	-0.0018754941
2006627	pursuant	-0.0018833678
2006627	bottl	-0.0018834637
2006627	acronym	-0.0018851331
2006627	highchart	-0.0018870882
2006627	manag	-0.001890592
2006627	seminar	-0.0018913589
2006627	neg	-0.001891827
2006627	meant	-0.0018919484
2006627	maniac	-0.0018929553
2006627	current	-0.0018969595
2006627	carri	-0.0018978338
2006627	ec	-0.0019047381
2006627	bad	-0.0019059139
2006627	modern	-0.0019077682
2006627	sold	-0.001907813
2006627	heavi	-0.0019111909
2006627	172	-0.0019120272
2006627	508	-0.0019139233
2006627	subdivis	-0.0019225737
2006627	defin	-0.001926751
2006627	numer	-0.0019270352
2006627	licens	-0.0019306671
2006627	manifest	-0.0019357089
2006627	deciph	-0.0019364019
2006627	slang	-0.0019373272
2006627	hoku	-0.00194114
2006627	pure	-0.0019431973
2006627	cellul	-0.0019515998
2006627	horizon	-0.0019524754
2006627	mellitu	-0.0019530173
2006627	horsepow	-0.001957797
2006627	14c	-0.0019612422
2006627	enthusiast	-0.0019646378
2006627	heil	-0.001965294
2006627	am	-0.0019675961
2006627	prayer	-0.0019693652
2006627	bear	-0.0019705573
2006627	pass	-0.0019722537
2006627	influenc	-0.0019731733
2006627	27	-0.0019744649
2006627	screen	-0.001978287
2006627	thermodynam	-0.001978495
2006627	master	-0.0019811674
2006627	cours	-0.0019853704
2006627	64th	-0.0019869113
2006627	bond	-0.0019897057
2006627	implement	-0.0019972145
2006627	lenovo	-0.001998566
2006627	chao	-0.0019990355
2006627	1997	-0.0019991545
2006627	style	-0.0020019943
2006627	graphic	-0.002002244
2006627	children	-0.0020033072
2006627	bosch	-0.0020036327
2006627	onc	-0.0020088784
2006627	breez	-0.002009163
2006627	choic	-0.0020120833
2006627	guest	-0.002018449
2006627	unpleas	-0.002020819
2006627	youtub	-0.0020224724
2006627	124	-0.0020228585
2006627	clariti	-0.0020254084
2006627	zeman	-0.002029162
2006627	essai	-0.0020306944
2006627	forc	-0.002030702
2006627	ag	-0.0020375901
2006627	aquariu	-0.002044659
2006627	75	-0.0020448703
2006627	childhood	-0.0020471127
2006627	western	-0.0020486712
2006627	17	-0.002048787
2006627	xi	-0.0020503912
2006627	365	-0.002050511
2006627	car	-0.0020527896
2006627	op	-0.0020536883
2006627	exclus	-0.002058869
2006627	3n	-0.002059359
2006627	june	-0.0020598571
2006627	netflix	-0.0020620977
2006627	52	-0.0020629775
2006627	eventu	-0.0020757196
2006627	38	-0.002076847
2006627	classroom	-0.0020838487
2006627	read	-0.0020909752
2006627	voic	-0.0020929964
2006627	4n	-0.0020952162
2006627	fit	-0.0020975445
2006627	excess	-0.002102408
2006627	stuck	-0.002106452
2006627	default	-0.0021064868
2006627	pill	-0.0021094298
2006627	radio	-0.002110129
2006627	usc	-0.0021180776
2006627	flip	-0.0021189633
2006627	abus	-0.0021202017
2006627	reson	-0.002120541
2006627	drg	-0.0021222562
2006627	chipset	-0.0021245952
2006627	shirt	-0.0021269645
2006627	81	-0.002127476
2006627	hip	-0.0021278185
2006627	felt	-0.0021433707
2006627	set	-0.0021444818
2006627	port	-0.0021469202
2006627	navig	-0.0021474687
2006627	hemophilia	-0.002149538
2006627	notari	-0.002152424
2006627	individu	-0.0021574816
2006627	ban	-0.002158095
2006627	eisenstein	-0.0021600742
2006627	primari	-0.00216072
2006627	stuff	-0.002161119
2006627	analog	-0.0021680836
2006627	futur	-0.002173167
2006627	notabl	-0.002174332
2006627	prime	-0.0021781672
2006627	introduct	-0.0021815689
2006627	recov	-0.002182634
2006627	pornographi	-0.0021845193
2006627	loneli	-0.0021850236
2006627	fcc	-0.002188223
2006627	phy	-0.0021925892
2006627	feed	-0.0021940358
2006627	reveal	-0.002197903
2006627	practicum	-0.0021996466
2006627	live311	-0.0022010007
2006627	group	-0.002202883
2006627	choroid	-0.0022036617
2006627	secret	-0.0022077658
2006627	isn	-0.0022123295
2006627	preclud	-0.0022194616
2006627	mcc	-0.0022251315
2006627	fee	-0.0022288742
2006627	appl	-0.0022307045
2006627	interfac	-0.0022310414
2006627	293	-0.002231555
2006627	tree	-0.0022356976
2006627	elementari	-0.0022372555
2006627	offens	-0.0022375097
2006627	243	-0.0022385714
2006627	bell	-0.0022387821
2006627	2008	-0.0022397267
2006627	siwnbfrxhyt	-0.0022399893
2006627	gmzvsluewn5	-0.0022399893
2006627	south	-0.0022419097
2006627	wors	-0.0022451286
2006627	endeavor	-0.002247523
2006627	except	-0.0022490905
2006627	determin	-0.0022543564
2006627	bite	-0.0022664352
2006627	serv	-0.0022711332
2006627	unsp	-0.0022720485
2006627	devic	-0.0022745584
2006627	252	-0.002277291
2006627	twice	-0.0022823783
2006627	success	-0.0022861557
2006627	header	-0.0022953702
2006627	711	-0.0022967102
2006627	scroll	-0.002302748
2006627	294	-0.0023064904
2006627	fieldwork	-0.0023102097
2006627	pharmaceut	-0.0023106996
2006627	depict	-0.0023122341
2006627	rumor	-0.002314182
2006627	molest	-0.0023150027
2006627	sick	-0.0023177837
2006627	kind	-0.0023235977
2006627	enthusiasm	-0.0023284354
2006627	land	-0.0023338003
2006627	cash	-0.002340631
2006627	74	-0.0023412104
2006627	hesit	-0.0023482142
2006627	faber	-0.0023484095
2006627	chic	-0.0023485671
2006627	neurot	-0.002354297
2006627	unusu	-0.0023547013
2006627	monei	-0.002355235
2006627	usabl	-0.002357519
2006627	launder	-0.0023580692
2006627	regard	-0.0023585488
2006627	stood	-0.0023589202
2006627	easier	-0.0023688641
2006627	stock	-0.0023697868
2006627	dec	-0.0023714302
2006627	washington	-0.0023786733
2006627	injur	-0.0023802621
2006627	bursal	-0.002381321
2006627	involv	-0.0023851835
2006627	effort	-0.0023881758
2006627	caffein	-0.0023911255
2006627	moment	-0.002393184
2006627	punch	-0.0023938275
2006627	87	-0.0023946727
2006627	lighter	-0.002395814
2006627	notat	-0.0023964583
2006627	wood	-0.0024016274
2006627	danger	-0.0024020008
2006627	speed	-0.002411083
2006627	emoticon	-0.002413828
2006627	dual	-0.0024143641
2006627	stitcher	-0.0024146254
2006627	christma	-0.002417706
2006627	173	-0.002417766
2006627	hop	-0.002418541
2006627	knock	-0.002420161
2006627	secretari	-0.0024234222
2006627	memori	-0.0024241863
2006627	fuel	-0.002427441
2006627	surrog	-0.0024287559
2006627	archiv	-0.0024298641
2006627	cur	-0.0024317082
2006627	80	-0.002431812
2006627	root	-0.0024349708
2006627	stand	-0.002436757
2006627	sundai	-0.002438502
2006627	2007	-0.0024527905
2006627	409a	-0.002454258
2006627	kr	-0.0024545016
2006627	v38	-0.0024561803
2006627	291	-0.002457096
2006627	379	-0.0024616397
2006627	neat	-0.002465119
2006627	healthcar	-0.0024661114
2006627	illinoi	-0.002470552
2006627	celesti	-0.0024711837
2006627	premed	-0.0024712395
2006627	residenti	-0.0024729026
2006627	symptom	-0.0024782897
2006627	9akeije0qsz	-0.0024800277
2006627	dj7qfbgdjtb	-0.0024800277
2006627	red	-0.0024800438
2006627	cross	-0.0024808845
2006627	left	-0.0024814904
2006627	frequent	-0.0024973992
2006627	bring	-0.0024978851
2006627	scb	-0.0024998235
2006627	startup	-0.0025037534
2006627	ye	-0.0025109416
2006627	imprint	-0.0025113705
2006627	iv	-0.0025124482
2006627	cart	-0.0025166143
2006627	saturdai	-0.0025239156
2006627	intern	-0.0025310104
2006627	minimalist	-0.0025331017
2006627	mainlin	-0.0025411602
2006627	gang	-0.0025413674
2006627	al	-0.002544618
2006627	florida	-0.0025505638
2006627	neighbor	-0.0025513535
2006627	session	-0.0025580078
2006627	workhors	-0.0025603164
2006627	liquor	-0.0025694503
2006627	041	-0.002578095
2006627	api	-0.00258089
2006627	campaign	-0.0025850686
2006627	discipl	-0.0025925224
2006627	bank	-0.002594414
2006627	950	-0.0025985776
2006627	perfect	-0.002601108
2006627	643	-0.0026028897
2006627	subd	-0.002611128
2006627	effici	-0.00261462
2006627	succin	-0.0026168232
2006627	31	-0.002617693
2006627	3k	-0.0026189792
2006627	equal	-0.0026192022
2006627	wast	-0.002624411
2006627	pai	-0.0026254351
2006627	parti	-0.0026335092
2006627	analysi	-0.0026335462
2006627	android	-0.0026339877
2006627	credit	-0.0026397204
2006627	disc	-0.0026401493
2006627	referenc	-0.0026410446
2006627	brother	-0.0026464604
2006627	hydrochlorid	-0.0026479424
2006627	1337	-0.0026508507
2006627	arial	-0.0026573401
2006627	promis	-0.0026581632
2006627	rang	-0.0026627032
2006627	broad	-0.002663562
2006627	theori	-0.0026636356
2006627	112	-0.0026659518
2006627	neglect	-0.0026660925
2006627	digit	-0.0026679034
2006627	feloni	-0.0026682944
2006627	recent	-0.0026715084
2006627	island	-0.0026717014
2006627	southern	-0.0026718746
2006627	tour	-0.0026721181
2006627	111	-0.0026733715
2006627	reenlist	-0.0026903918
2006627	separ	-0.002690769
2006627	rap	-0.0026958915
2006627	copi	-0.0026965223
2006627	expos	-0.0027094167
2006627	405	-0.0027098071
2006627	flick	-0.002711013
2006627	machin	-0.0027177057
2006627	alert	-0.0027258308
2006627	treasuri	-0.0027261742
2006627	ig	-0.0027305998
2006627	usa	-0.0027323237
2006627	arm	-0.0027364427
2006627	lint	-0.0027440153
2006627	valuat	-0.0027456726
2006627	weight	-0.0027572874
2006627	1331	-0.0027586806
2006627	common	-0.002759938
2006627	darusentan	-0.0027612632
2006627	accur	-0.0027659268
2006627	malt	-0.0027662807
2006627	ska	-0.0027663277
2006627	associ	-0.0027666688
2006627	respond	-0.0027743997
2006627	carolina	-0.0027760682
2006627	januari	-0.0027764672
2006627	en	-0.0027816629
2006627	execut	-0.002784238
2006627	amplifi	-0.0027887581
2006627	unassign	-0.002797587
2006627	gift	-0.0028043485
2006627	retain	-0.0028090973
2006627	virtu	-0.0028137763
2006627	project	-0.0028142245
2006627	290	-0.0028142661
2006627	src	-0.0028145069
2006627	pipe	-0.0028193588
2006627	seattl	-0.0028319745
2006627	agil	-0.0028374642
2006627	html	-0.0028442629
2006627	maryland	-0.0028497146
2006627	robberi	-0.0028500992
2006627	target	-0.002850842
2006627	2013	-0.002850919
2006627	cheap	-0.0028533689
2006627	haven	-0.0028606933
2006627	keyboard	-0.0028609284
2006627	happen	-0.002862629
2006627	concret	-0.0028667613
2006627	sens	-0.0028675327
2006627	gass	-0.0028735471
2006627	hear	-0.0028919857
2006627	write	-0.0028924895
2006627	dailym	-0.0028927717
2006627	thanksgiv	-0.002894326
2006627	georgia	-0.0028961336
2006627	sponsor	-0.0028996589
2006627	lacer	-0.0029042105
2006627	finest	-0.002911352
2006627	nonpsychot	-0.0029163263
2006627	staff	-0.0029173403
2006627	charg	-0.0029234397
2006627	honor	-0.0029235203
2006627	16	-0.002924312
2006627	height	-0.0029254816
2006627	chem	-0.0029284635
2006627	empdfobj	-0.0029346652
2006627	histori	-0.0029352868
2006627	inch	-0.002937838
2006627	disabl	-0.002939305
2006627	20code	-0.0029473247
2006627	mix	-0.0029591739
2006627	vasodil	-0.0029622838
2006627	gangster	-0.0029635744
2006627	biblic	-0.0029663865
2006627	nonspecif	-0.0029704466
2006627	carrier	-0.002971836
2006627	clean	-0.0029794325
2006627	ahead	-0.0029851373
2006627	essenti	-0.002992541
2006627	581	-0.0029973264
2006627	kick	-0.0029974768
2006627	legaci	-0.0029991148
2006627	ss	-0.0029992787
2006627	demo	-0.0030044236
2006627	doi	-0.0030063652
2006627	584	-0.0030081293
2006627	18	-0.0030131023
2006627	respect	-0.0030166437
2006627	50	-0.0030184076
2006627	hussi	-0.0030219492
2006627	beer	-0.003028193
2006627	martin	-0.0030288273
2006627	time	-0.003032138
2006627	circl	-0.0030337234
2006627	mail	-0.0030382196
2006627	866	-0.0030441512
2006627	bodi	-0.0030496067
2006627	sell	-0.0030497874
2006627	match	-0.003051653
2006627	stick	-0.0030523075
2006627	februari	-0.0030539709
2006627	goe	-0.0030555127
2006627	went	-0.003060614
2006627	67	-0.0030615607
2006627	emb	-0.003074932
2006627	safe	-0.003088733
2006627	pronounc	-0.0030956895
2006627	bin	-0.0031002518
2006627	log	-0.003104954
2006627	gradual	-0.0031066039
2006627	i69	-0.0031170265
2006627	m25	-0.0031172158
2006627	unfortun	-0.0031221942
2006627	singer	-0.00312924
2006627	nanpa	-0.0031308434
2006627	12px	-0.0031309354
2006627	backlight	-0.0031314448
2006627	treat	-0.0031335105
2006627	3px	-0.0031418807
2006627	angioid	-0.0031469655
2006627	belief	-0.003147923
2006627	z87	-0.003154039
2006627	rabi	-0.0031605344
2006627	militari	-0.0031679114
2006627	feel	-0.0031707822
2006627	guidelin	-0.0031726263
2006627	infarct	-0.0031736554
2006627	leaden	-0.0031771506
2006627	c50	-0.0031806268
2006627	safer	-0.003183064
2006627	362	-0.003188877
2006627	enjoy	-0.0031978094
2006627	weed	-0.0032009832
2006627	care	-0.00320466
2006627	ounc	-0.0032073122
2006627	12th	-0.0032080698
2006627	illeg	-0.0032101325
2006627	review	-0.0032175642
2006627	framebord	-0.003220609
2006627	pool	-0.00322166
2006627	54	-0.0032223635
2006627	platform	-0.003224729
2006627	east	-0.0032255235
2006627	1990	-0.00322721
2006627	aid	-0.0032276006
2006627	anniversari	-0.0032302362
2006627	arrang	-0.0032392025
2006627	fictiti	-0.0032393127
2006627	synonym	-0.003252998
2006627	is911	-0.0032571508
2006627	attempt	-0.0032700645
2006627	329	-0.0032704007
2006627	hang	-0.0032716033
2006627	fellow	-0.0032811603
2006627	experi	-0.0032831766
2006627	approxim	-0.0032849598
2006627	surpris	-0.0032889175
2006627	consolid	-0.003296406
2006627	cellular	-0.0032999744
2006627	dalla	-0.003304544
2006627	west	-0.003304745
2006627	peix	-0.0033081882
2006627	122	-0.0033099935
2006627	c44	-0.0033108909
2006627	wall	-0.0033130124
2006627	westsid	-0.0033138508
2006627	speech	-0.0033167396
2006627	metro	-0.003319975
2006627	hopefulli	-0.0033364599
2006627	40	-0.003338267
2006627	wander	-0.0033392096
2006627	m71	-0.0033404902
2006627	nation	-0.0033409887
2006627	414	-0.0033411006
2006627	eridan	-0.0033475487
2006627	enabl	-0.0033487114
2006627	pocket	-0.0033535617
2006627	addit	-0.003361552
2006627	width	-0.0033637497
2006627	smallest	-0.0033665316
2006627	feferi	-0.0033895534
2006627	creator	-0.0033900994
2006627	reason	-0.0033966992
2006627	killer	-0.0034034569
2006627	joi	-0.003408069
2006627	expect	-0.0034090409
2006627	m65	-0.0034150404
2006627	import	-0.0034164991
2006627	000th	-0.0034223548
2006627	board	-0.0034286263
2006627	hypertens	-0.0034288282
2006627	folk	-0.0034304478
2006627	enhanc	-0.0034321435
2006627	dsm	-0.0034334015
2006627	1300	-0.0034356073
2006627	14	-0.0034374164
2006627	blessedli	-0.003437603
2006627	minu	-0.0034509609
2006627	formspr	-0.0034569148
2006627	conveni	-0.003457482
2006627	blank	-0.0034577388
2006627	aung	-0.0034595174
2006627	belong	-0.003460097
2006627	imperi	-0.0034700495
2006627	shorthand	-0.0034705487
2006627	blood	-0.0034763745
2006627	store	-0.0034775578
2006627	kid	-0.0034796472
2006627	reward	-0.0034811434
2006627	20violat	-0.0034826475
2006627	result	-0.0034862596
2006627	app	-0.0034926776
2006627	300	-0.0034971456
2006627	book	-0.0035004239
2006627	download	-0.003502998
2006627	capit	-0.003505626
2006627	high	-0.0035118822
2006627	6823	-0.003520632
2006627	scale	-0.0035217598
2006627	highest	-0.0035253067
2006627	edema	-0.0035316735
2006627	585	-0.0035346418
2006627	l03	-0.0035482268
2006627	locreq	-0.0035496363
2006627	locform	-0.0035496363
2006627	invsrdesc	-0.0035496363
2006627	invsrtyp	-0.0035496363
2006627	35	-0.0035508086
2006627	previou	-0.0035571917
2006627	gave	-0.0035735099
2006627	caus	-0.0035809577
2006627	href	-0.0035814312
2006627	strictli	-0.0035820238
2006627	eleven	-0.0035846424
2006627	tough	-0.0035873726
2006627	straw	-0.0035874208
2006627	wringer	-0.0035874262
2006627	talent	-0.0035884322
2006627	move	-0.0035901335
2006627	studio	-0.0035906855
2006627	campu	-0.0036085353
2006627	integ	-0.003614611
2006627	culmin	-0.0036188762
2006627	geometri	-0.0036250062
2006627	smoother	-0.0036269403
2006627	773	-0.003636923
2006627	fan	-0.0036397183
2006627	hd	-0.003640101
2006627	student	-0.0036403788
2006627	circumst	-0.0036459502
2006627	boyz	-0.0036507058
2006627	stnumreqd	-0.003651338
2006627	createsrquery2	-0.003651338
2006627	amber	-0.003651491
2006627	rugged	-0.0036638377
2006627	complic	-0.00366503
2006627	suitabl	-0.0036692335
2006627	began	-0.0036713046
2006627	d68	-0.0036731036
2006627	site	-0.0036744657
2006627	cerebr	-0.0036778685
2006627	featur	-0.003678163
2006627	contain	-0.003697343
2006627	groundwork	-0.0036986836
2006627	befal	-0.0037020878
2006627	beach	-0.0037079013
2006627	lightweight	-0.0037086278
2006627	north	-0.003716388
2006627	296	-0.0037183843
2006627	thursdai	-0.0037352194
2006627	asphalt	-0.0037397423
2006627	2004	-0.0037524435
2006627	958	-0.003754241
2006627	4037	-0.0037546018
2006627	compil	-0.0037573676
2006627	2	-0.0037574512
2006627	version	-0.003757459
2006627	roadwai	-0.003758478
2006627	exist	-0.003766617
2006627	signifi	-0.0037670594
2006627	675	-0.0037768485
2006627	plan	-0.0037845422
2006627	dedic	-0.0037857275
2006627	arrest	-0.0037897564
2006627	tax	-0.0038013614
2006627	offer	-0.0038024536
2006627	s91	-0.0038047144
2006627	http	-0.0038143382
2006627	stai	-0.003818656
2006627	octob	-0.0038296245
2006627	mover	-0.0038357712
2006627	619	-0.0038432034
2006627	compani	-0.0038442765
2006627	cubicl	-0.0038551965
2006627	310	-0.0038623149
2006627	font	-0.0038629677
2006627	increas	-0.0038666464
2006627	2010	-0.0038709717
2006627	cambridg	-0.0038777518
2006627	i63	-0.0038816154
2006627	20	-0.0038826275
2006627	304	-0.003887081
2006627	2nd	-0.0038906578
2006627	septemb	-0.0038946692
2006627	theft	-0.0038968606
2006627	descript	-0.003906493
2006627	full	-0.003915182
2006627	hurrican	-0.0039356635
2006627	romant	-0.00393598
2006627	known	-0.003937081
2006627	improv	-0.0039425534
2006627	simpli	-0.0039489684
2006627	replac	-0.003955331
2006627	nascar	-0.0039726626
2006627	oakland	-0.0039768675
2006627	last	-0.003985181
2006627	3xi	-0.0039914944
2006627	mp2	-0.0039928732
2006627	rj45	-0.00399496
2006627	unreleas	-0.003997037
2006627	finder	-0.004005885
2006627	basket	-0.0040097134
2006627	658	-0.0040111546
2006627	note	-0.004012581
2006627	vivek	-0.0040157083
2006627	updat	-0.0040211393
2006627	fill	-0.0040241126
2006627	dept	-0.004025925
2006627	burton	-0.004026404
2006627	doreen	-0.0040292693
2006627	crit	-0.0040315352
2006627	1211	-0.004032341
2006627	354	-0.004032363
2006627	workload	-0.004049264
2006627	cystoid	-0.0040679816
2006627	made	-0.004079565
2006627	ey	-0.0040798164
2006627	avenu	-0.0040900502
2006627	lwin	-0.004101752
2006627	virginia	-0.0041141193
2006627	greatli	-0.0041149985
2006627	act	-0.0041305455
2006627	484	-0.0041385433
2006627	px	-0.0041409205
2006627	5700	-0.004150136
2006627	week	-0.004150459
2006627	ndc	-0.0041525294
2006627	everydai	-0.0041634226
2006627	grain	-0.004187778
2006627	clara	-0.004190555
2006627	accompani	-0.0042046094
2006627	commonwealth	-0.00420515
2006627	951	-0.0042086397
2006627	231	-0.004224575
2006627	afford	-0.0042293905
2006627	3rd	-0.004245408
2006627	develop	-0.004250609
2006627	1994	-0.004256747
2006627	531	-0.0042579826
2006627	adequ	-0.00426111
2006627	correct	-0.0042671068
2006627	309	-0.0042674434
2006627	crush	-0.00427133
2006627	315	-0.004277995
2006627	mosaic	-0.004284917
2006627	fe	-0.0042854045
2006627	california	-0.004294998
2006627	chart	-0.0042974176
2006627	3q3f	-0.0043058074
2006627	penal	-0.004306451
2006627	famotidin	-0.004310134
2006627	retinopathi	-0.004312293
2006627	dream	-0.004323504
2006627	vr	-0.0043306807
2006627	idea	-0.0043310975
2006627	solid	-0.0043363315
2006627	ms	-0.004336958
2006627	276	-0.00434293
2006627	attribut	-0.004352639
2006627	final	-0.0043602213
2006627	perform	-0.0043645506
2006627	outreach	-0.0043683075
2006627	pstn	-0.00437141
2006627	downtown	-0.0043783756
2006627	pantoprazol	-0.0043826504
2006627	2011	-0.0043866565
2006627	feder	-0.00439213
2006627	diamet	-0.004392224
2006627	dip	-0.0043940907
2006627	deaf	-0.004395093
2006627	quadrat	-0.004395747
2006627	952	-0.0043960204
2006627	doubl	-0.0043962384
2006627	confid	-0.0043998007
2006627	bit	-0.0044173715
2006627	301	-0.0044184877
2006627	parish	-0.004428115
2006627	space	-0.00443746
2006627	33	-0.004438319
2006627	drummer	-0.004440473
2006627	cc	-0.0044524185
2006627	alic	-0.0044549145
2006627	101	-0.0044576772
2006627	162	-0.004465023
2006627	streak	-0.0044682603
2006627	hard	-0.0044725393
2006627	drug	-0.004473588
2006627	period	-0.004485182
2006627	honolulu	-0.0044979104
2006627	larg	-0.0045077093
2006627	raini	-0.004526603
2006627	407	-0.0045315465
2006627	announc	-0.0045456826
2006627	desvenlafaxin	-0.0045530843
2006627	dakota	-0.004555271
2006627	servicerequest	-0.004555418
2006627	toll	-0.004560689
2006627	391	-0.0045743273
2006627	mediatek	-0.0045793205
2006627	overflow	-0.004579322
2006627	agent	-0.0045796293
2006627	applic	-0.004580983
2006627	perdido	-0.0045811203
2006627	acronymsandslang	-0.004583822
2006627	backfil	-0.0045918943
2006627	brew	-0.0045964387
2006627	relationship	-0.004596736
2006627	ifram	-0.0046045883
2006627	purpos	-0.0046100356
2006627	resort	-0.0046151862
2006627	third	-0.0046231467
2006627	great	-0.0046310257
2006627	unhappi	-0.0046342383
2006627	voip	-0.0046357494
2006627	map	-0.0046379142
2006627	eagan	-0.0046386835
2006627	mission	-0.0046399054
2006627	maintain	-0.00464598
2006627	commiss	-0.0046475073
2006627	tell	-0.0046528024
2006627	reassur	-0.0046763644
2006627	unsaf	-0.004676884
2006627	necessarili	-0.004679398
2006627	3380	-0.0046840385
2006627	621	-0.004686414
2006627	em	-0.0046940246
2006627	look	-0.0046946974
2006627	class	-0.004699248
2006627	207	-0.0047026253
2006627	311historicalpost	-0.0047080857
2006627	nfxy	-0.0047080857
2006627	cocadmin	-0.0047080857
2006627	v6vf	-0.0047080857
2006627	includ	-0.0047119875
2006627	disturb	-0.0047133756
2006627	372	-0.0047205146
2006627	first	-0.004722802
2006627	349	-0.0047243712
2006627	exelan	-0.004739626
2006627	gigabit	-0.0047405544
2006627	aggreg	-0.004746829
2006627	oahu	-0.0047529815
2006627	0211	-0.0047643394
2006627	201	-0.004767654
2006627	chose	-0.004782083
2006627	creativ	-0.004783293
2006627	government	-0.0047901883
2006627	caviti	-0.0047962256
2006627	chois	-0.004819429
2006627	jeb	-0.0048284307
2006627	1700	-0.0048322915
2006627	647	-0.0048338207
2006627	639	-0.004837711
2006627	threat	-0.0048523126
2006627	spam	-0.0048576025
2006627	406	-0.004859874
2006627	hydralazin	-0.004875033
2006627	fall	-0.004881278
2006627	arnold	-0.004887625
2006627	39in	-0.0049012424
2006627	phosphat	-0.0049114935
2006627	prevent	-0.0049117827
2006627	spartan	-0.004916306
2006627	mile	-0.004918423
2006627	262	-0.004922511
2006627	section	-0.0049268836
2006627	merger	-0.0049359263
2006627	5990	-0.0049390118
2006627	225	-0.0049502114
2006627	938	-0.004950287
2006627	signal	-0.0049504437
2006627	617	-0.004952018
2006627	na4q	-0.0049530305
2006627	9ksk	-0.0049530305
2006627	srt	-0.0049552512
2006627	comput	-0.0049583362
2006627	portland	-0.0049795746
2006627	numerolog	-0.004989616
2006627	grassroot	-0.0049924124
2006627	2015	-0.0049942476
2006627	keep	-0.0049973917
2006627	core	-0.005011001
2006627	999	-0.005014741
2006627	fulfil	-0.0050170203
2006627	health	-0.0050186287
2006627	haul	-0.0050240555
2006627	energi	-0.005027651
2006627	932	-0.005033931
2006627	278	-0.005049909
2006627	678	-0.00506473
2006627	6	-0.005070239
2006627	merced	-0.005072652
2006627	novemb	-0.005076093
2006627	388	-0.005082355
2006627	higher	-0.0050841477
2006627	9000	-0.005093129
2006627	meb	-0.0050959354
2006627	tim	-0.005104538
2006627	music	-0.005121421
2006627	936	-0.0051280917
2006627	awar	-0.0051435423
2006627	ajcc2008	-0.005180857
2006627	ideal	-0.0051875175
2006627	give	-0.0051880954
2006627	grand	-0.0051933234
2006627	definit	-0.005194175
2006627	famili	-0.0052171634
2006627	chassi	-0.005224248
2006627	760	-0.005237377
2006627	financi	-0.005245957
2006627	me59	-0.00524632
2006627	5fac	-0.00524632
2006627	tenant	-0.005248631
2006627	5000	-0.0052534845
2006627	3300	-0.0052623716
2006627	greater	-0.0052700113
2006627	hous	-0.0052744676
2006627	benz	-0.005286382
2006627	638	-0.0052954396
2006627	prepar	-0.0052970047
2006627	com	-0.0052999887
2006627	446	-0.0053236187
2006627	chat	-0.005344997
2006627	623	-0.0053483606
2006627	consist	-0.005387491
2006627	begin	-0.0053896387
2006627	kundra	-0.0054025166
2006627	apprehend	-0.005402775
2006627	253	-0.0054087145
2006627	classifi	-0.005417095
2006627	rapid	-0.0054438324
2006627	easiest	-0.0054469095
2006627	identifi	-0.0054472107
2006627	landlord	-0.0054555624
2006627	link	-0.0054673767
2006627	355	-0.00546763
2006627	accord	-0.005471828
2006627	skinni	-0.005475642
2006627	kentucki	-0.0054837707
2006627	past	-0.005493682
2006627	understand	-0.0055136317
2006627	006	-0.0055178343
2006627	level	-0.0055241375
2006627	histor	-0.0055297334
2006627	2191	-0.0055357614
2006627	michigan	-0.0055561583
2006627	224	-0.00555978
2006627	burn	-0.005564309
2006627	categori	-0.0055754483
2006627	petdata	-0.0055812374
2006627	1158	-0.0055929413
2006627	vega	-0.005602453
2006627	sawtrol	-0.005607127
2006627	248	-0.0056190295
2006627	327	-0.0056270272
2006627	divin	-0.0056297206
2006627	2192	-0.0056300885
2006627	web	-0.005639049
2006627	cover	-0.0056397086
2006627	block	-0.0056452844
2006627	upper	-0.0056482544
2006627	close	-0.005690993
2006627	symphoni	-0.0056938464
2006627	jo	-0.0056994413
2006627	828	-0.005701005
2006627	displai	-0.005715791
2006627	martinez	-0.005721482
2006627	unoffici	-0.0057351296
2006627	pledgemus	-0.005735961
2006627	think	-0.00573964
2006627	work	-0.0057561086
2006627	advertis	-0.0057738996
2006627	firework	-0.005791718
2006627	175th	-0.005794569
2006627	thought	-0.0057967077
2006627	modesto	-0.0058040647
2006627	winnipeg	-0.0058436175
2006627	multilingu	-0.005846059
2006627	210	-0.0058560823
2006627	3154	-0.0058584777
2006627	99	-0.0058623096
2006627	706	-0.0058764974
2006627	internet	-0.0058804266
2006627	2525	-0.0058832914
2006627	nwchem	-0.0058909096
2006627	best	-0.005897495
2006627	4661	-0.0059057986
2006627	3116	-0.0059226723
2006627	litter	-0.0059323036
2006627	friend	-0.0059374436
2006627	on	-0.0059471605
2006627	tallahasse	-0.005963799
2006627	collabor	-0.005964268
2006627	gaussian09	-0.005976777
2006627	evacu	-0.0059878197
2006627	reliabl	-0.006001743
2006627	content	-0.006011984
2006627	crime	-0.0060464093
2006627	statu	-0.0060546147
2006627	degener	-0.0060617207
2006627	back	-0.0060641244
2006627	loud	-0.0060771564
2006627	222	-0.0060809986
2006627	3999	-0.0060813725
2006627	field	-0.0060838056
2006627	chad	-0.006095346
2006627	civic	-0.006099913
2006627	eleventh	-0.0061171865
2006627	3490	-0.0061273393
2006627	polycom	-0.0061407867
2006627	6130	-0.0061495383
2006627	realiti	-0.006177211
2006627	614	-0.00619323
2006627	432	-0.006203472
2006627	bullet	-0.0062131663
2006627	nyc	-0.006242256
2006627	813	-0.0062424126
2006627	4327	-0.0062507326
2006627	9191	-0.0062528932
2006627	mold	-0.006254009
2006627	optim	-0.0062588365
2006627	975	-0.006270388
2006627	ny	-0.0062742373
2006627	socrata	-0.0062771174
2006627	645	-0.006278573
2006627	imaginari	-0.006288346
2006627	cargo	-0.0063190474
2006627	livabl	-0.006334261
2006627	11th	-0.006338531
2006627	211	-0.006341571
2006627	desir	-0.0063483203
2006627	celebr	-0.0063504437
2006627	717	-0.0063546095
2006627	509	-0.006361067
2006627	nc	-0.0063729486
2006627	transit	-0.0063734106
2006627	iowa	-0.006398628
2006627	chief	-0.0064121396
2006627	part	-0.0064155497
2006627	montgomerycountymd	-0.0064401366
2006627	211sandiego	-0.0064421063
2006627	2019	-0.006461061
2006627	video	-0.006462055
2006627	deploy	-0.0064814687
2006627	onstag	-0.006489305
2006627	bloomfield	-0.006494833
2006627	van	-0.0065018525
2006627	lyric	-0.0065126894
2006627	3062	-0.0065474003
2006627	soon	-0.0065641855
2006627	origin	-0.006581047
2006627	573	-0.0065930095
2006627	suspect	-0.0066252905
2006627	satisfact	-0.006637231
2006627	creation	-0.006647177
2006627	risk	-0.0066562607
2006627	hate	-0.0066566374
2006627	releas	-0.006687786
2006627	unspecifi	-0.0066888346
2006627	0	-0.006695072
2006627	transport	-0.0066984706
2006627	3360	-0.006712773
2006627	651	-0.0067238
2006627	compet	-0.006729853
2006627	3710	-0.0067350767
2006627	spiritu	-0.0067366557
2006627	counter	-0.006741787
2006627	midwest	-0.0067448714
2006627	sudburi	-0.0067475107
2006627	plai	-0.0067533343
2006627	6800	-0.0067552603
2006627	member	-0.006756977
2006627	print	-0.006760731
2006627	628	-0.0067722877
2006627	price	-0.0067772255
2006627	604	-0.0067775086
2006627	zion	-0.006783426
2006627	2018	-0.006785238
2006627	vvx	-0.0067920373
2006627	exclud	-0.006806219
2006627	palindrom	-0.006814342
2006627	american	-0.006818932
2006627	943	-0.006822512
2006627	8	-0.0068351002
2006627	medeski	-0.006840379
2006627	administ	-0.0068597468
2006627	www1	-0.0068631386
2006627	30	-0.006880634
2006627	6655	-0.0068827313
2006627	b3lyp	-0.0069001396
2006627	viru	-0.0069045248
2006627	newt	-0.006921265
2006627	785	-0.0069442
2006627	episod	-0.006964221
2006627	extend	-0.006967056
2006627	5070	-0.006971746
2006627	open	-0.0069799116
2006627	santa	-0.0069817663
2006627	show	-0.0069938474
2006627	vari	-0.0070057437
2006627	5011	-0.0070077917
2006627	search	-0.007017605
2006627	9200	-0.0070264786
2006627	googl	-0.0070358105
2006627	annual	-0.0070553524
2006627	document	-0.0071380865
2006627	titl	-0.0071391542
2006627	houston	-0.0071436977
2006627	wsdot	-0.007144925
2006627	jurisdict	-0.007158486
2006627	typic	-0.007164506
2006627	625	-0.0071721063
2006627	threaten	-0.007181671
2006627	idnyc	-0.007184512
2006627	693	-0.0071849385
2006627	sanit	-0.007204067
2006627	zone	-0.007239209
2006627	year	-0.0072426656
2006627	exampl	-0.0072823106
2006627	check	-0.007283798
2006627	82	-0.0072989017
2006627	mind	-0.0073056924
2006627	activ	-0.007313297
2006627	covid	-0.007320715
2006627	7273	-0.0073284013
2006627	7929	-0.007330589
2006627	808	-0.007375751
2006627	mahonei	-0.0074456315
2006627	steel	-0.007462142
2006627	base	-0.007472834
2006627	704	-0.0074806623
2006627	sexton	-0.007512597
2006627	differ	-0.0075451783
2006627	recycl	-0.0075672967
2006627	nut	-0.007591885
2006627	orchestra	-0.0076247416
2006627	2014	-0.0076537393
2006627	2561	-0.0076582683
2006627	provid	-0.0077006184
2006627	strai	-0.0077126166
2006627	4	-0.0077130483
2006627	confirm	-0.0077213645
2006627	prestonsburg	-0.007723872
2006627	crip	-0.0077241426
2006627	suspend	-0.0077642766
2006627	know	-0.0077679497
2006627	orlean	-0.007788791
2006627	bassist	-0.0077934167
2006627	pricier	-0.0078014294
2006627	record	-0.007816766
2006627	condit	-0.007823903
2006627	song	-0.007831919
2006627	growth	-0.007864976
2006627	grafitti	-0.007895012
2006627	dc	-0.007898751
2006627	319	-0.007909551
2006627	4889	-0.007927249
2006627	483	-0.007931947
2006627	round	-0.007962437
2006627	922	-0.007983084
2006627	935	-0.008015236
2006627	ku	-0.008015425
2006627	19	-0.008015498
2006627	chang	-0.0080432305
2006627	network	-0.008049171
2006627	206	-0.008116962
2006627	356	-0.008125486
2006627	f32	-0.008138609
2006627	503	-0.008139104
2006627	march	-0.008198896
2006627	guardian	-0.0082205
2006627	fridai	-0.0082486095
2006627	5	-0.00825716
2006627	directori	-0.00826066
2006627	xxx	-0.008320702
2006627	columbu	-0.008361442
2006627	rock	-0.0083778165
2006627	sprinter	-0.008393788
2006627	0333	-0.008408655
2006627	worker	-0.008409479
2006627	relai	-0.008436368
2006627	thousand	-0.0085759405
2006627	5275	-0.008599717
2006627	person	-0.008640367
2006627	385	-0.008659786
2006627	uniti	-0.008670049
2006627	nearest	-0.008729143
2006627	428	-0.008755086
2006627	fiscal	-0.008814573
2006627	3176	-0.008819608
2006627	life	-0.008856901
2006627	kkk	-0.008917171
2006627	klux	-0.0089225415
2006627	2017	-0.008941534
2006627	7383	-0.008967286
2006627	3321	-0.008990648
2006627	3254	-0.009040164
2006627	remind	-0.009043567
2006627	administr	-0.009049419
2006627	self	-0.00905055
2006627	jamestown	-0.009063369
2006627	locat	-0.009130927
2006627	track	-0.009142108
2006627	nick	-0.009150443
2006627	6781	-0.009164799
2006627	555	-0.00916702
2006627	lyman	-0.009225789
2006627	seeclickfix	-0.009274168
2006627	view	-0.009301232
2006627	6911	-0.009345425
2006627	holidai	-0.009351168
2006627	messag	-0.009360868
2006627	portal	-0.009391245
2006627	continu	-0.009410145
2006627	tdd	-0.00944149
2006627	858	-0.009445998
2006627	www	-0.009481027
2006627	follow	-0.009481626
2006627	front	-0.009498919
2006627	la	-0.0095197195
2006627	handl	-0.009524014
2006627	transact	-0.009554537
2006627	dataset	-0.009557919
2006627	3311	-0.0096442485
2006627	posit	-0.009696209
2006627	klan	-0.009696218
2006627	letter	-0.009707001
2006627	511	-0.009870223
2006627	deliveri	-0.00999749
2006627	achiev	-0.010002077
2006627	onli	-0.010080588
2006627	macular	-0.010334336
2006627	claremont	-0.010396189
2006627	concert	-0.01047386
2006627	expans	-0.010495315
2006627	577	-0.010506249
2006627	guitarist	-0.010542615
2006627	hipaa	-0.010816784
2006627	n11	-0.010900537
2006627	name	-0.0110348975
2006627	313	-0.011072059
2006627	list	-0.011132227
2006627	7	-0.011309473
2006627	4000	-0.011422653
2006627	7536	-0.011522651
2006627	acer	-0.0115879355
2006627	2016	-0.01168426
2006627	mondai	-0.011744346
2006627	heart	-0.011815329
2006627	cm	-0.011845453
2006627	lobbi	-0.011867443
2006627	diabet	-0.0119155245
2006627	823	-0.011947317
2006627	icpdrecord	-0.01197089
2006627	alphabet	-0.012101172
2006627	montgomeri	-0.012207999
2006627	faq	-0.012210449
2006627	listen	-0.012229388
2006627	text	-0.012456346
2006627	page	-0.012472557
2006627	716	-0.012608831
2006627	suspici	-0.01261891
2006627	skunkcap	-0.012700765
2006627	01	-0.012749858
2006627	2368	-0.012756733
2006627	9	-0.012778205
2006627	depress	-0.013123844
2006627	love	-0.0132409
2006627	welcom	-0.013256649
2006627	504	-0.013259156
2006627	roadtrek	-0.013341323
2006627	homeless	-0.01336161
2006627	come	-0.01345908
2006627	425	-0.01355398
2006627	nyhabitat	-0.013663852
2006627	541	-0.013701265
2006627	2020	-0.013729901
2006627	4115	-0.013782002
2006627	5656	-0.013801306
2006627	nuisanc	-0.014064694
2006627	respons	-0.014208648
2006627	grciti	-0.014319043
2006627	abbrevi	-0.014415212
2006627	9675	-0.014451053
2006627	specifi	-0.014464381
2006627	10	-0.014469901
2006627	212	-0.014656443
2006627	nebraska	-0.014786717
2006627	lo	-0.014992624
2006627	gov	-0.015195795
2006627	3111	-0.015721902
2006627	valid	-0.015747095
2006627	757	-0.016069062
2006627	see	-0.016167607
2006627	telephon	-0.01649264
2006627	mc311	-0.016542668
2006627	dc311	-0.01704199
2006627	spin	-0.017241275
2006627	nyc311	-0.017589945
2006627	hour	-0.017794766
2006627	hexum	-0.017869113
2006627	884	-0.018478282
2006627	retin	-0.018769836
2006627	icd	-0.018849796
2006627	24	-0.018955056
2006627	312	-0.019325178
2006627	2021	-0.019388149
2006627	album	-0.01949889
2006627	central	-0.019985273
2006627	happi	-0.02000279
2006627	submit	-0.02005587
2006627	chromebook	-0.020269644
2006627	limit	-0.02031951
2006627	exposur	-0.020851128
2006627	mean	-0.021908835
2006627	new	-0.021996317
2006627	11	-0.022042366
2006627	disord	-0.022489365
2006627	cityofchicago	-0.022595864
2006627	password	-0.022927335
2006627	h35	-0.023393856
2006627	e10	-0.024109915
2006627	diagnosi	-0.02486636
2006627	e13	-0.024880946
2006627	e08	-0.02553564
2006627	symbol	-0.026582941
2006627	3131	-0.02684255
2006627	e09	-0.027005957
2006627	billabl	-0.027225534
2006627	359	-0.02828028
2006627	e11	-0.028494414
2006627	forgotten	-0.02943115
2006627	onlin	-0.029978884
2006627	cop	-0.030300476
2006627	indec	-0.031781048
2006627	band	-0.032005053
2006627	dispatch	-0.03399692
2006627	omaha	-0.035791557
2006627	505	-0.039243642
2006627	242	-0.041380253
2006627	code	-0.062652394
2006627	911immedi	-0.064856805
2006627	angel	-0.067836516
