2082	bone	0.52901965
2082	ag	0.3300479
2082	30	0.2745546
2082	peak	0.2644657
2082	loss	0.21843658
2082	reach	0.18121639
2082	begin	0.17506921
2082	mass	0.14189616
2082	gradual	0.13922517
2082	densiti	0.13800785
2082	faster	0.10561746
2082	strength	0.09437732
2082	adulthood	0.09081646
2082	resorpt	0.08864539
2082	process	0.087250814
2082	maximum	0.08674239
2082	childhood	0.08071046
2082	increas	0.08032014
2082	year	0.079362854
2082	declin	0.074071825
2082	format	0.07370935
2082	miner	0.07272793
2082	menopaus	0.07155236
2082	slowli	0.070892245
2082	earli	0.07069853
2082	calcium	0.069286354
2082	slow	0.06699754
2082	build	0.06523814
2082	women	0.0650151
2082	remodel	0.06358288
2082	25	0.062211882
2082	mid	0.06034022
2082	denser	0.059110407
2082	lost	0.058093645
2082	continu	0.056356885
2082	skeleton	0.055576928
2082	old	0.054875698
2082	stronger	0.054812107
2082	grow	0.053738475
2082	40	0.052167516
2082	decreas	0.04956759
2082	new	0.049374126
2082	amount	0.04874858
2082	bear	0.047984876
2082	tissu	0.04780332
2082	20	0.04738367
2082	fragil	0.045412157
2082	remov	0.04305731
2082	start	0.040711362
2082	skelet	0.04011777
2082	can	0.039466277
2082	strong	0.03853217
2082	down	0.037249874
2082	maintain	0.036844566
2082	exercis	0.03645998
2082	deterior	0.035740703
2082	bodi	0.035172705
2082	constantli	0.03499222
2082	structur	0.034217007
2082	minim	0.033942483
2082	decad	0.03380928
2082	growth	0.033684935
2082	replac	0.032751523
2082	outpac	0.03215356
2082	peopl	0.031376816
2082	happen	0.031293746
2082	result	0.031228675
2082	diet	0.03041567
2082	35	0.029954515
2082	make	0.029881392
2082	exce	0.029866979
2082	drop	0.029839952
2082	balanc	0.029834814
2082	pace	0.029352948
2082	brittl	0.029182801
2082	weaker	0.027877048
2082	osteoclast	0.027516972
2082	perimenopaus	0.027238589
2082	later	0.02694063
2082	breakdown	0.026889125
2082	especi	0.026806492
2082	bigger	0.026776597
2082	fastest	0.026618171
2082	point	0.026333366
2082	character	0.025596105
2082	strongest	0.025507567
2082	acceler	0.024786472
2082	highest	0.024726583
2082	abnorm	0.024361191
2082	keep	0.024122763
2082	develop	0.0238515
2082	matur	0.022432853
2082	buildup	0.022288557
2082	think	0.021973914
2082	withdraw	0.021877378
2082	teenag	0.021852631
2082	third	0.021711027
2082	cell	0.021292722
2082	thicker	0.021061573
2082	thirti	0.020940684
2082	osteoblast	0.020646084
2082	young	0.020179307
2082	total	0.019642705
2082	groundwork	0.019309646
2082	life	0.018737491
2082	larger	0.01870912
2082	thin	0.018626846
2082	10	0.018379135
2082	lai	0.018343069
2082	crucial	0.018082265
2082	rapid	0.017962333
2082	onset	0.017862702
2082	first	0.017514506
2082	iu	0.017487446
2082	healthi	0.017480709
2082	come	0.01732341
2082	weaken	0.01698797
2082	stage	0.016861092
2082	speed	0.016754556
2082	weight	0.016722398
2082	time	0.016691308
2082	your	0.016686883
2082	51	0.016358962
2082	regularli	0.01629828
2082	heavier	0.016210264
2082	chang	0.016009815
2082	lose	0.015892392
2082	mg	0.015781283
2082	signific	0.015764588
2082	help	0.01574393
2082	hard	0.015267809
2082	creation	0.015203601
2082	destruct	0.014844202
2082	twenti	0.014701003
2082	physic	0.014615558
2082	attain	0.014569505
2082	graph	0.014561166
2082	institut	0.0145436665
2082	don	0.014528996
2082	dissolv	0.014520086
2082	supplement	0.014447006
2082	deposit	0.013992485
2082	rebuilt	0.013982292
2082	lamella	0.013894861
2082	skew	0.013802396
2082	girl	0.013646616
2082	train	0.013602086
2082	known	0.013378557
2082	ad	0.013306513
2082	prone	0.01327563
2082	birth	0.013265055
2082	intak	0.0132418405
2082	onc	0.012895248
2082	solid	0.01282162
2082	aliv	0.012765955
2082	individu	0.0124863535
2082	younger	0.012463495
2082	equilibrium	0.012216092
2082	60	0.012207623
2082	level	0.012200904
2082	spongi	0.012103897
2082	typic	0.011999895
2082	late	0.011984066
2082	abil	0.011983847
2082	stave	0.011943132
2082	matrix	0.0119398115
2082	complet	0.011919979
2082	lossgradu	0.011882025
2082	affect	0.01177572
2082	renew	0.011487889
2082	imagin	0.011326563
2082	lighter	0.011315333
2082	realiti	0.011297544
2082	slowdown	0.011120041
2082	densest	0.011089751
2082	respond	0.01106414
2082	stabl	0.011014339
2082	lifelong	0.010982816
2082	slower	0.010954076
2082	incid	0.010893194
2082	product	0.010879108
2082	activ	0.010839748
2082	sooner	0.01083557
2082	significantli	0.010819966
2082	integr	0.010764484
2082	relationship	0.01073182
2082	import	0.0105998665
2082	11	0.01053737
2082	fluid	0.010533588
2082	figur	0.010492143
2082	common	0.010450042
2082	regular	0.01038173
2082	accumul	0.010358082
2082	nation	0.010311602
2082	epiphys	0.0102029415
2082	45	0.010122737
2082	support	0.009968277
2082	higher	0.0099663595
2082	show	0.009964856
2082	function	0.009904282
2082	accord	0.009849041
2082	strengthen	0.009716232
2082	exist	0.009710216
2082	potenti	0.009665423
2082	be	0.00963161
2082	flow	0.009585328
2082	best	0.009540162
2082	oestrogen	0.009505402
2082	bmd	0.009501756
2082	revers	0.009459299
2082	concern	0.009427833
2082	last	0.0094027845
2082	tend	0.009316284
2082	turnov	0.009275723
2082	adequ	0.009180436
2082	cardiovascular	0.009055627
2082	eat	0.009032407
2082	000	0.008919962
2082	effici	0.008909595
2082	testosteron	0.008893594
2082	add	0.008874098
2082	dai	0.008826152
2082	promin	0.008797364
2082	icrp	0.008704225
2082	period	0.008695005
2082	boi	0.008638591
2082	hit	0.008617019
2082	overtak	0.008570898
2082	estim	0.00854817
2082	reduct	0.008526987
2082	unavoid	0.008506867
2082	human	0.008465549
2082	stai	0.008460077
2082	adolesc	0.008346173
2082	section	0.008224724
2082	made	0.008220238
2082	compact	0.008177902
2082	puberti	0.008171473
2082	stroke	0.008036162
2082	onli	0.008019639
2082	deplet	0.0078490395
2082	australian	0.007838859
2082	breakag	0.007793023
2082	goe	0.007766794
2082	vertebra	0.0077397027
2082	take	0.007713068
2082	nutrit	0.0076747485
2082	organ	0.0076180645
2082	poorli	0.007581428
2082	try	0.007567184
2082	dietari	0.0075621856
2082	occur	0.0075435466
2082	undergo	0.0075016785
2082	fairli	0.007467091
2082	seek	0.007455383
2082	dramat	0.0073562255
2082	rich	0.007343465
2082	joshua	0.0072589414
2082	tip	0.007202604
2082	troubl	0.0071847523
2082	wider	0.007123029
2082	impact	0.0071150465
2082	regul	0.007103148
2082	highli	0.0070921853
2082	mercola	0.0070907306
2082	exactli	0.007061073
2082	constant	0.0070460485
2082	drug	0.0070258467
2082	midlif	0.0070205224
2082	defens	0.007005577
2082	crumbl	0.0069980123
2082	plummet	0.006932008
2082	delai	0.0069296923
2082	form	0.006927424
2082	836	0.0069048996
2082	rigg	0.0068834797
2082	appar	0.006874304
2082	phosphat	0.0068615605
2082	protein	0.0068013202
2082	hole	0.006791081
2082	basi	0.006760484
2082	post	0.006758843
2082	jaw	0.006755176
2082	rigid	0.006713699
2082	creat	0.0067043924
2082	sourc	0.0066782045
2082	present	0.0066585653
2082	decai	0.006638327
2082	definit	0.0066203373
2082	onward	0.006587034
2082	die	0.006576739
2082	al	0.006568629
2082	attack	0.0065574516
2082	net	0.0065182806
2082	store	0.006502395
2082	firooznia	0.006455247
2082	withdrawn	0.0064127077
2082	taper	0.006347475
2082	bush	0.0063291634
2082	steadili	0.006313413
2082	surplus	0.006288402
2082	dexa	0.0062880507
2082	relentless	0.006280609
2082	stop	0.006273501
2082	just	0.0062468313
2082	rest	0.00623041
2082	roll	0.006199628
2082	effect	0.0061883586
2082	solv	0.0061821584
2082	ll	0.006039972
2082	95	0.006017388
2082	soak	0.0060055484
2082	heart	0.0058861645
2082	teeth	0.0058836318
2082	reabsorb	0.005843776
2082	degrad	0.0058391495
2082	intern	0.0058374624
2082	spider	0.0058268267
2082	quickli	0.005823695
2082	206	0.0058147428
2082	scant	0.005783865
2082	37	0.0057722703
2082	remain	0.0057436884
2082	lead	0.005666977
2082	incorpor	0.005604168
2082	ossif	0.005572747
2082	recip	0.005515816
2082	disord	0.0055085975
2082	physiolog	0.005492133
2082	270	0.0054839957
2082	equal	0.005465014
2082	largest	0.0054460107
2082	swim	0.005382786
2082	crystal	0.0053732353
2082	1984a	0.0053528324
2082	milligram	0.0053211492
2082	investig	0.005208797
2082	3	0.00516712
2082	suffici	0.005156968
2082	fuse	0.005139818
2082	cartilag	0.005122182
2082	achiev	0.0051186923
2082	optim	0.0050876024
2082	frailti	0.005069592
2082	thick	0.0050579384
2082	harder	0.005042765
2082	minut	0.0050291084
2082	mind	0.0050230087
2082	major	0.0049749147
2082	bring	0.0049718954
2082	wai	0.0049453597
2082	ethnic	0.0048949416
2082	deminer	0.0048763016
2082	asian	0.004861474
2082	arizona	0.0048462604
2082	bloodstream	0.00483166
2082	delici	0.0048151393
2082	caus	0.004812649
2082	project	0.00479985
2082	1981	0.004787727
2082	live	0.004769374
2082	greatest	0.0047212825
2082	awai	0.004701171
2082	everydai	0.0046546506
2082	rid	0.0046134093
2082	optimum	0.004593012
2082	refer	0.0045831176
2082	acid	0.0045494284
2082	porou	0.0045479145
2082	tear	0.004513389
2082	exton	0.004498475
2082	minor	0.0044751912
2082	wed	0.004474945
2082	drain	0.004473153
2082	fast	0.004469842
2082	1992	0.0044347444
2082	blog	0.0044327816
2082	model	0.0043846928
2082	fundament	0.004348842
2082	enter	0.004337737
2082	rebuild	0.0042888187
2082	acheiv	0.0042703734
2082	ingest	0.004250729
2082	compos	0.004242502
2082	european	0.004239485
2082	web	0.0042222706
2082	resourc	0.00421977
2082	tide	0.0042015384
2082	curv	0.004198785
2082	implant	0.0041885953
2082	dens	0.0041764863
2082	site	0.004118353
2082	educ	0.004090012
2082	reduc	0.00405398
2082	experienc	0.0039723013
2082	quick	0.0039681336
2082	near	0.0039533866
2082	extracellular	0.0039448375
2082	famili	0.0039407923
2082	12	0.0039222836
2082	17	0.003838377
2082	qualiti	0.003832799
2082	13	0.0038276569
2082	vibrat	0.003815416
2082	dental	0.0038052201
2082	problem	0.0038051493
2082	hold	0.0037992608
2082	inorgan	0.003786421
2082	strategi	0.0037833636
2082	stick	0.0037692469
2082	abstract	0.0037663386
2082	virtual	0.0037663078
2082	account	0.003765433
2082	modif	0.0037617416
2082	enjoi	0.0037507426
2082	voic	0.0037385884
2082	proper	0.003733929
2082	larg	0.003733106
2082	surround	0.0037196674
2082	steadi	0.0036827137
2082	wear	0.0036758222
2082	center	0.0036742825
2082	suscept	0.0036501668
2082	break	0.0036382063
2082	34	0.0036260649
2082	observ	0.0036141498
2082	limit	0.003609752
2082	great	0.003606688
2082	fall	0.0035862213
2082	gender	0.0035771194
2082	fix	0.0035768535
2082	kei	0.0035073801
2082	short	0.0034688958
2082	evolv	0.0034575716
2082	popul	0.0034566014
2082	small	0.0034541495
2082	rough	0.0034490777
2082	skin	0.0034454984
2082	read	0.003433216
2082	actual	0.0034234107
2082	dr	0.0034232724
2082	system	0.0033929253
2082	scan	0.003391164
2082	daili	0.0033736008
2082	will	0.0033724278
2082	plant	0.0033495715
2082	basic	0.0033321616
2082	damag	0.0033029637
2082	establish	0.0032964242
2082	4	0.0032944486
2082	heavi	0.0032797363
2082	max	0.0032750345
2082	here	0.003221227
2082	websit	0.003215551
2082	slide	0.0032129094
2082	perspect	0.0032073113
2082	box	0.0031932138
2082	univers	0.0031825483
2082	sign	0.0031735746
2082	stabil	0.0031493604
2082	nineti	0.0031465937
2082	past	0.003134084
2082	difficult	0.003119495
2082	role	0.0031151308
2082	on	0.0030968818
2082	possibl	0.003092193
2082	next	0.003047325
2082	6	0.0030364897
2082	children	0.0030149512
2082	easi	0.0030109286
2082	15	0.003007806
2082	natur	0.0030036946
2082	proport	0.002996273
2082	symptom	0.0029763873
2082	card	0.0029573198
2082	check	0.0029194988
2082	attent	0.0029185878
2082	sex	0.002881029
2082	degre	0.002856967
2082	slight	0.0028010788
2082	spend	0.0027782558
2082	200	0.0027499895
2082	base	0.0027460407
2082	releas	0.002745341
2082	phenomenon	0.0027216973
2082	1969	0.0027081205
2082	view	0.0026862281
2082	constitut	0.0026646357
2082	who	0.0026271688
2082	click	0.0026270666
2082	tini	0.0025297054
2082	death	0.0025248888
2082	wait	0.0025211766
2082	29	0.0025158927
2082	extens	0.0024728465
2082	28	0.002467249
2082	heighten	0.0024561735
2082	0	0.0024426496
2082	mobil	0.0024150803
2082	pass	0.0024104684
2082	shift	0.0023727878
2082	smith	0.0023690625
2082	note	0.0023412441
2082	pai	0.0023323598
2082	turn	0.002284155
2082	ve	0.002259238
2082	depend	0.0021881512
2082	know	0.0021846106
2082	failur	0.0021811975
2082	acquir	0.0021743828
2082	order	0.0020956218
2082	see	0.0020832233
2082	let	0.0020731587
2082	conjunct	0.0020256268
2082	plateau	0.0020074465
2082	vari	0.001980083
2082	routin	0.0019638885
2082	right	0.0018986335
2082	unusu	0.0018946144
2082	prevent	0.0018315027
2082	21	0.0017605013
2082	fight	0.0017390942
2082	olsen	0.001738963
2082	introduct	0.0017249938
2082	look	0.0016712483
2082	scienc	0.0016119193
2082	second	0.0015613277
2082	prior	0.0015601759
2082	high	0.0015085004
2082	place	0.0014324698
2082	eric	0.0013342319
2082	program	0.001328012
2082	woman	0.0013248404
2082	suggest	0.0012088445
2082	obviou	0.0012026014
2082	end	0.0011445455
2082	consum	0.0011325562
2082	frequenc	0.0011002576
2082	male	0.000982764
2082	cross	0.0009285477
2082	still	0.0007653584
2082	fit	0.000669443
2082	8	0.0004891769
2082	go	0.00038014195
2082	longer	0.00036794122
2082	averag	0.00035968813
2082	stress	0.00033801643
2082	limb	0.00033070796
2082	practic	0.00032977015
2082	part	0.00018828819
2082	gener	0.00016687
2082	sever	0.00016387342
2082	18	0.00013759929
2082	expert	0.00010377888
2082	oppos	3.463336e-05
2082	advic	3.0274126e-05
2082	consult	2.9717039e-05
2082	diagnosi	2.9617346e-05
2082	reflect	2.9386627e-05
2082	altern	2.6691212e-05
2082	treatment	2.2611232e-05
2082	specif	2.1616686e-05
2082	whole	1.3363774e-05
2082	histori	-0.0001498144
2082	book	-0.00015287155
2082	tool	-0.00015824882
2082	guid	-0.00016056186
2082	text	-0.00017143878
2082	decis	-0.00018594475
2082	programm	-0.0002545072
2082	drink	-0.00026240505
2082	meaning	-0.00026830973
2082	lengthen	-0.00030888405
2082	bank	-0.00033056393
2082	true	-0.0003464506
2082	weak	-0.0003887721
2082	14	-0.00048904686
2082	lifefit	-0.000517934
2082	area	-0.0005340971
2082	essenti	-0.00057456456
2082	isn	-0.00072207313
2082	load	-0.000756198
2082	steroid	-0.0007850295
2082	alon	-0.0008254529
2082	2011	-0.0009179569
2082	300	-0.000945896
2082	2007	-0.0009528449
2082	800	-0.0009768615
2082	2006	-0.0009848682
2082	size	-0.0009953043
2082	600	-0.0010009017
2082	abl	-0.0010503607
2082	evid	-0.0010656747
2082	700	-0.0010791318
2082	detect	-0.0011436796
2082	450	-0.0011937818
2082	750	-0.0012500755
2082	550	-0.0012670243
2082	850	-0.001298287
2082	950	-0.0013762482
2082	nih	-0.0014085469
2082	153	-0.0014375445
2082	151	-0.0014638227
2082	537	-0.0016136805
2082	528	-0.0016309876
2082	data	-0.0016467056
2082	measur	-0.001663484
2082	stori	-0.0019020669
2082	2015	-0.0019308537
2082	sure	-0.0019400145
2082	mean	-0.0019614396
2082	250	-0.0020713117
2082	2019	-0.0020840822
2082	easili	-0.002093322
2082	ensur	-0.0021074216
2082	offer	-0.0021276604
2082	540	-0.002155922
2082	162	-0.0021648011
2082	2018	-0.0021683506
2082	simpl	-0.0021735954
2082	525	-0.0021828818
2082	tabl	-0.0022131766
2082	503	-0.0022576167
2082	515	-0.0022780234
2082	539	-0.0022801184
2082	514	-0.0022839867
2082	513	-0.002286565
2082	excel	-0.0023082609
2082	900	-0.002354926
2082	burn	-0.0023750714
2082	75	-0.0024331978
2082	2010	-0.0024555665
2082	middl	-0.0024651717
2082	certif	-0.00247396
2082	award	-0.0024963717
2082	approxim	-0.0025323029
2082	determin	-0.0025599238
2082	cours	-0.0025992505
2082	exampl	-0.0026250205
2082	650	-0.0026519694
2082	501	-0.0026530803
2082	commiss	-0.0026683959
2082	doctor	-0.0026844966
2082	child	-0.0027358548
2082	state	-0.002740541
2082	biggest	-0.00283752
2082	1930	-0.0028435488
2082	absorb	-0.0028479947
2082	injuri	-0.0028937145
2082	24	-0.0029292495
2082	sport	-0.0029727777
2082	cdc	-0.0029890328
2082	502	-0.0030003628
2082	discuss	-0.0030078562
2082	3000	-0.0030387903
2082	servic	-0.0030504193
2082	050	-0.0030695775
2082	set	-0.0030821434
2082	recipi	-0.0031579572
2082	526	-0.0031586324
2082	538	-0.0031639747
2082	research	-0.0031745057
2082	527	-0.0032153055
2082	engag	-0.0032162482
2082	least	-0.0032297757
2082	350	-0.0032810927
2082	review	-0.003342832
2082	mitig	-0.0033476388
2082	9	-0.0033502344
2082	encyclopedia	-0.0033601641
2082	deficit	-0.0033754613
2082	indefinit	-0.0033778667
2082	allow	-0.0033813403
2082	easier	-0.0034432693
2082	guidelin	-0.003478307
2082	158	-0.003517982
2082	020	-0.003532491
2082	9100	-0.0036495302
2082	1	-0.0036717986
2082	manag	-0.0036982407
2082	calori	-0.0037020044
2082	free	-0.0037215243
2082	content	-0.0037228924
2082	hand	-0.0037426664
2082	1400	-0.0037500411
2082	500	-0.0037898545
2082	foundat	-0.0038346746
2082	157	-0.0039154696
2082	vanish	-0.0039216033
2082	genet	-0.0039321473
2082	cancer	-0.003934093
2082	report	-0.004011202
2082	credit	-0.0040506623
2082	sensit	-0.0040620835
2082	world	-0.004063564
2082	therapi	-0.004116857
2082	forc	-0.00415058
2082	broken	-0.0041535
2082	266	-0.0041790875
2082	builder	-0.004204936
2082	receiv	-0.0042973044
2082	advertis	-0.004304297
2082	anti	-0.0043573068
2082	twice	-0.0043682135
2082	ewcs451	-0.0044494504
2082	shown	-0.0044864863
2082	studi	-0.00450329
2082	mayb	-0.0045109526
2082	space	-0.004534104
2082	f2a	-0.0045621786
2082	161	-0.0045808987
2082	400	-0.00458219
2082	exposur	-0.004596894
2082	pharm	-0.004600833
2082	kidnei	-0.0046412223
2082	bill	-0.0046508876
2082	benefit	-0.004657612
2082	journal	-0.004777157
2082	recommend	-0.0048419656
2082	produc	-0.00486778
2082	2003	-0.004875619
2082	80	-0.0049024494
2082	99	-0.0049072336
2082	improv	-0.0049275905
2082	150	-0.004947734
2082	pharmaci	-0.004961383
2082	defici	-0.0049907267
2082	adapt	-0.0050187614
2082	talk	-0.0050529726
2082	cast	-0.005069277
2082	vitamin	-0.0051433155
2082	aren	-0.005248181
2082	equival	-0.0052690418
2082	rang	-0.0052751387
2082	thyroid	-0.005323347
2082	earth	-0.005324771
2082	provid	-0.0053255097
2082	1d1yqeei	-0.0053878827
2082	odz46myb	-0.0053878827
2082	articl	-0.0053899935
2082	prolong	-0.005418036
2082	page	-0.005494522
2082	jump	-0.0054956637
2082	drastic	-0.005536105
2082	mechan	-0.005547198
2082	doesn	-0.0055755507
2082	frame	-0.0056051244
2082	cultur	-0.0056234277
2082	154	-0.0056476695
2082	greater	-0.0056597996
2082	pound	-0.0056861443
2082	standard	-0.0056871762
2082	exact	-0.005704387
2082	cycl	-0.005717743
2082	blood	-0.005744242
2082	progress	-0.0057556606
2082	return	-0.0057695145
2082	lift	-0.0057769795
2082	repair	-0.0058208434
2082	826	-0.005831114
2082	preval	-0.0058340393
2082	tl3fwgx6	-0.005848345
2082	real	-0.0058656777
2082	mainten	-0.005932775
2082	littl	-0.00594651
2082	milk	-0.0060161105
2082	preserv	-0.0060289227
2082	big	-0.0060305465
2082	healthcar	-0.006040894
2082	digmolaf	-0.006106084
2082	totoewcs451	-0.006186069
2082	associ	-0.0061906097
2082	subject	-0.0062622125
2082	critic	-0.0062809843
2082	1180	-0.006329818
2082	gain	-0.0063717337
2082	long	-0.0064021726
2082	matter	-0.0064025167
2082	academi	-0.006414384
2082	term	-0.006432671
2082	benefici	-0.0064527607
2082	half	-0.006503446
2082	geriatr	-0.006510756
2082	explain	-0.0065141264
2082	40amr	-0.0065375725
2082	earlier	-0.0065502743
2082	reason	-0.006608146
2082	accept	-0.0066635255
2082	includ	-0.0067292014
2082	90	-0.006754487
2082	ovari	-0.006797822
2082	rhode	-0.0068068733
2082	month	-0.00683795
2082	diminish	-0.0068537598
2082	chronolog	-0.006875485
2082	gasp	-0.0068909675
2082	hardi	-0.0069316863
2082	knit	-0.0069595915
2082	convuls	-0.007002549
2082	task	-0.0072079003
2082	need	-0.0072185677
2082	corticosteroid	-0.007255906
2082	55	-0.0073572733
2082	treat	-0.0073862965
2082	share	-0.0074761864
2082	inher	-0.0075184996
2082	varieti	-0.0076244744
2082	futur	-0.00775104
2082	case	-0.007850214
2082	now	-0.0078576105
2082	teen	-0.008000439
2082	million	-0.008054923
2082	gerontolog	-0.008178934
2082	chanc	-0.008186463
2082	fat	-0.008199519
2082	osteoporot	-0.008203839
2082	nof	-0.00827579
2082	rapidli	-0.008326468
2082	nutrient	-0.008377366
2082	femal	-0.00844339
2082	heard	-0.008456435
2082	compar	-0.008542753
2082	sudden	-0.008557366
2082	shrink	-0.00865305
2082	rate	-0.0088350745
2082	call	-0.00883864
2082	due	-0.008880468
2082	older	-0.008946341
2082	percent	-0.009034544
2082	screen	-0.009082899
2082	callu	-0.009142925
2082	dietet	-0.009173867
2082	american	-0.0093635125
2082	inevit	-0.009369712
2082	diagnos	-0.009386081
2082	repres	-0.009391914
2082	lifestyl	-0.009407126
2082	greatli	-0.009480195
2082	person	-0.009540632
2082	calcifi	-0.009822301
2082	deviat	-0.009964079
2082	number	-0.009985667
2082	necessarili	-0.010004083
2082	alcohol	-0.0100046825
2082	facebook	-0.010061371
2082	postmenopaus	-0.010263997
2082	heal	-0.010559213
2082	finger	-0.010943139
2082	health	-0.011124844
2082	rare	-0.011206971
2082	thought	-0.011225757
2082	slightli	-0.011242332
2082	54	-0.011263341
2082	well	-0.011332502
2082	unhealthi	-0.011346785
2082	estrogen	-0.011353555
2082	primari	-0.011366822
2082	youth	-0.0113957925
2082	experi	-0.011499808
2082	behavior	-0.011618911
2082	100	-0.011845895
2082	put	-0.011973686
2082	issu	-0.012000997
2082	inch	-0.012418146
2082	medic	-0.0126160495
2082	2	-0.012633067
2082	height	-0.012956256
2082	lifetim	-0.012967106
2082	combin	-0.01298864
2082	like	-0.013111938
2082	slump	-0.013503105
2082	juvenil	-0.013593568
2082	athlet	-0.013752953
2082	precursor	-0.014186999
2082	score	-0.014401814
2082	osteopenia	-0.014769907
2082	postur	-0.014983886
2082	choic	-0.015175706
2082	medicin	-0.015273085
2082	pain	-0.01533832
2082	condit	-0.015778381
2082	addit	-0.015827581
2082	protect	-0.016636772
2082	framework	-0.017037712
2082	silent	-0.017059803
2082	fifti	-0.017119713
2082	follow	-0.017369466
2082	ovul	-0.017724376
2082	adult	-0.017983383
2082	detriment	-0.018455433
2082	progesteron	-0.018460525
2082	poor	-0.018673688
2082	test	-0.018820077
2082	smoke	-0.018995859
2082	absorpt	-0.019047424
2082	contribut	-0.019426363
2082	awar	-0.020476392
2082	smaller	-0.020570375
2082	muscl	-0.021317346
2082	lean	-0.022017077
2082	premenopaus	-0.022118168
2082	consid	-0.022637125
2082	caffein	-0.022830812
2082	sarcopenia	-0.023740686
2082	risk	-0.023972902
2082	lack	-0.024188716
2082	70	-0.024192618
2082	normal	-0.024347967
2082	fractur	-0.024401795
2082	diseas	-0.025736595
2082	thinner	-0.026646428
2082	excess	-0.026752006
2082	mai	-0.029025547
2082	osteoporosi	-0.029367559
2082	flab	-0.029780092
2082	5	-0.029936383
2082	lower	-0.030897468
2082	factor	-0.030981353
2082	men	-0.031000769
2082	hormon	-0.033121176
2082	50	-0.04086649
2082	65	-0.06009366
2082	low	-0.08126853
