104861	tonal	0.31415373243485056
104861	lustrou	0.30971806151514686
104861	2	0.2733543592646665
104861	video	0.22523432849467823
104861	floor	0.2165098870711876
104861	crack	0.20242357044014886
104861	accord	0.19897118730704957
104861	30	0.19344310199764017
104861	colour	0.1890659853149252
104861	030	0.18552156615662316
104861	concret	0.1837883415261079
104861	930	0.18368158052767639
104861	chang	0.1731993274393513
104861	polish	0.17170091888599065
104861	530	0.17123846079571917
104861	00	0.1559673755109318
104861	demmert	0.1499596971761541
104861	squar	0.12662323461269614
104861	6	0.10397343346357542
104861	cost	0.09643958165269026
104861	commerci	0.09043997353332098
104861	stonelik	0.08765356802392957
104861	foot	0.08728218896197926
104861	buteyn	0.08550523274320113
104861	4000	0.07925599031570779
104861	3000	0.07916070053800672
104861	littl	0.07855225180175174
104861	ft	0.07835405614532981
104861	sq	0.07741164253150813
104861	residenti	0.07548736724834891
104861	grit	0.07374500976291432
104861	psi	0.07368631275158
104861	assoc	0.07213938568516678
104861	complex	0.07050125493815214
104861	grind	0.0701364442721424
104861	econom	0.0641955619261941
104861	score	0.06127905877368237
104861	level	0.059958807828968126
104861	expens	0.059482483607732055
104861	aggreg	0.05680901449928083
104861	decor	0.055172500823090796
104861	requir	0.05477199133551968
104861	3	0.05332890816739395
104861	sheen	0.053080254162069386
104861	greg	0.05269080776947781
104861	tone	0.051792304040767526
104861	subtl	0.04921650369405681
104861	stain	0.04761618014927571
104861	consist	0.0465640742544631
104861	metr	0.0459872882453074
104861	hardscap	0.044514810501787024
104861	92	0.04418627249258787
104861	15	0.0428218363102639
104861	typic	0.04234784520879177
104861	50	0.040384663899198564
104861	angel	0.038517711755828916
104861	concretenetwork	0.03761227722567707
104861	lo	0.036305419065267346
104861	basic	0.03502073852444316
104861	dollar	0.03457425788057086
104861	310	0.03351085693911465
104861	overlai	0.03330109496543775
104861	exterior	0.0332830587650002
104861	depend	0.03278239960692995
104861	420	0.032770799995753504
104861	800	0.03179113360131846
104861	area	0.031766987373503815
104861	17	0.03117838580854465
104861	machin	0.031060147190535466
104861	redi	0.030778678505517364
104861	can	0.03012423610515676
104861	smaller	0.029564481533670875
104861	difficult	0.029329196177034573
104861	100	0.029288408313130884
104861	expect	0.028356215931355705
104861	reason	0.02754140701067231
104861	premium	0.02746469648424876
104861	spall	0.027233171792672813
104861	yard	0.027128161919263684
104861	grai	0.027097222021138092
104861	pour	0.026903222285138667
104861	180	0.026636298503804653
104861	feel	0.02648347073194144
104861	site	0.025924289056910518
104861	8	0.025367847823960357
104861	job	0.025360146660006654
104861	silcon	0.025348695528719486
104861	styrofoam	0.025120164724423126
104861	colorado	0.025092082301596607
104861	discount	0.024942019044737668
104861	resurfac	0.02468431201071884
104861	low	0.02437236142659228
104861	1000	0.024146456349719535
104861	simpli	0.023961151921134165
104861	luxuri	0.023836229977287602
104861	will	0.023655800704592573
104861	ay	0.023567382095384514
104861	fairli	0.02335879899849672
104861	like	0.02335146447806486
104861	look	0.02311826426615444
104861	referr	0.021955149129021842
104861	differ	0.021710160394324572
104861	design	0.021690957926542482
104861	denver	0.021681768182245823
104861	75	0.021504957090388577
104861	tack	0.02141665109576554
104861	come	0.02125216059241123
104861	ddition	0.02125201089117858
104861	depth	0.02114303690730973
104861	want	0.021116692441526395
104861	take	0.020596688375837124
104861	12	0.020549563707443257
104861	overview	0.02048533110782703
104861	larg	0.020233562002914228
104861	john	0.02011246297169026
104861	onli	0.02007374485954872
104861	bottom	0.019944550506063807
104861	upward	0.019520175676418276
104861	ideo	0.018711299475009574
104861	carpet	0.018642940545963983
104861	abl	0.017880286806139047
104861	wetter	0.017713587295715375
104861	figur	0.01750476357486515
104861	baseboard	0.017012746726816137
104861	elabor	0.016796486278492156
104861	firstli	0.016750611866938287
104861	quot	0.016299859114048087
104861	expert	0.016161050359113187
104861	700	0.016079868721562123
104861	suitabl	0.015745000796184645
104861	dye	0.015663696441898925
104861	includ	0.01563157803746523
104861	increas	0.015577843411567207
104861	nlike	0.01553595328521071
104861	choos	0.015037976737769397
104861	plain	0.014856752034594425
104861	remain	0.014768982331003279
104861	850	0.014737315046899322
104861	note	0.014647681817547767
104861	west	0.014482199255091777
104861	grade	0.014393477439989828
104861	footyp	0.014388450070698867
104861	creat	0.014327864509447853
104861	inexpens	0.014308596468708558
104861	suggest	0.014208137186769111
104861	main	0.014137295719825523
104861	glossi	0.014115028948424977
104861	reflect	0.013949627938868964
104861	natur	0.01394085879741744
104861	footh	0.013790011010511964
104861	feelh	0.013509078723314657
104861	option	0.013218400988879228
104861	asic	0.013017668275591419
104861	coast	0.01288876201946321
104861	varyost	0.01285439909065658
104861	6an	0.012818213454034976
104861	ost	0.012605600971289968
104861	hone	0.012500852662598714
104861	name	0.012437421780012158
104861	500	0.012054433272923167
104861	examin	0.012043405222343734
104861	friendli	0.012029600511093006
104861	carefullyf	0.011929399257994251
104861	radiant	0.011928252810661443
104861	approxim	0.01186583725197755
104861	sub	0.011815078373844077
104861	hat	0.011760980510501803
104861	artisan	0.0117106895762889
104861	quantiti	0.011681519112747247
104861	specifi	0.011657204587331958
104861	7	0.011181908953510135
104861	14	0.010578307028891764
104861	pai	0.010398603703715387
104861	budget	0.010196730868960429
104861	try	0.010165068595063075
104861	aren	0.009939017330809402
104861	page	0.00992728397521524
104861	vari	0.009904737170371006
104861	sai	0.009874997865498643
104861	1500	0.00977758605585201
104861	harmon	0.009770689752691021
104861	solid	0.009609040387977028
104861	gener	0.009552503980673505
104861	owev	0.00946137700999599
104861	give	0.009384940252103001
104861	applic	0.009342785138982882
104861	estim	0.00928494613226427
104861	4	0.009219685488533793
104861	ypical	0.009184032957328257
104861	moreif	0.008998131060004376
104861	defin	0.008977235229016752
104861	yearfor	0.008917571242437652
104861	decreas	0.00882302496925989
104861	rade	0.008822047599172538
104861	prepar	0.008817361218848036
104861	economi	0.00879667214269265
104861	compani	0.008759584400603246
104861	epend	0.00870358402642586
104861	run	0.008596046113987498
104861	whole	0.00851332339427973
