169208	licens	0.3080300947777557
169208	2016	0.200288704631265
169208	99	0.18515822777855845
169208	last	0.1716409713743184
169208	2014	0.14954235792672388
169208	1852	0.1406039233886513
169208	york	0.12646907817377528
169208	mexico	0.11929797879740267
169208	first	0.11737598368293245
169208	grow	0.1166361010496936
169208	index	0.09708112555026925
169208	360	0.09568835401118839
169208	toll	0.09555813571237497
169208	take	0.08815598915589481
169208	brows	0.08677633408588169
169208	ir	0.08427510875741097
169208	paycheck	0.079208620090209
169208	easi	0.07865181835074214
169208	39	0.0776723363904407
169208	credit	0.07498407582537137
169208	7000those	0.07315944690827599
169208	highwai	0.07012242140058765
169208	click	0.0688119799245468
169208	fail	0.06762795466823648
169208	881	0.06618674562742674
169208	870	0.06617439440136356
169208	ok	0.065897222859268
169208	onli	0.06573164226629376
169208	charg	0.06468219618809841
169208	consum	0.06414614662825045
169208	95	0.06365160361841124
169208	fect	0.06298279329537142
169208	attach	0.062483523665728166
169208	ee	0.06225978808842713
169208	salari	0.06036850312123516
169208	ad	0.06033857432587394
169208	tabl	0.057959125128052694
169208	answer	0.056855960702105336
169208	biggest	0.05469061019961052
169208	worth	0.0530405499492129
169208	reserv	0.052835361239587195
169208	unit	0.052674675132352806
169208	stamp	0.05260556275835944
169208	member	0.05236411158559842
169208	revis	0.05078795475559273
169208	34	0.05064692191264437
169208	unemploy	0.050429055225931045
169208	ga	0.048310793832372405
169208	deadlin	0.04798761007809637
169208	individu	0.04765581719146179
169208	31	0.045906935535648105
169208	benefit	0.04581437979428273
169208	holidai	0.0458103789415641
169208	collect	0.04533802483543256
169208	overview	0.0447415214037914
169208	statu	0.044358023336817314
169208	revenu	0.04395448475903855
169208	servic	0.04378806528981787
169208	370	0.042286593925614784
169208	govern	0.040833939897140986
169208	employ	0.04076026541607676
169208	automat	0.0407198182921779
169208	second	0.04071091520695194
169208	base	0.03984531748522658
169208	statewid	0.03972269568778722
169208	12	0.03942869841562811
169208	childcar	0.03883807346455204
169208	33	0.03821077784835681
169208	onnecticut	0.037783861768038926
169208	april	0.03759381669383361
169208	compens	0.0375794134595185
169208	wide	0.03665607621460545
169208	prior	0.036598041404983433
169208	well	0.03644413400800907
169208	45	0.03631290483956027
169208	ag	0.03624597863292249
169208	225	0.03618687080113927
169208	ira	0.03612834744894243
169208	prepar	0.03610358191467861
169208	55	0.036095350844498476
169208	subdivis	0.036090746273699244
169208	median	0.035514504294808416
169208	children	0.03545944331260892
169208	lower	0.03529012587417865
169208	size	0.03516687502034566
169208	popul	0.034785904581716036
169208	exampl	0.03419444157115435
169208	621	0.03385412038798243
169208	dont	0.03368096505084591
169208	27	0.033599843845307564
169208	124	0.03359076106564413
169208	10	0.03353614652875787
169208	3	0.03337845474455423
169208	exce	0.03319835541561071
169208	reach	0.03302043980569452
169208	406	0.03300780184784181
169208	ef	0.032439003160693716
169208	1301	0.03200245837154107
169208	07	0.03188073649467008
169208	129f	0.031870618130944536
169208	greater	0.03186470567606317
169208	plan	0.031801146957754066
169208	militari	0.03160319642334899
169208	see	0.03157322744004377
169208	200	0.031131593317003534
169208	month	0.031090237965108583
169208	doubl	0.030971205935448685
169208	350	0.03093853990032402
169208	offic	0.030670371463555997
169208	child	0.03000093787905231
169208	time	0.02986562961697142
169208	4868	0.029632327928122978
169208	department	0.029546859751604412
169208	jun	0.02948918459655624
169208	35	0.029433846610624856
169208	help	0.029218689209029428
169208	requir	0.02910527607493442
169208	18	0.02899386380268879
169208	stock	0.028986731124732348
169208	emploi	0.028382708939556543
169208	predict	0.02832766974223797
169208	compani	0.02822994156023784
169208	park	0.028036598197778678
169208	protect	0.027950764163783944
169208	origin	0.027889520110846343
169208	125	0.02777804608200285
169208	24	0.027708585953055736
169208	reconcili	0.027688919593955977
169208	march	0.02764345240519043
169208	1	0.027607544445950743
169208	equat	0.02747918211692842
169208	box	0.027462890836015972
169208	jackson	0.027286194725015468
169208	qualifi	0.02708904161533445
169208	cheaper	0.027073474576357396
169208	4	0.026672981569204175
169208	325	0.026311593785846504
169208	local	0.026222772076893306
169208	11	0.02614736653652405
169208	251	0.025988721639258857
169208	071	0.025707942469171977
169208	includ	0.025632869586306346
169208	correct	0.025632079189503644
169208	award	0.02547080867193302
169208	epend	0.02544058063655685
169208	3750	0.025417155374111544
169208	62	0.02539482198989012
169208	1930	0.02519576021045783
169208	work	0.025150387498603953
169208	famou	0.02502500682098575
169208	defer	0.02497143717178229
169208	threshold	0.024922423514591424
169208	show	0.024832731623327206
169208	ncome	0.02441476275843357
169208	histori	0.024390176599305424
169208	299	0.02427915686903335
169208	court	0.024225019372397478
169208	status	0.02359752454100097
169208	home	0.02344859329435248
169208	significantli	0.023402696594653837
169208	coupl	0.023388410929778586
169208	section	0.023355722682063162
169208	fund	0.023329437483077187
169208	wallet	0.023141007669419258
169208	screen	0.02280372310277958
169208	16	0.022727914764524647
169208	california	0.02247299777957443
169208	5250	0.022262228922631383
169208	ingl	0.02220248161246499
169208	date	0.02218903042278003
169208	keep	0.02198786706605053
169208	submit	0.02189073594362789
169208	spread	0.0216997692128262
169208	joint	0.02166665868440269
169208	result	0.02133935732992258
169208	72	0.021334089602013235
169208	withhold	0.021303950328958748
169208	todai	0.021231281745402508
169208	version	0.020996926043941197
169208	petit	0.020733040320003854
169208	percentag	0.020687565274609084
169208	extens	0.020636942241389126
169208	can	0.020309099176608215
169208	payment	0.020280011550281734
169208	retir	0.020267391226599367
169208	middl	0.0200505078807163
169208	800	0.019875814606664637
169208	earli	0.019821171432361877
169208	payout	0.01978610821478172
169208	23	0.01957997281927831
169208	margin	0.01927748478902421
169208	except	0.019250078126117023
169208	win	0.019249949111394757
169208	border	0.019121893121590756
169208	nonimmigr	0.019022908088087882
169208	filer	0.01902122667761463
169208	di	0.018978928071573684
169208	juli	0.018919702032463324
169208	bonu	0.01890746278109464
169208	part	0.018885527508711343
169208	minu	0.018837900755166326
169208	451	0.018829183490918826
169208	6	0.018758328816433436
169208	00	0.018734586134772083
169208	oxford	0.018559171168389624
169208	perform	0.018553605938418732
169208	880	0.018548726286870484
169208	consequ	0.018492056918735268
169208	0	0.018298329233356735
169208	activ	0.017970554269083932
169208	map	0.017910011611342837
169208	660	0.01771949065623072
169208	pharmaci	0.017516017026430467
169208	studi	0.017500381892035174
169208	asylum	0.0174133923011497
169208	baltimor	0.01737399363834046
169208	751	0.017332683097265256
169208	gain	0.0173319749229774
169208	com	0.016964508348841265
169208	util	0.01666755806076643
169208	goodby	0.016666639455436318
169208	adjust	0.01665049289171258
169208	335	0.016609622839572475
169208	us	0.016592555962046
169208	rise	0.01651831576604988
169208	duct	0.016476260252062357
169208	firearm	0.01643693415172148
169208	repres	0.01638482962325875
169208	sharehold	0.016368703130777672
169208	appli	0.01607108960076607
169208	reduc	0.01593743467284085
169208	net	0.015920605886463702
169208	457	0.015807913721435408
169208	46	0.01580099658787897
169208	current	0.015679420936298087
169208	wallethub	0.015533690156693388
169208	461	0.015514347595079317
169208	gener	0.015476087271352227
169208	onc	0.015409195911618892
169208	websit	0.015408537783193432
169208	divis	0.015370935613278637
169208	track	0.015164369639485458
169208	30	0.015031585189224232
169208	301	0.014963050282998285
169208	proce	0.014816145176563303
169208	compris	0.014727247416553504
169208	commiss	0.014726352782429446
169208	adult	0.014696647309133573
169208	timber	0.014672981734135887
169208	deduct	0.014498813604486335
169208	sc1040	0.014486270018507996
169208	jointli	0.01433671225189641
169208	search	0.014231820033397957
169208	inform	0.014155102937837217
169208	align	0.014148591069236662
169208	depend	0.01414047835638171
169208	north	0.014082638498442894
169208	nebraska	0.014050045247355059
169208	famili	0.013993764346810976
169208	normal	0.013989766049205501
169208	441	0.013893941516718614
169208	25	0.013612991623560083
169208	15	0.013371069636046099
169208	card	0.013240048114397007
169208	5	0.013184341576188054
169208	find	0.013148473430810022
169208	hotlin	0.012876779575372864
169208	land	0.012778288881347199
169208	388	0.012745849882176722
169208	progress	0.012731307601922762
169208	select	0.01268745262615713
169208	real	0.012595020949471384
169208	long	0.012549397117024512
169208	beneficiari	0.012513672236090366
169208	resourc	0.01243901677464347
169208	blatant	0.012367902931998132
169208	go	0.012347491810019335
169208	regular	0.012341908768226164
169208	basi	0.012258724673912796
169208	17	0.011942922710212623
169208	highest	0.011899649557128968
169208	led	0.011822114364753465
169208	178	0.01177538268505173
169208	rang	0.011521611694066495
169208	7	0.01139316252282455
169208	portion	0.01135334550220573
169208	2250resid	0.01119966834704554
169208	born	0.01103606858085062
169208	legislatur	0.010999541037534573
169208	honor	0.010985834261613068
169208	calcul	0.010980275116898659
169208	alaska	0.010969626114056493
169208	2323	0.010967468183510045
169208	purchas	0.010936037177347221
169208	occupi	0.010793350435726597
169208	railroad	0.010690769772760062
169208	polit	0.010632424500893125
169208	hub	0.01055892089895204
169208	403	0.010439431239010243
169208	municip	0.010436900556483249
169208	2750	0.01032192488027333
169208	nfa	0.010299705791737085
169208	best	0.010253927253372343
169208	taxpay	0.010176711999306552
169208	need	0.01015113687762682
169208	oper	0.01012314394025484
169208	common	0.010075901480383646
169208	recent	0.009993408037616941
169208	450	0.009978651868908665
169208	valu	0.009918371740209623
169208	printabl	0.009917839169729435
169208	high	0.009898252836579689
169208	roth	0.009805685589214363
169208	louisiana	0.00965561693461868
169208	tab	0.009637774121787599
169208	back	0.009539139522630396
169208	huge	0.009509661175980474
169208	issu	0.009509658864006752
169208	651	0.009502850841631376
169208	50	0.00949648024683223
169208	parti	0.009376323105020979
169208	jersei	0.009337831640572725
169208	expect	0.009275577894500174
169208	automobil	0.009214403420156059
169208	locat	0.009119504492895388
169208	read	0.008984146874577832
169208	uniqu	0.008967769600457707
169208	plu	0.008848870631766852
169208	retire	0.008842798799084449
169208	annuiti	0.00882694119881016
169208	pdf	0.00864124400131284
169208	asses	0.008533530897417442
169208	7318	0.008450386611156723
169208	bank	0.008342096234586297
169208	5520	0.008111803006977355
169208	car	0.008005986745907353
169208	68	0.007986909228295692
169208	form	0.007862055542422999
169208	26	0.007858825422352205
169208	7801	0.0076478557366328895
169208	balanc	0.007529961794791542
169208	valorem	0.0074930266186764944
169208	dakota	0.0074880037955194064
169208	voucher	0.007458888514451306
169208	foundat	0.007409004167256032
169208	300	0.0073932833218779736
169208	pension	0.007271762090496798
169208	75	0.007204306886417028
169208	citizen	0.00718984045800504
169208	defin	0.007012648996857927
169208	copyright	0.007007258100363223
169208	am	0.006979989478767019
169208	hour	0.006950763909878882
169208	351	0.006944643565942481
169208	letter	0.006849015865531845
169208	custom	0.006623133992627743
169208	casino	0.006471019416959402
169208	910	0.006470693489913405
169208	cost	0.0064073164073788665
169208	dc	0.006315691798425054
169208	rake	0.006081360717165669
169208	enter	0.006079733534884071
169208	don	0.00607641340290397
169208	2761	0.00605182397362147
169208	phone	0.0057829830081439475
169208	celebr	0.005754566199943339
169208	925	0.005735846203372835
169208	made	0.0056141497455970395
169208	fulli	0.005501310780433639
169208	put	0.005441997878359613
169208	system	0.0054228925041918475
169208	460	0.005272381036040314
169208	excess	0.00526262026481224
169208	pertain	0.0052526500480543515
169208	mai	0.0051841273159486485
169208	return	0.005079209146048242
169208	180	0.004907914247271255
169208	2015	0.004856814329294314
169208	hospit	0.004812102024864557
169208	equal	0.004737667961717253
169208	south	0.004694672777413079
169208	263a	0.004592864285373801
169208	rule	0.004471931801076707
169208	simpli	0.004199370998102887
169208	310	0.004069409411377903
169208	guard	0.003988450028224798
169208	fulfil	0.003972054128881816
169208	whop	0.0038376941937475362
169208	801	0.0038148279871576007
169208	resid	0.003581138948450004
169208	mississippian	0.0035295291156613676
169208	db	0.0034958083601086282
169208	7000	0.0033694654047757375
169208	social	0.0031913517253129523
169208	product	0.0031738004108133712
169208	spous	0.0030898284509376273
169208	con	0.0030239081249888713
169208	regul	0.002995737268376702
169208	410	0.002943397059594154
169208	function	0.002936134591651633
169208	bolton	0.0029229787237118293
169208	place	0.002769887033400806
169208	illinoi	0.002706987543155982
169208	tion	0.00269519802871571
169208	tax	0.002598626914435034
169208	indiana	0.0025313705987007025
169208	2009	0.0025208523905410466
169208	assist	0.002411855872368271
169208	colorado	0.0023071261660597654
169208	next	0.0022954917355495026
169208	ur	0.002245651136496056
169208	worker	0.002208002410903385
169208	combin	0.0022058021991075054
169208	145	0.002197832272172513
169208	9	0.0021887066566221047
169208	relief	0.00211217316220883
169208	question	0.0020834854632996096
169208	effect	0.0020714901914088268
169208	save	0.001937276533422317
169208	708	0.0019134547252307578
169208	learn	0.0018949398620304694
169208	virtual	0.001640954924863262
169208	01	0.0016328402866349373
169208	943	0.0016325890520996018
169208	access	0.0015407066161067632
169208	enclos	0.0013836580152472126
169208	invest	0.0013750303890481838
169208	750	0.0011847989726223704
169208	189	0.0010826990201519724
169208	consult	0.0009790782145578858
169208	period	0.000837585314630704
169208	smart	0.0008366649962052687
169208	incom	0.0007098059194818437
169208	2250	0.0006345286471760033
169208	addit	0.0006240746683497411
169208	approv	0.0005998240707161704
169208	missouri	0.00023744164738972383
169208	mississippi	0.00023325721030294732
169208	fee	0.0002277273210075403
169208	utah	0.00022762056991187674
169208	higher	0.00017236312006422855
169208	student	0.0001696585414849186
169208	ississippi	-6.012021614997102e-05
169208	option	-0.00016961147347364512
169208	year	-0.0003042589727570594
169208	data	-0.00037814705913163227
169208	ccord	-0.00039465928728895576
169208	hawaii	-0.0004302652049170251
169208	site	-0.0004358487550195042
169208	entitl	-0.0004910676214442589
169208	secur	-0.0006894112591223604
169208	farm	-0.0007049147286095891
169208	feder	-0.0007193496137271591
169208	923	-0.0007789782046248006
169208	increas	-0.0007859601032138104
169208	261	-0.0009115819698900514
169208	run	-0.0009484751936446023
169208	tree	-0.0013933790531158912
169208	258	-0.0014730394071962411
169208	w2g	-0.0014968566649715062
169208	mean	-0.0015682503527287988
169208	come	-0.001733017550289832
169208	accur	-0.001808799593445068
169208	penalti	-0.0018642415454923399
169208	411	-0.0019107300623545202
169208	rel	-0.0019395175712450718
169208	withheld	-0.0020292137340706716
169208	folder	-0.002162259651261188
169208	97	-0.002251456097859865
169208	signific	-0.0023962036133374645
169208	hampshir	-0.002428041105223403
169208	burden	-0.0024509608123785775
169208	flat	-0.0024531388584555906
169208	round	-0.0026335917383708716
169208	sec	-0.002666574543857162
169208	know	-0.0026758641962226688
169208	unfortun	-0.0027205811946125784
169208	direct	-0.002764012290354366
169208	definit	-0.0027776928389122504
169208	meet	-0.0028012162136872203
169208	wai	-0.002804830666111258
169208	job	-0.002866846116174065
169208	jurisdict	-0.002953628536326972
169208	relationship	-0.003072033119228123
169208	interpret	-0.003103075009634722
169208	dedic	-0.003135767899453054
169208	carolina	-0.0031772587031157246
169208	sai	-0.0032822342053493987
169208	paid	-0.0034841700580789444
169208	expens	-0.0034988798809670093
169208	pai	-0.0035412823244814944
169208	design	-0.0035616033319666647
169208	sale	-0.0036171122835432054
169208	52	-0.0037382571132926023
169208	500	-0.003904875140262708
169208	250	-0.003948169780291397
169208	free	-0.004029920499728885
169208	univers	-0.00426746790243029
169208	twenti	-0.004336010044808453
169208	cycl	-0.004376135739972647
169208	taken	-0.004552742674761989
169208	upper	-0.004757116352706491
169208	connecticut	-0.004807319292988223
169208	act	-0.004873615812240727
169208	401	-0.005058105104170628
169208	onlin	-0.005191956948613203
169208	futur	-0.005217470340368014
169208	chang	-0.005377763357256603
169208	varieti	-0.005468712505447595
169208	951	-0.005568315208909097
169208	washington	-0.005602351220122532
169208	retail	-0.005620507933982477
169208	marri	-0.005689796067593028
169208	61	-0.005801618424738462
169208	960	-0.005869268317321377
169208	tennesse	-0.005937982887557864
169208	level	-0.006025137571807645
169208	fair	-0.006036617147373881
169208	sector	-0.006058711705189163
169208	check	-0.006058886624075858
169208	calendar	-0.00608892866473175
169208	gambl	-0.006439237555239537
169208	actual	-0.006574963196414263
169208	ye	-0.0066146486890824785
169208	econom	-0.006682940003707571
169208	relev	-0.006686753209074609
169208	contact	-0.0066883639668756135
169208	copi	-0.006848936404247987
169208	low	-0.00688223905074168
169208	05	-0.0069453140268037564
169208	peopl	-0.00707018921835843
169208	475	-0.007166693156902183
169208	elig	-0.007216832998686798
169208	bracket	-0.007395849865315357
169208	major	-0.007406869982937135
169208	support	-0.007466610175309774
169208	right	-0.007504503802520326
169208	necessarili	-0.007585354288016607
169208	surtax	-0.007719640822280921
169208	examin	-0.007730472743776464
169208	florida	-0.00773933023433365
169208	estat	-0.007768244906579588
169208	bit	-0.007893941347389247
169208	regist	-0.00798977332926126
169208	budget	-0.00812419297377472
169208	old	-0.008131887929501893
169208	type	-0.008159857055172309
169208	consid	-0.008297922414921909
169208	name	-0.008320218211543788
169208	head	-0.008592917648259434
169208	amount	-0.00874439205286463
169208	exclud	-0.008992900682729435
169208	condit	-0.008998262845420811
169208	popular	-0.00900729897284081
169208	impos	-0.00901033536030839
169208	live	-0.009018575911032714
169208	555	-0.009085868204664144
169208	program	-0.009102352541851278
169208	70	-0.009124089188471015
169208	region	-0.009180756277287757
169208	gulfport	-0.009261778153895915
169208	620	-0.009282752095206468
169208	997	-0.00929813022185124
169208	hope	-0.009312119589254974
169208	056	-0.009336087996722265
169208	rank	-0.009345757990518764
169208	maryland	-0.009353962658265253
169208	taxabl	-0.009437086648448804
169208	bui	-0.009492573777546878
169208	withdrawn	-0.009519138495855249
169208	river	-0.009600129257635391
169208	29	-0.009642785408934857
169208	link	-0.00972767828818256
169208	top	-0.009753538769515277
169208	given	-0.009978600674138602
169208	fix	-0.010193366429855799
169208	80	-0.010241400790038574
169208	610	-0.010273312808012507
169208	estim	-0.010292629417728091
169208	vermont	-0.010410585472742049
169208	seventh	-0.010410995092590988
169208	fourth	-0.010522788841077546
169208	longev	-0.010538730434739412
169208	040	-0.010572798427210789
169208	case	-0.010662524238862006
169208	1099	-0.010727192956203587
169208	known	-0.010780835363050436
169208	yedda	-0.01082573200060917
169208	lookup	-0.010971916058616034
169208	accept	-0.011107099704182775
169208	nonresid	-0.011123340788477366
169208	361	-0.011246935527785057
169208	word	-0.01126625039611316
169208	43	-0.01138268512778739
169208	lowest	-0.011436549920289175
169208	hall	-0.011555285727386358
169208	account	-0.011577249911038945
169208	applic	-0.01191169940691078
169208	wyom	-0.011924188820230766
169208	assess	-0.012155569819849247
169208	move	-0.012227214909479612
169208	non	-0.01223542886116003
169208	element	-0.012241191288815843
169208	1800	-0.01228170090404576
169208	correspond	-0.012339392981473575
169208	page	-0.012364473182204972
169208	billion	-0.012416568982574766
169208	agricultur	-0.012710027172805309
169208	540	-0.012883941216037604
169208	obtain	-0.012919814104426266
169208	advertis	-0.012932967848516124
169208	state	-0.013012273714441592
169208	item	-0.0131823941097527
169208	levi	-0.013375378684703261
169208	14	-0.013433111245138296
169208	199	-0.013495032488052446
169208	pera	-0.013501101576679431
169208	still	-0.013531077926626561
169208	figur	-0.01354813191211596
169208	academ	-0.01356015632162548
169208	856	-0.013643397521497083
169208	establish	-0.013681295579893693
169208	050	-0.013872460989039704
169208	dividend	-0.014068641790753915
169208	technician	-0.014177338068047636
169208	just	-0.014226739596609498
169208	60	-0.01426990080871253
169208	90	-0.014292448881490475
169208	flow	-0.014346968895911853
169208	separ	-0.014439551791376801
169208	refund	-0.014475992008844016
169208	list	-0.014590285433357796
169208	februari	-0.014711346690272619
169208	complet	-0.01480330407018108
169208	070	-0.014894876217212168
169208	produc	-0.014916494127500294
169208	21	-0.014917098429912465
169208	28	-0.014948461661023565
169208	forest	-0.015024629005950663
169208	properti	-0.015133664561700181
169208	maximum	-0.015201003305221152
169208	prorat	-0.015211776370090623
169208	vari	-0.01522292711077882
169208	imagin	-0.01522352305704676
169208	ow	-0.01524600665329536
169208	new	-0.015417601873290413
169208	yearli	-0.015497966659459048
169208	give	-0.015502999611679507
169208	ms	-0.015508768576197218
169208	met	-0.01551403260078001
169208	600	-0.015684434851433754
169208	childmind	-0.01570800040659331
169208	minnesota	-0.015753606086000033
169208	001	-0.01579480029052038
169208	mail	-0.015814451476051802
169208	call	-0.015852587399306665
169208	capita	-0.01604955849486918
169208	041	-0.016077308351707856
169208	law	-0.01609687653249088
169208	tue	-0.0161580862896811
169208	capit	-0.01637167017388119
169208	205	-0.01637331977141971
169208	2011	-0.01639509150274566
169208	mpe	-0.01642489554458452
169208	sure	-0.016495065436488897
169208	tomorrow	-0.01671307697516862
169208	earn	-0.0168499670325111
169208	tell	-0.01692323861417367
169208	03	-0.017188030154982804
169208	identif	-0.017205868471345535
169208	052	-0.017217438148913564
169208	46th	-0.017270582006815603
169208	averag	-0.017447392397159176
169208	42	-0.01746856218379566
169208	permit	-0.017593234705445816
169208	nsatio	-0.01769074100768107
169208	kei	-0.017769040930588925
169208	pennsylvania	-0.017774475006039313
169208	tuition	-0.017930177537038957
169208	friendli	-0.017932627886194367
169208	let	-0.018161728121918935
169208	school	-0.018177362729190842
169208	51	-0.018204379838169218
169208	hous	-0.018265736330902563
169208	85	-0.018348537253250505
169208	engag	-0.018377499861679733
169208	advantag	-0.018801280277484147
169208	tangibl	-0.019110777685645758
169208	across	-0.01941720456093109
169208	075	-0.019477048673123245
169208	start	-0.019490790840376533
169208	view	-0.01949619276301818
169208	america	-0.01964348050267222
169208	lost	-0.019716527356702818
169208	monei	-0.019804492666402662
169208	care	-0.019876786714572277
169208	role	-0.01999408785426015
169208	223	-0.02002908194801348
169208	divid	-0.020197256002640974
169208	wage	-0.02027325306668458
169208	nation	-0.020407800756823323
169208	20	-0.020562565569714503
169208	contrast	-0.02079648057605261
169208	counti	-0.02101348936497545
169208	promot	-0.021035144413527825
169208	older	-0.021284888199526016
169208	doesn	-0.021351611854800296
169208	conveni	-0.021608264064440615
169208	051	-0.02200325182021623
169208	sixth	-0.022133278987145493
169208	kept	-0.0221791852113298
169208	receiv	-0.022236113045553507
169208	here	-0.022349318192844712
169208	found	-0.022386733027787122
169208	titl	-0.022387861055044974
169208	pa	-0.022557602405652563
169208	texa	-0.022573795721133917
169208	fill	-0.02264863590146387
169208	who	-0.02281032346502251
169208	button	-0.02284548956028761
169208	po	-0.022852429778405847
169208	late	-0.022935148268789153
169208	offset	-0.02297065581365775
169208	purpos	-0.023207181485188733
169208	2013	-0.023359388377534436
169208	corpor	-0.023506359180165155
169208	particip	-0.023529809573889
169208	hildcar	-0.02373994654264752
169208	tradit	-0.02380207980616828
169208	term	-0.02383785761909348
169208	vehicl	-0.023904381712170263
169208	will	-0.0239437263619539
169208	incorrect	-0.024039229947224773
169208	claim	-0.024144562540511266
169208	871	-0.024696826632558525
169208	registr	-0.024852132213539133
169208	clarif	-0.024896369432973117
169208	partli	-0.02490378766646589
169208	rate	-0.02496542058814534
169208	trust	-0.024977772555823258
169208	attract	-0.02518327766638792
169208	950	-0.02544390364180999
169208	area	-0.025641043622774876
169208	662	-0.025686001335128616
169208	public	-0.026004266097431186
169208	260	-0.026013617503387845
169208	note	-0.026328946291841775
169208	make	-0.02666966182809068
169208	percent	-0.026890345900327645
169208	relat	-0.026963690835055575
169208	differ	-0.02702364807202588
169208	graduat	-0.027100367731204226
169208	601	-0.027236741422162262
169208	market	-0.027469685702301447
169208	206	-0.027556701630241334
169208	oregon	-0.02758816454112235
169208	order	-0.02761599393214693
169208	subject	-0.027654015663525527
169208	hewitt	-0.02770181471606007
169208	gross	-0.02781544757962858
169208	realiti	-0.02787631142746422
169208	recreat	-0.027895613440553576
169208	nevada	-0.027999805177079236
169208	405	-0.028089542562778524
169208	82	-0.028304537253196777
169208	abat	-0.028339049393872478
169208	541	-0.028591775539504156
169208	spend	-0.02864972126189812
169208	indic	-0.02871635794617004
169208	13	-0.028761062209089066
169208	700	-0.02887786673297687
169208	great	-0.02888697826035497
169208	508	-0.028891367418491562
169208	introduc	-0.028930123915874444
169208	900	-0.029473491854375467
169208	alabama	-0.02956810553135336
169208	36	-0.029704371555868175
169208	recipi	-0.029790036687091674
169208	person	-0.02998628610138959
169208	829	-0.03013391750898587
169208	400	-0.030178660052471516
169208	1145	-0.030353764542677516
169208	experi	-0.030467117425910663
169208	abl	-0.030826063787697443
169208	sourc	-0.03082846694078223
169208	code	-0.030984668317640324
169208	main	-0.03106284858809646
169208	payer	-0.0313391038801602
169208	expand	-0.03134027428954266
169208	point	-0.031774704915656066
169208	2017	-0.0319517310007992
169208	650	-0.03200096163130409
169208	interest	-0.03212034102970664
169208	notabl	-0.03216529119046812
169208	privat	-0.032308178839960254
169208	611	-0.0324299304344772
169208	follow	-0.03276050929754075
169208	tap	-0.03276320962400483
169208	southern	-0.033196273766242776
169208	distribut	-0.033344593197649264
169208	arizona	-0.033605789013959345
169208	citi	-0.03397512197260764
169208	american	-0.03400054457992417
169208	parent	-0.03408783432575525
169208	899	-0.03428157127497155
169208	kansa	-0.034951986563438314
169208	2012	-0.035128512945767056
169208	household	-0.035320472764313604
169208	49	-0.03545206220219064
169208	8	-0.0356491017153184
169208	901	-0.03591298688441604
169208	weather	-0.03594344326837548
169208	archiv	-0.03614594311154376
169208	technic	-0.03628093521108832
169208	37	-0.036768944663414856
169208	poultri	-0.03690258274752934
169208	remain	-0.03733155823589953
169208	approxim	-0.03746774644280231
169208	311	-0.037587069727288806
169208	000	-0.037609665655173284
169208	plai	-0.037617519850940154
169208	due	-0.037872863392293496
169208	civil	-0.03863100237836961
169208	98	-0.03926593967964343
169208	lunat	-0.039278052215452226
169208	579	-0.039293973934550544
169208	file	-0.03936477852322019
169208	count	-0.039545626977609154
169208	busi	-0.040102314442798846
169208	exempt	-0.04045290356611491
169208	296	-0.04047178800214481
169208	501	-0.04049955971987578
169208	set	-0.040809516326628416
169208	liabil	-0.04106408552055232
169208	dai	-0.04122488179086434
169208	523	-0.04152067672500138
169208	154	-0.04164639803526263
169208	divorc	-0.041664226347925326
169208	65	-0.04275266350228888
169208	energi	-0.04281403993364836
169208	number	-0.0432930363843994
169208	149	-0.04342553835296608
169208	treat	-0.04353729585803766
169208	2	-0.04360937115886829
169208	fianc	-0.043824487910601194
169208	inspector	-0.04387423915110041
169208	countri	-0.04402443389653754
169208	dollar	-0.04407323059680115
169208	affidavit	-0.044558847195476196
169208	procedur	-0.044893490630434296
169208	32	-0.045054506918053384
169208	special	-0.045219688691470895
169208	good	-0.045718828059792355
169208	2688	-0.0460054994055242
169208	89	-0.04613276263337232
169208	flexibl	-0.04615934036136917
169208	280	-0.04745991234384787
169208	similar	-0.047643630819385115
169208	depart	-0.048694319530550985
169208	100	-0.04910289587608419
169208	deposit	-0.04919308041655846
169208	million	-0.050441193782580156
169208	22	-0.05059171178687881
169208	1040	-0.05084543840975237
169208	annual	-0.05138076032765341
169208	bought	-0.052770478379157604
169208	efil	-0.05307646181201894
169208	report	-0.05327494101447935
169208	surpris	-0.053385602707580415
169208	face	-0.05347323061961103
169208	slightli	-0.056638570832286024
169208	150	-0.0569368317500348
169208	contribut	-0.05732885034349504
169208	singl	-0.05773267781789011
169208	449	-0.05800798579498366
169208	allow	-0.0614717926469446
169208	oblig	-0.06249861334415416
169208	kw	-0.06878676896874103
169208	percentouth	-0.0696813943960837
169208	fall	-0.06974990137039055
169208	total	-0.0699458261409379
169208	1848	-0.0708533667684348
169208	comparison	-0.07384365209962096
169208	district	-0.08037626627213298
169208	medal	-0.08174348397941496
169208	want	-0.08938916246285807
169208	georgia	-0.09119006743329688
169208	employe	-0.1014455580955648
169208	growth	-0.10548722609276429
169208	31st	-0.10570745092256544
169208	ation	-0.10813501437280978
