1113256	femal	0.5769467766435692
1113256	61	0.1289601549516561
1113256	richest	0.11325516315398222
1113256	down	0.11154616210756045
1113256	invis	0.10387953336869607
1113256	writer	0.07900172873311205
1113256	musician	0.07815988608470982
1113256	statement	0.0734914813783371
1113256	hassidi	0.06903474846982954
1113256	singl	0.0630775769181653
1113256	genr	0.06252974686118389
1113256	de	0.059464152321528414
1113256	recent	0.05663705573834356
1113256	kentucki	0.05594845614766282
1113256	star	0.05506437563309854
1113256	fri	0.054292743745443975
1113256	clark	0.05330480335416083
1113256	split	0.05308609968743796
1113256	sixteen	0.05259114700488548
1113256	banner	0.0501983567773674
1113256	2007	0.04987298824520214
1113256	kiowa	0.04935566003457606
1113256	davi	0.04912051598924812
1113256	arrang	0.048904633938196156
1113256	itun	0.0486853231717026
1113256	taylor	0.04839627912480007
1113256	daddi	0.04690029930024651
1113256	commerci	0.046543186365966056
1113256	tragedi	0.045557828608836066
1113256	billion	0.04403233828467711
1113256	swing	0.04122024419234423
1113256	marlon	0.04058983260025025
1113256	latest	0.040180211278122886
1113256	stuck	0.039629114380193634
1113256	fell	0.039377444034776436
1113256	christian	0.03915075894766065
1113256	greatest	0.038987247631901846
1113256	garner	0.03869893351323455
1113256	50th	0.03842667794570805
1113256	gai	0.03810655103621923
1113256	repeatedli	0.037620328178532975
1113256	world	0.03704238014144104
1113256	240	0.03695021018200703
1113256	warren	0.03625426154574795
1113256	act	0.03613666037989385
1113256	1982	0.03583310330551418
1113256	brenda	0.03580412421483494
1113256	mom	0.03542774936538191
1113256	melissa	0.03527754067960797
1113256	word	0.03512930077854595
1113256	histori	0.0349468424945667
1113256	valu	0.03479425658538767
1113256	superstar	0.03455346933958148
1113256	kelli	0.03420836515327738
1113256	junior	0.034105196896400666
1113256	financ	0.034095353340701885
1113256	respect	0.033864417469020434
1113256	incom	0.03381728521765683
1113256	warner	0.03321697967453459
1113256	cook	0.033215758161935345
1113256	beth	0.03309923069340533
1113256	worth	0.032777963345852985
1113256	person	0.03259461631027043
1113256	yacht	0.03234288996194029
1113256	malibu	0.03200624393233587
1113256	rodeo	0.03140791899826489
1113256	sibl	0.031226092783533638
1113256	broken	0.030847513030701806
1113256	known	0.030316485126447013
1113256	steve	0.030035813497118938
1113256	busi	0.029657435924176828
1113256	nurtur	0.029592555736936463
1113256	massiv	0.02931969863418151
1113256	folk	0.02926166602204901
1113256	mcentir	0.028492278516522158
1113256	audienc	0.028273868766075225
1113256	huge	0.028124227691370244
1113256	lessep	0.02803635866611543
1113256	slutti	0.027983163231769678
1113256	amazonmp3	0.027668838200318065
1113256	mainardi	0.027665465058711595
1113256	johnni	0.027505936157645135
1113256	reach	0.027358309766602962
1113256	budot	0.027328555216860565
1113256	melt	0.027248899771834523
1113256	1994	0.02693445375639658
1113256	high	0.026802796321859328
1113256	deejai	0.02675837158591856
1113256	vincent	0.026728767227161207
1113256	nell	0.02652385278649508
1113256	reunit	0.02651077753837671
1113256	cap	0.026440856640130884
1113256	hollywood	0.02639757230440938
1113256	28th	0.02635853406640438
1113256	tv	0.026333987303757835
1113256	oki	0.026253837423074963
1113256	usa	0.026178508281292052
1113256	1987	0.02616802188225214
1113256	toni	0.02599037294722343
1113256	tour	0.025820688461858546
1113256	nashvil	0.025447794962464073
1113256	fallon	0.025310835304594086
1113256	businesswoman	0.024992491546407584
1113256	involv	0.02495754787013099
1113256	reunion	0.02479572101662649
1113256	monetari	0.024777791184333098
1113256	aisl	0.024398928931344623
1113256	heard	0.02421048076979016
1113256	sell	0.023722497642055643
1113256	reign	0.023666845073509548
1113256	approxim	0.023664701302230664
1113256	thank	0.023242270622600553
1113256	million	0.023237010640443968
1113256	read	0.023224690672342688
1113256	pv	0.02313150279121331
1113256	honor	0.022964795227566243
1113256	1989	0.022920940831352096
1113256	vote	0.02273981338452179
1113256	jimmi	0.022698596182516677
1113256	fals	0.022478018448390702
1113256	95	0.02229243011151443
1113256	commic	0.02227767636769861
1113256	360	0.022226412272560482
1113256	1970	0.02219745152750015
1113256	readi	0.02213849054446271
1113256	earhardt	0.021913570270702627
1113256	2002	0.021691803136376933
1113256	band	0.021678791982258264
1113256	transit	0.02158280524481233
1113256	dawn	0.021543497165809482
1113256	heartbreak	0.021388602368159794
1113256	60	0.021343289806937334
1113256	justic	0.02128569053956781
1113256	hit	0.02089361929298298
1113256	pinkett	0.020809023903258003
1113256	air	0.020487827258105287
1113256	jada	0.020474976958737203
1113256	301	0.0203594535002944
1113256	target	0.0202380055472911
1113256	1969	0.02014044680358734
1113256	fortun	0.020015157639667526
1113256	weight	0.019946292358987334
1113256	narvel	0.019895665077699628
1113256	award	0.01980666433300949
1113256	smith	0.019771101198597485
1113256	resound	0.019718173558207083
1113256	jake	0.019525593100234703
1113256	season	0.019386455356595472
1113256	comcast	0.01934672130063085
1113256	highest	0.01879157844416187
1113256	now	0.018740015085820606
1113256	famili	0.01871005787980896
1113256	video	0.018695889825251163
1113256	12	0.01857582965610597
1113256	don	0.018573886575543687
1113256	idl	0.018530551648214343
1113256	influenc	0.018460552400906938
1113256	wow	0.018441437450069043
1113256	9	0.01838008768854856
1113256	chicken	0.018261662673566926
1113256	santa	0.018140391156201207
1113256	jacki	0.018138833476981715
1113256	liabil	0.018112639691352763
1113256	rave	0.01771047866344289
1113256	rough	0.017676362915746136
1113256	lyric	0.01764841593080024
1113256	rebelli	0.01764158411081909
1113256	increas	0.017635498586450513
1113256	work	0.01763299774067023
1113256	1903	0.017614517518109635
1113256	popular	0.017528348520306797
1113256	formal	0.017510601143700903
1113256	lyrics007	0.017474836831496244
1113256	hussi	0.017411276633652505
1113256	combin	0.01736363718131789
1113256	born	0.01733300778117142
1113256	monei	0.01714854963764954
1113256	come	0.017121270038666824
1113256	46	0.017108502016986507
1113256	76	0.016800680375264006
1113256	bui	0.016680880775482635
1113256	mtv	0.01661272570351777
1113256	boi	0.016551760146709487
1113256	live	0.016397083632004678
1113256	babi	0.016394819786804418
1113256	nomine	0.016345400645412667
1113256	john	0.01631454488629067
1113256	estel	0.016159852796087126
1113256	songstress	0.015897503774327068
1113256	grow	0.01584932934279685
1113256	58	0.01573936589026447
1113256	duboi	0.015600468094346922
1113256	stai	0.015528978805224032
1113256	websit	0.015400184521596434
1113256	cruis	0.015360304548245444
1113256	web	0.015329433802798843
1113256	ol	0.015291236057797124
1113256	releas	0.015278959862849868
1113256	summari	0.015128773186578818
1113256	children	0.015093758579061065
1113256	success	0.014976563439219001
1113256	win	0.014968231630294445
1113256	hair	0.014963041328689518
1113256	dish	0.014794465649761609
1113256	cabl	0.014780031984704576
1113256	told	0.014775876685884157
1113256	06	0.014768787763344678
1113256	tell	0.014767346894771242
1113256	angel	0.014671496659016204
1113256	smooth	0.014655027314134763
1113256	linda	0.0146376455222661
1113256	well	0.014625078007165839
1113256	travel	0.0146032818347714
1113256	detail	0.014551624919854985
1113256	rosa	0.014492458518255086
1113256	marc	0.014431066463448267
1113256	size	0.014422635619771433
1113256	7	0.014350328198310773
1113256	standard	0.014323579583435811
1113256	6	0.014134174506432723
1113256	focus	0.014063197871048875
1113256	be	0.014011067146401116
1113256	compar	0.013846105167850672
1113256	across	0.013819291333200952
1113256	boom	0.013756484944631147
1113256	holidai	0.013750172174355991
1113256	tommi	0.013565332177548173
1113256	bail	0.013561702140321248
1113256	februari	0.01351596979168702
1113256	pain	0.013510677772455633
1113256	devout	0.013448290779003905
1113256	shock	0.013339689607482783
1113256	role	0.013235719118921596
1113256	calcul	0.013107523649824924
1113256	1993	0.013073336637775938
1113256	georg	0.013059052669796583
1113256	join	0.013051974915250095
1113256	perfrom	0.012984147329583879
1113256	won	0.012972836733763074
1113256	radio	0.012960318454310466
1113256	august	0.012745772380920669
1113256	solang	0.01256006699463507
1113256	qualiti	0.012524598579653207
1113256	river	0.012512123936218412
1113256	wors	0.012455305106393581
1113256	prove	0.012425043545669442
1113256	date	0.012380731694808623
1113256	estim	0.012352431444203877
1113256	routin	0.012302934666823891
1113256	lauren	0.012285510483127116
1113256	brad	0.012254610815881207
1113256	director	0.01216443584087309
1113256	olivia	0.012107815797514073
1113256	barbara	0.01204496243730785
1113256	57	0.011993101188266943
1113256	actress	0.01193530854911292
1113256	bounti	0.011903425563942442
1113256	take	0.011848224770227523
1113256	sum	0.011832667561114724
1113256	marri	0.011832078626428174
1113256	simpl	0.01179130713359567
1113256	week	0.01173008195368724
1113256	32	0.011729996710485168
1113256	legendari	0.011687572180802092
1113256	20lyric	0.011616602381961591
1113256	hart	0.011573173937181177
1113256	steer	0.011481737425450776
1113256	septemb	0.0114592252985912
1113256	400	0.011303760774459336
1113256	saw	0.011275506471795248
1113256	friend	0.011239148331572454
1113256	secret	0.011141906048024905
1113256	ballad	0.011000042982480637
1113256	celebr	0.01091895667970498
1113256	bieber	0.010890198774005443
1113256	addit	0.010833950411414233
1113256	875	0.010826992279514603
1113256	piec	0.01079643276024111
1113256	rs	0.010706259482348261
1113256	wrote	0.01070098212294061
1113256	450	0.010689364895078914
1113256	box	0.01050183430766295
1113256	daughter	0.010487208102713634
1113256	fv	0.010382887972005227
1113256	england	0.01028067412982996
1113256	googl	0.010247270114478332
1113256	spent	0.010226944314343634
1113256	costar	0.01020161754683237
1113256	local	0.010193977934604505
1113256	month	0.010153217826914751
1113256	art	0.01011336633844002
1113256	career	0.009923752307287158
1113256	episod	0.009849206281973576
1113256	volum	0.009799124900710512
1113256	clinton	0.00979073206910211
1113256	octob	0.009781067693964716
1113256	haven	0.009766035056928146
1113256	stun	0.009684342493193292
1113256	usic	0.00966774289893408
1113256	4	0.009530987010486722
1113256	cowboi	0.009524236634627465
1113256	twitter	0.009496204825862376
1113256	spell	0.009489493302565906
1113256	percentag	0.00944762874642089
1113256	augment	0.009412418018682108
1113256	screen	0.00941133729828581
1113256	pursu	0.009363812326913863
1113256	susi	0.009346240282378775
1113256	lyrster	0.00933040295247656
1113256	decid	0.009291827395449535
1113256	birthplac	0.00918724190879479
1113256	bobbi	0.00913794325881673
1113256	soul	0.009126608023718417
1113256	constitut	0.009092271801036928
1113256	super	0.009020181159552979
1113256	student	0.00895048921433282
1113256	warmth	0.008931317689465375
1113256	premier	0.008908402719925542
1113256	lullabi	0.008767344126569007
1113256	host	0.008695904784171466
1113256	complet	0.008602548487079637
1113256	28	0.008589723764959754
1113256	reveal	0.008447371989318407
1113256	version	0.008295067715650212
1113256	sai	0.008285662341445059
1113256	oper	0.008155880844649209
1113256	wolf	0.008141110504181794
1113256	king	0.00809515002942908
1113256	71	0.008052132016051693
1113256	athlet	0.00802697950502903
1113256	150	0.007909202485355447
1113256	receiv	0.007826957897311174
1113256	feat	0.00782695056195535
1113256	asset	0.007800301304904584
1113256	1988	0.007800117857232133
1113256	shelbi	0.007782458458169433
1113256	appear	0.007778068964933483
1113256	march	0.007752877133771084
1113256	doubt	0.0077408857976589045
1113256	formula	0.007669485613186783
1113256	cherri	0.007635046463788072
1113256	previou	0.007633083254095549
1113256	therapist	0.007531207413546223
1113256	cesar	0.00752861655912975
1113256	wilson	0.007465653180723116
1113256	beauti	0.007463456349671088
1113256	height	0.007442594439984231
1113256	follow	0.007403911630331741
1113256	just	0.007384797300087103
1113256	1999	0.007345871600161401
1113256	check	0.0073348426176278285
1113256	wo	0.007295352136190758
1113256	servic	0.007287782534016382
1113256	sister	0.007277710518073517
1113256	capitol	0.007239694256696365
1113256	leinward	0.007132284229798102
1113256	guid	0.007065162339944998
1113256	year	0.007059410272753792
1113256	luxuri	0.006825545704579435
1113256	social	0.006753865389333286
1113256	gactv	0.006742952674858251
1113256	maxwel	0.00660788122832229
1113256	le	0.006387116635769451
1113256	rosanna	0.006338616988800215
1113256	soundtrack	0.006288093861640243
1113256	osmond	0.006285289798162403
1113256	maintain	0.006274700862592603
1113256	husband	0.006252094775790993
1113256	rowlei	0.006221762642204599
1113256	free	0.006209591143376446
1113256	reviv	0.00620198077723611
1113256	cw	0.006162159500674336
1113256	citi	0.006058146234916805
1113256	purchas	0.006027791586338909
1113256	rate	0.006022070541382547
1113256	creat	0.0060166473896267215
1113256	pittsburg	0.005997124269738289
1113256	stori	0.005983032569037438
1113256	agostino	0.0059731273554290525
1113256	west	0.005945851220579937
1113256	rais	0.005933675231034555
1113256	crime	0.0059266893592578775
1113256	100	0.00592067388680663
1113256	eighteenth	0.00586220438480712
1113256	13	0.005853515872757287
1113256	56	0.005835104981830325
1113256	law	0.005835030280131523
1113256	happen	0.005779318668931793
1113256	player	0.005768309614811071
1113256	duet	0.005724130576597357
1113256	state	0.005680964982035881
1113256	1927	0.00564312666610041
1113256	teacher	0.005569348697821802
1113256	haylei	0.0054680692489777714
1113256	comedi	0.005450948258627888
1113256	determin	0.00544817484586597
1113256	hope	0.005394540723525606
1113256	album	0.0053565374662938176
1113256	power	0.005348361053724763
1113256	action	0.005174781850567496
1113256	85	0.0051721455108751134
1113256	end	0.005110646509341729
1113256	paid	0.005104761547675108
1113256	repres	0.005060192463595853
1113256	ident	0.005048277372256444
1113256	allow	0.005040714891685315
1113256	housew	0.005024015519830495
1113256	back	0.005013869703856783
1113256	radiu	0.004949186742169538
1113256	futur	0.004898725754673563
1113256	favor	0.004766549567836495
1113256	75	0.004720702371378025
1113256	ninth	0.004699940511362304
1113256	challeng	0.004652387647862466
1113256	hillari	0.004628365790062595
1113256	lewi	0.004604519774864395
1113256	dictionari	0.004589532446425616
1113256	save	0.004498069750588176
1113256	lo	0.004492800890033498
1113256	1864	0.004421743796250547
1113256	1991	0.0044178387548515176
1113256	tini	0.0044093068512663005
1113256	drama	0.004395518610508162
1113256	messag	0.004304228230154822
1113256	18	0.004274612621895408
1113256	chain	0.004267143343596675
1113256	wb	0.004239574256435553
1113256	voic	0.004228410831883393
1113256	31	0.0041741441344409665
1113256	mp3	0.004130158191470569
1113256	peopl	0.004121541412763603
1113256	michael	0.004118397187655289
1113256	3	0.004107269880394867
1113256	who	0.004071164115306121
1113256	507	0.004027614877831857
1113256	2011	0.004010110079150699
1113256	sign	0.0039920210583127315
1113256	presid	0.003991446913051476
1113256	reincarn	0.00398475024354652
1113256	14	0.003911284251147273
1113256	birthdai	0.003825991417237921
1113256	confid	0.0037599572342276993
1113256	crown	0.003709333088065323
1113256	statu	0.003702932016432399
1113256	color	0.003687869751568461
1113256	1980	0.0035410638327604445
1113256	petti	0.0034918213552360884
1113256	pal	0.0034378681266112577
1113256	god	0.00335603968112096
1113256	garret	0.0033491871657775627
1113256	top	0.0033360332385440434
1113256	theater	0.00327527388988343
1113256	dancer	0.0032395477846593095
1113256	redhead	0.0032221874606382242
1113256	food	0.003208396195127966
1113256	tonight	0.003192186375370675
1113256	gun	0.0031881449336564846
1113256	brian	0.003163973307316835
1113256	yearli	0.003156152069812329
1113256	self	0.0031437139974254537
1113256	mix	0.003138045467127276
1113256	pdf	0.0031346718657124938
1113256	critic	0.003100019205314615
1113256	mainli	0.003084780293412184
1113256	nose	0.0028809366603734024
1113256	610	0.0028524301763307963
1113256	turn	0.0028265255502311973
1113256	000	0.0027965975865956423
1113256	deal	0.002791942783366394
1113256	return	0.0027599680219827162
1113256	thoma	0.0027594449752271033
1113256	term	0.002758457670523594
1113256	eas	0.0027389978838616887
1113256	ting	0.0026805578510569043
1113256	januari	0.0026627221649733646
1113256	fat	0.0026596575917753103
1113256	part	0.002607010321558018
1113256	stevi	0.0025814053017168552
1113256	compani	0.0024899669478873456
1113256	br	0.0024158849113156793
1113256	share	0.0024154382701833824
1113256	competit	0.0023888232711074685
1113256	blackstock	0.0023880833534151787
1113256	network	0.002386085616024688
1113256	rememb	0.002366889024259473
1113256	rope	0.0023433106345714387
1113256	invest	0.002308553564553203
1113256	hubbi	0.002209388725014965
1113256	race	0.002193525710237491
1113256	dyin	0.002165392869677692
1113256	contain	0.0021188302289457837
1113256	285	0.0021034391113886057
1113256	normal	0.0020496397671686387
1113256	ste	0.0020422126330496234
1113256	amount	0.002041304020295329
1113256	th	0.0017723572036179634
1113256	add	0.0017687345080937508
1113256	rhinoplasti	0.0017322311663868783
1113256	articl	0.001714320159054973
1113256	earn	0.0016428855378740439
1113256	industri	0.0016251783242984812
1113256	colleg	0.0015945255227531767
1113256	member	0.0015888787548991104
1113256	44	0.0015787395205748554
1113256	circuit	0.001573253522240815
1113256	california	0.0015511848753165971
1113256	corpor	0.0015466853785974812
1113256	feet	0.0014539258408216608
1113256	hat	0.0014176597300813163
1113256	snapshot	0.0013707593768257584
1113256	think	0.0013030135011394023
1113256	stand	0.0012978404813895853
1113256	110	0.0012599951283525286
1113256	solo	0.0012557030240582527
1113256	rumor	0.0012329183032071518
1113256	produc	0.0011961114880037927
1113256	attempt	0.0011879374153477935
1113256	clown	0.0011585709423357455
1113256	2008	0.0011113933269877262
1113256	counti	0.0010212247550341071
1113256	1055	0.0010058829910427637
1113256	current	0.0010008684213043161
1113256	content	0.0009784696424894382
1113256	im	0.0009644823706096212
1113256	secretli	0.0009620959978197108
1113256	fill	0.0009584348990238531
1113256	126	0.0009519323135017662
1113256	southern	0.0009308299200751093
1113256	old	0.0008751693623543431
1113256	place	0.0006668838331079102
1113256	24	0.0006565340048529549
1113256	reason	0.0006067556319045469
1113256	earli	0.0005945812716960302
1113256	style	0.0005740358394586755
1113256	need	0.0005538474916554087
1113256	wiki	0.000526396556632246
1113256	17	0.00048347928810753206
1113256	actor	0.00046931719487298447
1113256	strait	0.00046428250978243095
1113256	younger	0.0004612507321090741
1113256	licens	0.00044426340984815983
1113256	man	0.0004298103853263722
1113256	oklahoma	0.0004268614219074779
1113256	jai	0.0003386445928396685
1113256	subject	0.00024390438321797791
1113256	techno	0.00017497309180694245
1113256	rap	0.00015391377609974625
1113256	met	0.00013873125095263696
1113256	learn	0.00012347538667308443
1113256	user	0.00010715954422189316
1113256	english	9.768698748035272e-06
1113256	review	-1.8791223957749363e-05
1113256	unit	-0.00014349112160690265
1113256	hot	-0.00014763025092323376
1113256	grew	-0.00016844627377319259
1113256	job	-0.00026613548350997227
1113256	tyson	-0.0002699490725459801
1113256	30	-0.0003383211956553766
1113256	com	-0.0003549471924452959
1113256	bodi	-0.00035612596989264986
1113256	televis	-0.0003575749553924863
1113256	span	-0.00036609327643169026
1113256	fine	-0.00039462959410026136
1113256	divis	-0.00042527865786952255
1113256	activ	-0.0004316299651633066
1113256	65	-0.0004690892464385391
1113256	least	-0.0004866834041381446
1113256	ammit	-0.0005637014451728567
1113256	film	-0.0005948593141638262
1113256	instagram	-0.0006333460463856207
1113256	nice	-0.000708077371020473
1113256	believ	-0.0007251589288474873
1113256	pull	-0.0007510670123708059
1113256	charlott	-0.0008221621050658092
1113256	good	-0.0009137999628147897
1113256	america	-0.000989011694293936
1113256	07	-0.001005277285241247
1113256	pake	-0.0010553587744089024
1113256	quit	-0.0010744170268744252
1113256	chang	-0.0011510389691371968
1113256	next	-0.0011964836541351743
1113256	facebook	-0.001237188844644841
1113256	disband	-0.001239137701054709
1113256	wide	-0.0012544293757654097
1113256	la	-0.0012817606802559328
1113256	bronx	-0.0012842594077104366
1113256	resembl	-0.0012848880947871671
1113256	perfect	-0.001327001245170337
1113256	music	-0.0013566803841422385
1113256	full	-0.001383362713166687
1113256	cnn	-0.0014211815902645075
1113256	heart	-0.0014462284649762532
1113256	properti	-0.001509123250811981
1113256	wrestl	-0.0017073299040187516
1113256	8	-0.0017353661965353378
1113256	1990	-0.0018174255610056275
1113256	love	-0.0018221222793075326
1113256	02	-0.001870660683378959
1113256	debbi	-0.0018880481346257526
1113256	realiti	-0.0019056663775496572
1113256	al	-0.0019152868983902853
1113256	offer	-0.0019190538292095075
1113256	aka	-0.0019578908810617113
1113256	medford	-0.001970064178328968
1113256	econom	-0.001995226080394879
1113256	find	-0.0020163385612251934
1113256	number	-0.0020264141381458813
1113256	nee	-0.0020381690126803622
1113256	thousand	-0.002047530085083678
1113256	us	-0.002151178396607731
1113256	spot	-0.002168996708734924
1113256	catherin	-0.0021821761524034697
1113256	parti	-0.0021978663600733038
1113256	cours	-0.0022666526420316016
1113256	photo	-0.0023395350351702406
1113256	selina	-0.0023597477308928898
1113256	issu	-0.002407374359964849
1113256	2016	-0.00254629988807135
1113256	light	-0.0025580611609749564
1113256	chanc	-0.0025580670397980583
1113256	cm	-0.0026515236203454697
1113256	www	-0.0026734736262625375
1113256	riski	-0.0027343502756924922
1113256	struggl	-0.002744695902450145
1113256	eddi	-0.002865930391210515
1113256	swap	-0.0029004781252062466
1113256	young	-0.0029107342103211952
1113256	marriag	-0.002993366052428111
1113256	gentri	-0.0030002283107590007
1113256	2	-0.0030404515553933494
1113256	jul	-0.0030435168931398624
1113256	came	-0.003055406625257851
1113256	championship	-0.0030799099004592363
1113256	idea	-0.0030925893139039616
1113256	tear	-0.003130007776736991
1113256	support	-0.003155430909268064
1113256	acclaim	-0.0031614577846108367
1113256	tom	-0.0031793516776909944
1113256	includ	-0.003223237390364815
1113256	dillahunt	-0.0033684061448302593
1113256	nevada	-0.0034365041482893963
1113256	categori	-0.003471018958693243
1113256	gill	-0.003474285956855722
1113256	exampl	-0.0034958177530629315
1113256	anni	-0.003528455566890665
1113256	annual	-0.003543792628680367
1113256	declin	-0.0035609154659675736
1113256	120	-0.003682315527104347
1113256	adult	-0.003713678611814947
1113256	origin	-0.0038969767632652955
1113256	sweet	-0.00393104481875539
1113256	level	-0.0040936120504102575
1113256	refer	-0.004128797326981889
1113256	karyn	-0.004148910051737382
1113256	luann	-0.0042025174215001865
1113256	later	-0.004231176118484522
1113256	birth	-0.004257827248625052
1113256	promot	-0.004315908360276016
1113256	golden	-0.004356314196597992
1113256	ainslei	-0.004481139074274218
1113256	22	-0.004575033481614077
1113256	gain	-0.00458078953216039
1113256	look	-0.00460532290102849
1113256	airplan	-0.00473747460474907
1113256	april	-0.0047544707459254544
1113256	html	-0.0047609689900872205
1113256	pai	-0.004774306408133679
1113256	coupl	-0.004844297928805301
1113256	divers	-0.0048674878437210125
1113256	stranger	-0.0048998572182293015
1113256	put	-0.004978413282783391
1113256	265	-0.004982324340642592
1113256	locat	-0.005011493502294383
1113256	form	-0.0050128108583074255
1113256	second	-0.0050220511551271356
1113256	rang	-0.005028578410447013
1113256	profession	-0.005094717050412764
1113256	wwe	-0.005218108607119802
1113256	dog	-0.005240973643278035
1113256	will	-0.00529037866783716
1113256	numer	-0.0053438761836452535
1113256	short	-0.005348320578026812
1113256	varieti	-0.00535304095646922
1113256	late	-0.005392623947338433
1113256	jazz	-0.005395644056340573
1113256	merger	-0.00546210336571399
1113256	difficult	-0.005478733566857312
1113256	mcalest	-0.005559186808207439
1113256	function	-0.005589816962724746
1113256	tenn	-0.005650562658859938
1113256	answer	-0.005700560675924248
1113256	definit	-0.005870095762260491
1113256	fast	-0.005873199736741563
1113256	jennif	-0.005914738537627602
1113256	tim	-0.0059184465079636425
1113256	last	-0.005940472360055043
1113256	theme	-0.006005880010187974
1113256	biographi	-0.006050618996051063
1113256	legion	-0.006053739917435453
1113256	fanci	-0.006090349921647777
1113256	sm	-0.006126707319473043
1113256	taken	-0.006188371043279777
1113256	spangl	-0.006190455326383796
1113256	2006	-0.00620030283866552
1113256	brassfield	-0.006245925938029011
1113256	laura	-0.006328026104053983
1113256	bell	-0.006353746432620124
1113256	narrow	-0.006370854704554798
1113256	topic	-0.0063756159389407934
1113256	red	-0.006480532290238811
1113256	made	-0.006494577703846291
1113256	interest	-0.006507704010229178
1113256	1st	-0.006520096688891816
1113256	brother	-0.006564795726718771
1113256	grammi	-0.006655339789932278
1113256	lord	-0.006660946107832533
1113256	shouldn	-0.006681613133277963
1113256	songwrit	-0.006736099129653783
1113256	track	-0.006864376748044685
1113256	green	-0.0069667264513142155
1113256	titl	-0.006988684125374767
1113256	scale	-0.007043289237755713
1113256	tenni	-0.007054533509294898
1113256	american	-0.007125762176517871
1113256	visi	-0.007128051938130743
1113256	seen	-0.007152533382338376
1113256	white	-0.00719731870052386
1113256	62	-0.007255465402046425
1113256	new	-0.007340159890387733
1113256	arquett	-0.007364979726179719
1113256	05	-0.007400810632702739
1113256	acquir	-0.007419505012927234
1113256	winter	-0.007584417193319371
1113256	averag	-0.00760004248004745
1113256	fall	-0.007636817702089743
1113256	felt	-0.0077000958939386875
1113256	2018	-0.007716767208861227
1113256	lone	-0.007741200932263776
1113256	casino	-0.007792920377628212
1113256	congress	-0.007851406488371326
1113256	decemb	-0.007993614749461905
1113256	footstep	-0.007997106450573036
1113256	measur	-0.007997816430400349
1113256	defend	-0.008022502550855924
1113256	2010	-0.008059366901998885
1113256	elina	-0.008110340836454701
1113256	sitcom	-0.008180295734311187
1113256	billboard	-0.008226319311966683
1113256	sensat	-0.008236312097362745
1113256	project	-0.008274691816954935
1113256	life	-0.008289093932458549
1113256	boob	-0.008293227300853153
1113256	sit	-0.008348287738002813
1113256	lopez	-0.008366447903714632
1113256	william	-0.00839048367299387
1113256	hunter	-0.00846087970206084
1113256	dress	-0.008573964547138834
1113256	2015	-0.008643574132175107
1113256	oct	-0.008708736712076864
1113256	mother	-0.008720429286932063
1113256	gush	-0.008799088681434288
1113256	rock	-0.00881749507121348
1113256	true	-0.008830231709384273
1113256	96	-0.008853204516548044
1113256	eventu	-0.008868764894132302
1113256	financi	-0.008910235022076045
1113256	ve	-0.008918042287650545
1113256	caesar	-0.00894757169336068
1113256	tuttl	-0.008962007140147011
1113256	500	-0.009063890658785127
1113256	flame	-0.009099108328525151
1113256	wasn	-0.009099571251418486
1113256	thackervil	-0.009125111515578063
1113256	forget	-0.009250865857944286
1113256	announc	-0.009259544793412665
1113256	paul	-0.00930580176699515
1113256	price	-0.00931409711800041
1113256	sixth	-0.00932994418118059
1113256	compil	-0.009358668025092335
1113256	sad	-0.009375261310758831
1113256	found	-0.00945599103639793
1113256	90	-0.009538951709386427
1113256	ok	-0.009546060744026938
1113256	08	-0.009617884649776313
1113256	site	-0.009683660816196952
1113256	roe	-0.00974781883970071
1113256	colosseum	-0.009754127781613244
1113256	mayb	-0.009765870008082959
1113256	mark	-0.009785755126162712
1113256	roduc	-0.009808450788072662
1113256	york	-0.009822320237003988
1113256	barrel	-0.009839224854337891
1113256	sure	-0.01000656895669365
1113256	harri	-0.01006579904015576
1113256	hide	-0.01007589194732144
1113256	ago	-0.010076156749283562
1113256	isn	-0.010169592602566686
1113256	time	-0.010188446804078873
1113256	kid	-0.010281916435455729
1113256	favorit	-0.010415117187432892
1113256	solv	-0.01045267456803791
1113256	sold	-0.010541023246917618
1113256	listen	-0.01054452887543649
1113256	rich	-0.010544589668601395
1113256	michel	-0.01056534062732764
1113256	wed	-0.010575248361931293
1113256	bridg	-0.010585443778162085
1113256	big	-0.010589277282369376
1113256	1970wo	-0.010647507669360455
1113256	prime	-0.010647974342325716
1113256	caption	-0.010733425933538644
1113256	featur	-0.01074410245945883
1113256	2001	-0.010756475387982193
1113256	nowak	-0.010849141856103169
1113256	vipfaq	-0.010867638442619978
1113256	mari	-0.010918497270660334
1113256	st	-0.010934908003560215
1113256	vanna	-0.01107404237003
1113256	nomin	-0.011092229960366419
1113256	side	-0.011099409562310564
1113256	04	-0.011107131475113942
1113256	youtub	-0.011138435530948485
1113256	brought	-0.011158464353413642
1113256	present	-0.011162915046916246
1113256	1974	-0.011163244021968024
1113256	1971	-0.011345397504147248
1113256	youngster	-0.011568574628000206
1113256	wonder	-0.011584178455842833
1113256	lead	-0.011615114997076303
1113256	recal	-0.011661015815015868
1113256	princip	-0.011833682014465281
1113256	great	-0.011881875738252364
1113256	variabl	-0.01195495697713264
1113256	broadwai	-0.011985145763602647
1113256	powerhous	-0.01200739236228362
1113256	abc	-0.012102036494877318
1113256	platform	-0.01213572087449869
1113256	relationship	-0.01231725491861792
1113256	2012	-0.012356928505377313
1113256	17th	-0.01243146462820076
1113256	can	-0.012441142827420532
1113256	archi	-0.012540599875961364
1113256	confirm	-0.012561980886890419
1113256	group	-0.01293393159228553
1113256	nickleback	-0.01299778057821011
1113256	mogul	-0.013107465234988049
1113256	rhythm	-0.013129227785918761
1113256	concert	-0.013225870000399393
1113256	cover	-0.013241151151630399
1113256	mornai	-0.013280090745237944
1113256	1926	-0.013320233110675561
1113256	regard	-0.01333814949315228
1113256	grade	-0.013357823540271796
1113256	forb	-0.013372150166979792
1113256	winstar	-0.013400287606804348
1113256	kei	-0.01349832931881831
1113256	conclud	-0.013516440208012521
1113256	jun	-0.013542216945359876
1113256	allen	-0.013679113827292593
1113256	1	-0.013919484814489243
1113256	gonna	-0.013988619499246298
1113256	280	-0.014023799079416461
1113256	fan	-0.01403165689966166
1113256	close	-0.014062158197178105
1113256	berni	-0.014111934620064541
1113256	2017	-0.014208342127102161
1113256	popularli	-0.014284651062560369
1113256	real	-0.014393350997874843
1113256	adulter	-0.014406511449427084
1113256	sourc	-0.01442382108309496
1113256	modern	-0.014439983746843105
1113256	25	-0.014542922781543132
1113256	open	-0.014586591946856582
1113256	jackson	-0.014592085716804565
1113256	countri	-0.014648604959216485
1113256	ran	-0.014696615861354172
1113256	improv	-0.014711336401786559
1113256	82	-0.014725652586721049
1113256	stock	-0.014784475184480535
1113256	studio	-0.01487250660483484
1113256	minu	-0.01496822929820053
1113256	vocalist	-0.01498257267159278
1113256	valori	-0.015206523508604434
1113256	innov	-0.015241801512406318
1113256	book	-0.01527684419699031
1113256	entrepreneur	-0.015296008826737078
1113256	question	-0.015298497238096042
1113256	report	-0.015387906037165057
1113256	guest	-0.015443358211217407
1113256	divorc	-0.015477887670802609
1113256	hometown	-0.015566309664672552
1113256	grandmoth	-0.01559408069800963
1113256	skill	-0.01568618736612707
1113256	icon	-0.015710135208264423
1113256	interview	-0.01585188421485336
1113256	courtnei	-0.015881626523504604
1113256	15	-0.016007543481559222
1113256	school	-0.016132582376121512
1113256	wai	-0.01613629688689892
1113256	clarkson	-0.016188703225157877
1113256	desper	-0.016218734524073512
1113256	rted	-0.016308001392222382
1113256	kidd	-0.01634698637306962
1113256	11	-0.016351329788383197
1113256	still	-0.01638004500910308
1113256	past	-0.016527232001563384
1113256	continu	-0.016539602728189096
1113256	upcom	-0.016543354503448172
1113256	right	-0.016566677480991387
1113256	cinema	-0.016588314948062212
1113256	legend	-0.016661350827825376
1113256	worthnoun	-0.016677830713918155
1113256	brasfield	-0.01669929029429143
1113256	impact	-0.016699974200857337
1113256	bra	-0.016930131773829845
1113256	chart	-0.016968720932618628
1113256	blue	-0.01710747373878127
1113256	propos	-0.017139582180065564
1113256	onli	-0.01717904343626709
1113256	minor	-0.017222200310203727
1113256	2014	-0.017285084728531987
1113256	total	-0.017306622783531452
1113256	break	-0.01736574338905703
1113256	novemb	-0.0173714408603836
1113256	40	-0.01742787712559546
1113256	decad	-0.017431191543543376
1113256	associ	-0.01756991390281147
1113256	discov	-0.017638883324878698
1113256	curiou	-0.017812001449452462
1113256	here	-0.017855909031867387
1113256	wikiansw	-0.017869678538984673
1113256	26	-0.01787287742285282
1113256	michigan	-0.017908194650262103
1113256	boston	-0.01800099519074362
1113256	divisor	-0.018112460869070035
1113256	privat	-0.01826055332689374
1113256	activist	-0.01833947907309651
1113256	koren	-0.018686581612301273
1113256	20	-0.0186973858803357
1113256	quicken	-0.018889277870260478
1113256	joint	-0.018961668545726704
1113256	330	-0.019059303295172407
1113256	chocki	-0.01912141875025856
1113256	19	-0.019315784248220724
1113256	breast	-0.019336946916387918
1113256	leg	-0.019650760344768963
1113256	1976	-0.0197229607066279
1113256	custom	-0.019844954227832348
1113256	hero	-0.019923284014713428
1113256	artist	-0.019925565028530788
1113256	resort	-0.01998924605819184
1113256	father	-0.020113235479738752
1113256	help	-0.020126520391582206
1113256	sing	-0.02013894714708609
1113256	first	-0.020154811355955295
1113256	neg	-0.020162453387017876
1113256	globe	-0.020274199800466963
1113256	36	-0.020291950163773314
1113256	remix	-0.02030966335587504
1113256	guess	-0.020328002271607776
1113256	ow	-0.020348563501443886
1113256	princ	-0.020353757293416274
1113256	pictur	-0.020438160171895096
1113256	ur	-0.02051689613087604
1113256	talent	-0.020587615929305136
1113256	ag	-0.0206627170989626
1113256	23	-0.02066272865303616
1113256	matern	-0.020781576629125453
1113256	entertain	-0.02094727515067591
1113256	brown	-0.020990753845723565
1113256	separ	-0.021029738986831196
1113256	file	-0.021048374012189563
1113256	gospel	-0.021149114721986925
1113256	greg	-0.021305871753536005
1113256	palac	-0.02135650970150065
1113256	final	-0.021934716079265792
1113256	thirteenth	-0.022247657604506883
1113256	insist	-0.022334601955602426
1113256	adel	-0.022396703427330616
1113256	multipl	-0.02246891555543187
1113256	dj	-0.02263661815179682
1113256	beyonc	-0.02266405721002222
1113256	devil	-0.023017752877986318
1113256	dollar	-0.0230240599530365
1113256	mar	-0.023133769339424733
1113256	seri	-0.023263848701116453
1113256	pleasant	-0.023463196681471524
1113256	chapman	-0.023519914934497375
1113256	third	-0.02359926068775782
1113256	broadcast	-0.02374734234489799
1113256	queen	-0.023788160306589146
1113256	notori	-0.02382415027700298
1113256	lee	-0.0242067536362843
1113256	mca	-0.024226975550089697
1113256	jacquelin	-0.024240995664258795
1113256	name	-0.024456298831027512
1113256	intent	-0.024741796547198356
1113256	effort	-0.024749687216915284
1113256	dream	-0.024779566418139453
1113256	350	-0.024788587827256407
1113256	rapper	-0.024836797770526192
1113256	vega	-0.024842492773084937
1113256	mess	-0.02496516577759132
1113256	charact	-0.02525953897286865
1113256	smart	-0.025355971386441988
1113256	umg	-0.025705132890665908
1113256	son	-0.02572357714652507
1113256	written	-0.025895230776264398
1113256	goe	-0.025903502121969853
1113256	singer	-0.02603884846916727
1113256	start	-0.02612506524394156
1113256	80	-0.026395872262204183
1113256	song	-0.026650119168245254
1113256	famou	-0.026665620216067526
1113256	chumash	-0.026805455787350517
1113256	like	-0.026854270306086347
1113256	pop	-0.02691794335886604
1113256	download	-0.026918441498584533
1113256	woman	-0.027044956100979574
1113256	femin	-0.027441189358777658
1113256	cathi	-0.02749345943877971
1113256	net	-0.027736432081455573
1113256	nicknam	-0.02778495589034924
1113256	went	-0.027946160442799618
1113256	mai	-0.02808982293782489
1113256	perform	-0.028176617673866883
1113256	murphi	-0.02819509655984556
1113256	aggreg	-0.02820856725611133
1113256	bonni	-0.028265529966764194
1113256	posit	-0.028675271420900438
1113256	35	-0.028708407128587885
1113256	argu	-0.02877531313817322
1113256	reba	-0.02889408413007734
1113256	faith	-0.029037775233130222
1113256	updat	-0.0291540854531908
1113256	list	-0.029410401109037747
1113256	see	-0.02978620770429546
1113256	manag	-0.03020026891852489
1113256	accord	-0.03024727942700668
1113256	businessman	-0.030253640896542627
1113256	certainli	-0.030352327128334078
1113256	index	-0.030475608662719773
1113256	champion	-0.030699447795266642
1113256	vinc	-0.03084323665976252
1113256	lipman	-0.031124574654735563
1113256	knowl	-0.032293705472916476
1113256	rowland	-0.032501375369506466
1113256	ll	-0.03289381876743296
1113256	bondsman	-0.03330433368629042
1113256	cagr	-0.03333650142767399
1113256	2003	-0.033762805361733546
1113256	estrang	-0.03423101216036695
1113256	inspir	-0.03431686698446528
1113256	engag	-0.034376394875253444
1113256	call	-0.03464219133924848
1113256	victoria	-0.0346972843756683
1113256	lean	-0.034912110944676805
1113256	10	-0.03518087227911708
1113256	perri	-0.03555177216309783
1113256	banana	-0.03600699460022915
1113256	make	-0.0360997015416455
1113256	walk	-0.03656950460948537
1113256	waitin	-0.03768384828824783
1113256	twang	-0.03934064862513338
1113256	roper	-0.039525754241666086
1113256	lowest	-0.03952925468228238
1113256	200	-0.04080811339497762
1113256	record	-0.04089116383097993
1113256	sphere	-0.04187924894972042
1113256	know	-0.0423120934230417
1113256	want	-0.04306125851727429
1113256	let	-0.04397096488613486
1113256	nation	-0.04444495643584054
1113256	shawna	-0.044867482658250565
1113256	mardi	-0.04546701957878423
1113256	50	-0.046039663305055614
1113256	closet	-0.04699634424688997
1113256	mercuri	-0.04740624507752931
1113256	eba	-0.04869276187068952
1113256	watch	-0.04912477801100068
1113256	ad	-0.04921291833921385
1113256	salari	-0.05027746834466419
1113256	45	-0.05048538734336774
1113256	best	-0.05078947841879485
1113256	show	-0.05151215004829767
1113256	sander	-0.05216709993660159
1113256	peterman	-0.05242091110308814
1113256	mondai	-0.05328157684721475
1113256	steven	-0.05380357371285249
1113256	swift	-0.05423244687846299
1113256	rebecca	-0.055111618853872175
1113256	colonel	-0.05527062845012585
1113256	300	-0.0557940147532063
1113256	sale	-0.05941720786444469
1113256	untitl	-0.06035310978764073
1113256	brandon	-0.06189301457209189
1113256	ap	-0.0647042288111993
1113256	aftermath	-0.06502116478879907
1113256	dai	-0.06522024164221686
1113256	bad	-0.06774855070325646
1113256	kfc	-0.07147126066378985
1113256	5	-0.07359047988913206
1113256	anthem	-0.07692901203914469
1113256	small	-0.0775073410293337
1113256	1955	-0.07779377939236085
1113256	poet	-0.07821270284186276
1113256	movi	-0.07834574932626726
1113256	stop	-0.07838649632853564
1113256	boast	-0.10674149590163683
1113256	began	-0.1226103550124041
1113256	plai	-0.16073193925524643
1113256	charm	-0.28518223560293365
