764738	differ	0.17540091
764738	total	0.1340669
764738	lbm	0.11729971
764738	weigh	0.10891045
764738	simpli	0.10556425
764738	dlm	0.1036817
764738	free	0.10167645
764738	builtlean	0.10008525
764738	bw	0.09737904
764738	200	0.096737534
764738	recomposit	0.09027057
764738	give	0.090247326
764738	skin	0.08698998
764738	organ	0.0860977
764738	put	0.085201606
764738	figur	0.084528245
764738	wt	0.08410629
764738	primarili	0.082367994
764738	actual	0.08216797
764738	amount	0.08125561
764738	order	0.080727905
764738	let	0.07980012
764738	stuff	0.079795554
764738	ht	0.078741916
764738	lean	0.07737
764738	analysi	0.075642675
764738	fairli	0.07454965
764738	81	0.07371028
764738	readili	0.0735179
764738	work	0.073279396
764738	reflect	0.07291856
764738	minimum	0.072244294
764738	differenti	0.07195278
764738	aka	0.06895708
764738	129	0.06783805
764738	remain	0.06735319
764738	elbm	0.065707006
764738	track	0.06563931
764738	makeup	0.06495529
764738	60lb	0.06426199
764738	account	0.063978344
764738	scan	0.06308501
764738	onc	0.062220875
764738	200lb	0.06219754
764738	limb	0.06118094
764738	like	0.060866315
764738	sound	0.060431518
764738	aspect	0.06024488
764738	see	0.05848583
764738	healthi	0.057654426
764738	exclud	0.057592317
764738	need	0.057507947
764738	180	0.057279605
764738	subtract	0.05676675
764738	person	0.055403084
764738	intak	0.0551403
764738	conflat	0.054454997
764738	diet	0.054052927
764738	defin	0.053717095
764738	jake	0.05263714
764738	ideal	0.0525422
764738	135lb	0.050402075
764738	mission	0.050183218
764738	accufit	0.050070543
764738	rough	0.049576383
764738	fat	0.04945588
764738	wai	0.048677072
764738	skelet	0.04838265
764738	armi	0.047924817
764738	weight	0.04522585
764738	jeor	0.045058697
764738	inbodi	0.04501206
764738	dry	0.04496831
764738	term	0.044627655
764738	percent	0.044216115
764738	72	0.043626968
764738	sedentari	0.043386262
764738	150lb	0.043348666
764738	gui	0.04318063
764738	consum	0.042166892
764738	except	0.04145479
764738	11th	0.041131925
764738	current	0.040912215
764738	just	0.040817235
764738	rjl	0.0404415
764738	durnin	0.040389888
764738	womerslei	0.039558616
764738	aren	0.039544564
764738	fluctuat	0.039195344
764738	19	0.03822833
764738	anywai	0.038173832
764738	retent	0.037739974
764738	normal	0.03759276
764738	count	0.037439838
764738	guid	0.036870796
764738	folk	0.036310066
764738	carri	0.035715256
764738	set	0.035388216
764738	attribut	0.034438048
764738	definit	0.03440839
764738	plan	0.03407537
764738	sampl	0.033580333
764738	try	0.033461705
764738	925	0.033353698
764738	biomark	0.03279021
764738	desk	0.03250013
764738	improv	0.032385524
764738	benedict	0.032235626
764738	who	0.031996004
764738	stai	0.031970553
764738	bioelectr	0.031773623
764738	class	0.031720635
764738	higher	0.031497464
764738	abl	0.03145109
764738	370	0.031289384
764738	clear	0.031133333
764738	known	0.030975847
764738	81kg	0.030527541
764738	quetelet	0.030400552
764738	action	0.030159896
764738	fluid	0.029987717
764738	lifestyl	0.029841213
764738	10	0.029732209
764738	80	0.029718528
764738	bia	0.029679388
764738	fixat	0.029540367
764738	174	0.029365806
764738	loss	0.029029848
764738	com	0.028819954
764738	mifflin	0.028743554
764738	turn	0.028695915
764738	compris	0.028301056
764738	133	0.028082155
764738	includ	0.027989466
764738	aim	0.027783955
764738	multipli	0.02775043
764738	accord	0.027646717
764738	expert	0.027311495
764738	connect	0.027218975
764738	90kg	0.02697483
764738	2	0.02668299
764738	short	0.025942547
764738	dexa	0.025817031
764738	cm	0.025748802
764738	believ	0.02563038
764738	ligament	0.025233662
764738	consid	0.025069237
764738	protein	0.024824379
764738	exercis	0.024360297
764738	revis	0.023757888
764738	start	0.023519821
764738	courtesi	0.023143563
764738	145lb	0.023112359
764738	idea	0.023085307
764738	harri	0.0229285
764738	11	0.022687992
764738	reason	0.0226045
764738	plu	0.02259635
764738	llc	0.02255061
764738	level	0.02250998
764738	vari	0.022482065
764738	imped	0.022256054
764738	ffm	0.022120293
764738	refer	0.02193671
764738	combin	0.021788605
764738	interchang	0.021470673
764738	job	0.02134434
764738	reduc	0.02061427
764738	1	0.02057433
764738	detroit	0.020194037
764738	55	0.020162499
764738	adulthood	0.019866508
764738	back	0.019458512
764738	centimet	0.019211618
764738	st	0.019202543
764738	101	0.019026337
764738	minu	0.018993562
764738	cat	0.018823165
764738	evalu	0.018523298
764738	research	0.018215187
764738	consist	0.018196497
764738	0	0.01811017
764738	tell	0.018014697
764738	live	0.017884145
764738	don	0.017496092
764738	process	0.017206172
764738	5lb	0.017110683
764738	languag	0.017091505
764738	subsequ	0.016999621
764738	well	0.016406229
764738	content	0.016398028
764738	varieti	0.016188143
764738	watch	0.016181525
764738	dai	0.016092313
764738	common	0.016039647
764738	be	0.015827727
764738	handi	0.015576363
764738	bone	0.015428657
764738	call	0.015413209
764738	22	0.015148396
764738	wet	0.015106606
764738	easiest	0.014858329
764738	20	0.014739483
764738	8	0.014709595
764738	stigma	0.0146687105
764738	senior	0.014404167
764738	148	0.014265128
764738	take	0.014166153
764738	166	0.014158218
764738	lower	0.0131877605
764738	expend	0.013142346
764738	point	0.013101173
764738	indirect	0.013035951
764738	statist	0.01299217
764738	promot	0.012872486
764738	tabl	0.012846372
764738	found	0.01259362
764738	data	0.012498067
764738	static	0.01206446
764738	here	0.012015114
764738	quot	0.011785224
764738	result	0.011773806
764738	bmi	0.011755586
764738	obes	0.011235289
764738	posit	0.010983811
764738	social	0.010974791
764738	07	0.010671953
764738	accur	0.010569359
764738	visibl	0.010297881
764738	apr	0.010261132
764738	52	0.010091056
764738	special	0.010088002
764738	program	0.010070888
764738	check	0.009981359
764738	breakdown	0.009813448
764738	reliabl	0.009649455
764738	2933	0.009622525
764738	food	0.009561314
764738	word	0.009280135
764738	initi	0.008992645
764738	pm	0.008825608
764738	easi	0.008557659
764738	consider	0.008475889
764738	strong	0.008475686
764738	physic	0.008426977
764738	writer	0.008390456
764738	success	0.0083582355
764738	staff	0.008201083
764738	non	0.008101304
764738	true	0.007760668
764738	blood	0.0077198567
764738	year	0.007707561
764738	cut	0.0076143346
764738	deduct	0.007488743
764738	insid	0.0073776934
764738	suggest	0.0071647544
764738	tendon	0.00689798
764738	ined	0.006880948
764738	accept	0.006840976
764738	oat	0.0067892633
764738	undigest	0.0067213504
764738	updat	0.0066276416
764738	rest	0.0065762517
764738	2020	0.0065180934
764738	come	0.006279734
764738	method	0.0061848443
764738	last	0.0061447513
764738	muscl	0.0058785123
764738	hulk	0.0058558895
764738	averag	0.0058503686
764738	insolubl	0.0057707937
764738	prefer	0.0057391804
764738	know	0.0054946216
764738	hull	0.005361402
764738	high	0.005200959
764738	fiber	0.004998977
764738	scale	0.004700413
764738	indic	0.0044851964
764738	intestin	0.0043301466
764738	outer	0.0042872415
764738	shell	0.0041938573
764738	digest	0.003924317
764738	factor	0.0039177793
764738	slug	0.0038518861
764738	nutrit	0.003715744
764738	approach	0.0036882316
764738	activ	0.0036573098
764738	analyz	0.003439725
764738	recommend	0.0034263756
764738	4	0.003388857
764738	benefit	0.0032890583
764738	lbf	0.0031457269
764738	pass	0.0031250585
764738	edit	0.0029744972
764738	mainten	0.0028102598
764738	idiot	0.0028094577
764738	maximum	0.0027187662
764738	came	0.0026401863
764738	clarifi	0.0025984475
764738	forc	0.0024727453
764738	multipl	0.0024710607
764738	equal	0.00246089
764738	potenti	0.0024549528
764738	similar	0.0022447454
764738	ago	0.0021776527
764738	aliv	0.0020816773
764738	ag	0.0020687806
764738	male	0.002055709
764738	formula	0.0020365864
764738	anonym	0.002025581
764738	blastocyst	0.0019476085
764738	ft	0.0018917439
764738	ancient	0.0017827201
764738	graviti	0.0017763478
764738	inertia	0.0016684432
764738	embryon	0.0016398984
764738	introduc	0.0016179226
764738	coher	0.0016120904
764738	earth	0.0015936259
764738	favorit	0.0015495274
764738	embryo	0.0014819938
764738	produc	0.0014538473
764738	field	0.0014286427
764738	lump	0.0013371067
764738	old	0.0013114766
764738	pole	0.0012666148
764738	cluster	0.0012532246
764738	exception	0.0011829642
764738	particl	0.001171274
764738	inner	0.0011542721
764738	characterist	0.0010521178
764738	algorithm	0.00103564
764738	base	0.00093973393
764738	matter	0.0009009421
764738	emploi	0.00089926587
764738	ct	0.0008633173
764738	categori	0.00077522796
764738	util	0.00068901613
764738	basic	0.00067706255
764738	choic	0.0006028339
764738	given	0.0005903446
764738	90	0.0005685727
764738	power	0.0005593643
764738	consciou	0.0005121513
764738	43	0.00014432314
764738	reticulocyt	0.0001355232
764738	reth	0.000110800174
764738	erythropoiesi	8.948451e-05
764738	hemoglobin	8.629603e-05
764738	chr	8.143789e-05
764738	hb	7.146226e-05
764738	statu	4.079051e-05
764738	red	3.552607e-05
764738	author	-4.926965e-05
764738	young	-5.7852903e-05
764738	highli	-6.0025963e-05
764738	independ	-6.019589e-05
764738	potassium	-7.469476e-05
764738	correl	-8.062798e-05
764738	whole	-8.298468e-05
764738	detector	-8.9174886e-05
764738	r2	-9.586773e-05
764738	996	-0.000114367576
764738	069	-0.00012070227
764738	scintil	-0.00012290663
764738	kilogram	-0.00025925416
764738	lbmk	-0.0002712976
764738	decad	-0.00029567291
764738	lbmdxa	-0.00031213777
764738	substanc	-0.00032911848
764738	monitor	-0.00057110214
764738	attempt	-0.00064658414
764738	mcardl	-0.00070243445
764738	open	-0.00071002543
764738	creat	-0.0007185227
764738	time	-0.0007476097
764738	nucleu	-0.0007744173
764738	manag	-0.00077477715
764738	katch	-0.000804913
764738	gener	-0.00088508584
764738	singl	-0.0008907731
764738	mix	-0.00093920133
764738	2018	-0.00095113413
764738	june	-0.0010349303
764738	error	-0.0010378943
764738	taken	-0.0010491203
764738	busi	-0.0010502314
764738	critic	-0.0010546116
764738	examin	-0.0010570626
764738	tab	-0.0010846829
764738	imprecis	-0.0010938344
764738	effort	-0.001103872
764738	proton	-0.0011181342
764738	neutron	-0.0012305223
764738	teenag	-0.0013114254
764738	mole	-0.0013863619
764738	racial	-0.0014024288
764738	organiz	-0.001479826
764738	master	-0.0014839245
764738	direct	-0.0014919023
764738	major	-0.0015131411
764738	hampton	-0.0015770916
764738	calcul	-0.001580789
764738	redund	-0.0016698221
764738	receiv	-0.0016765285
764738	answer	-0.0018157419
764738	state	-0.0018181807
764738	origin	-0.0018763226
764738	support	-0.0018832351
764738	scientist	-0.0018916761
764738	mol	-0.0019510017
764738	gold	-0.0019712928
764738	locat	-0.0020788785
764738	amu	-0.0020925505
764738	66	-0.0020930283
764738	energi	-0.0021525582
764738	contain	-0.0021856648
764738	da	-0.0022112299
764738	advantag	-0.0022339951
764738	lost	-0.0022491685
764738	quantifi	-0.0022547054
764738	observ	-0.0022747584
764738	unifi	-0.0023371608
764738	properti	-0.0023567453
764738	anthropometri	-0.0024133087
764738	abstract	-0.0024323883
764738	group	-0.0024680523
764738	chest	-0.0024901007
764738	5	-0.002540961
764738	fold	-0.0025908255
764738	carbon	-0.0026644606
764738	underwat	-0.0027759739
764738	dalton	-0.0027889477
764738	fine	-0.0027985743
764738	twelfth	-0.0028124459
764738	precis	-0.002873775
764738	allow	-0.0029174597
764738	abdomen	-0.002962709
764738	specif	-0.0029926144
764738	chemic	-0.0029941138
764738	categor	-0.0030638617
764738	review	-0.0030715996
764738	mark	-0.003120507
764738	ll	-0.0031248056
764738	make	-0.0031777404
764738	cr	-0.0031937654
764738	illustr	-0.0031999268
764738	entiti	-0.0032259761
764738	sex	-0.003236961
764738	mdm	-0.0032755411
764738	equival	-0.0032859393
764738	atom	-0.003288596
764738	overweight	-0.003289323
764738	kamalika	-0.003295006
764738	noninvas	-0.0032964835
764738	simplic	-0.0033019776
764738	calf	-0.0033543408
764738	compound	-0.003361543
764738	98	-0.0034656806
764738	circumfer	-0.003482885
764738	bicep	-0.003511429
764738	adult	-0.0035422351
764738	pure	-0.0035494722
764738	ma	-0.0037111784
764738	syndrom	-0.0037540135
764738	bmd	-0.0037735063
764738	athlet	-0.0038382073
764738	acquir	-0.0038671552
764738	26	-0.0039526825
764738	theoret	-0.004115784
764738	underweight	-0.0041211452
764738	3	-0.0041386513
764738	littl	-0.0042092507
764738	thigh	-0.0042164754
764738	kei	-0.0043069674
764738	viscer	-0.0043216506
764738	summari	-0.0043234797
764738	control	-0.004324476
764738	fbm	-0.0043844697
764738	fr	-0.004393125
764738	21	-0.004398473
764738	partial	-0.004416804
764738	patient	-0.0044247247
764738	33	-0.0045444127
764738	volum	-0.004576108
764738	big	-0.0046168417
764738	abil	-0.0046414332
764738	2014	-0.0046503264
764738	contribut	-0.0046591805
764738	42	-0.0047225426
764738	thermodynam	-0.004739312
764738	enjoi	-0.0047427146
764738	chiefli	-0.0047999322
764738	stand	-0.0048093866
764738	repres	-0.0048174784
764738	50	-0.004845094
764738	75	-0.0048475177
764738	mixtur	-0.004861633
764738	divid	-0.0048798695
764738	background	-0.004895541
764738	59	-0.004924024
764738	47	-0.004957666
764738	molecular	-0.0049747387
764738	technic	-0.0049920646
764738	53	-0.005042673
764738	lose	-0.005049865
764738	devoid	-0.0051081544
764738	symbol	-0.0051228083
764738	burn	-0.0051758494
764738	2005	-0.0052079284
764738	begin	-0.0053481003
764738	size	-0.0053685363
764738	lack	-0.0054116216
764738	86	-0.0054364637
764738	valu	-0.0054405592
764738	aid	-0.005657053
764738	hard	-0.0057608914
764738	analys	-0.005813336
764738	regardless	-0.005830558
764738	evid	-0.005886393
764738	medic	-0.0059013176
764738	meta	-0.0059483703
764738	immunodefici	-0.005951617
764738	predominantli	-0.0061090714
764738	15	-0.0063423305
764738	27	-0.0063462644
764738	54	-0.006364614
764738	made	-0.006427198
764738	intern	-0.006447998
764738	essenc	-0.0065770643
764738	95	-0.00661091
764738	percentag	-0.006662417
764738	endur	-0.006670963
764738	part	-0.0066865375
764738	expect	-0.0068223793
764738	tissu	-0.006928183
764738	gh	-0.006994534
764738	fibrosi	-0.0072438903
764738	denot	-0.0072609535
764738	right	-0.007288642
764738	cystic	-0.007359944
764738	technolog	-0.0074177645
764738	mass	-0.0074279415
764738	compos	-0.0074806293
764738	acronym	-0.0075040315
764738	900	-0.007609338
764738	arm	-0.007619808
764738	storag	-0.0076413047
764738	neutral	-0.00767358
764738	leg	-0.00775017
764738	affect	-0.0077954927
764738	216	-0.007828263
764738	al	-0.008054064
764738	ego	-0.00812524
764738	target	-0.008130506
764738	bod	-0.008230093
764738	rate	-0.008276444
764738	520	-0.008375732
764738	thereof	-0.008397637
764738	120	-0.00850785
764738	ecw	-0.008541285
764738	630	-0.008645199
764738	60	-0.008667887
764738	dose	-0.008709405
764738	determin	-0.008842609
764738	josephacorda	-0.008983212
764738	molar	-0.0090321265
764738	health	-0.009067029
764738	show	-0.009091757
764738	486	-0.009287071
764738	bodyweight	-0.009315729
764738	pictur	-0.009347795
764738	human	-0.009448454
764738	tend	-0.009591833
764738	fish	-0.009599018
764738	siri	-0.009608988
764738	mathemat	-0.009678178
764738	exampl	-0.009953438
764738	sure	-0.010116183
764738	68	-0.010255171
764738	trunk	-0.010306407
764738	happen	-0.010365827
764738	worri	-0.0104999235
764738	form	-0.010542777
764738	mockeri	-0.010604987
764738	client	-0.010830375
764738	natur	-0.010843514
764738	new	-0.011128181
764738	discuss	-0.011209866
764738	phallic	-0.011277203
764738	quick	-0.011308816
764738	rai	-0.0113889845
764738	dxa	-0.01163688
764738	page	-0.011651219
764738	increas	-0.011706718
764738	select	-0.011709032
764738	bbm	-0.012144979
764738	chang	-0.012212457
764738	dual	-0.012290383
764738	diseas	-0.012397161
764738	first	-0.012431697
764738	30	-0.01268506
764738	tahari	-0.012788072
764738	exist	-0.012912928
764738	task	-0.01310963
764738	mai	-0.013189647
764738	elit	-0.013266652
764738	100	-0.01329048
764738	trainer	-0.013369717
764738	rang	-0.013374012
764738	hand	-0.0134572005
764738	experi	-0.013731469
764738	limit	-0.013841122
764738	add	-0.014749758
764738	exact	-0.015030431
764738	children	-0.01539857
764738	clearer	-0.015438663
764738	older	-0.015515262
764738	femal	-0.015762936
764738	output	-0.015929915
764738	anesthesiologist	-0.015972296
764738	hume	-0.016032895
764738	surround	-0.016078586
764738	function	-0.01615212
764738	math	-0.016274957
764738	400	-0.016632145
764738	janmahasatian	-0.016746622
764738	depend	-0.016790949
764738	awai	-0.01689028
764738	larg	-0.01694821
764738	lauri	-0.017291531
764738	grain	-0.017476954
764738	unit	-0.017563222
764738	growth	-0.017575242
764738	upper	-0.017660242
764738	7	-0.017855857
764738	list	-0.017944286
764738	basal	-0.01794599
764738	25	-0.017961815
764738	surplu	-0.018121287
764738	map	-0.018145865
764738	sourc	-0.018408392
764738	comput	-0.018464329
764738	gram	-0.018611474
764738	calor	-0.018905152
764738	small	-0.019026259
764738	28	-0.019127166
764738	360	-0.019145807
764738	associ	-0.019278994
764738	salt	-0.019372849
764738	sai	-0.019389026
764738	nasm	-0.01962484
764738	familiar	-0.019742304
764738	signific	-0.019831676
764738	look	-0.020089569
764738	adjust	-0.02018182
764738	35	-0.0205537
764738	feel	-0.02084653
764738	input	-0.020856647
764738	supplement	-0.020959012
764738	6th	-0.021331599
764738	bf	-0.021366647
764738	lbw	-0.021437466
764738	anesthesia	-0.021502355
764738	imperi	-0.021522118
764738	fraction	-0.021688888
764738	44	-0.0218614
764738	nation	-0.021918649
764738	matur	-0.02204547
764738	plug	-0.022153297
764738	onlin	-0.022161812
764738	terminolog	-0.022178732
764738	carb	-0.02224022
764738	contrast	-0.022332035
764738	modif	-0.022372948
764738	view	-0.022421272
764738	1600	-0.0224344
764738	plai	-0.02243588
764738	recreat	-0.022440804
764738	membran	-0.022478458
764738	abbrevi	-0.02257747
764738	think	-0.022670478
764738	tool	-0.022710223
764738	english	-0.022728184
764738	skeleton	-0.022755751
764738	absorptiometri	-0.02285115
764738	articl	-0.02308362
764738	330	-0.023113402
764738	talbott	-0.02313616
764738	peopl	-0.02324806
764738	ad	-0.023318896
764738	perform	-0.023359556
764738	04	-0.023668842
764738	help	-0.023687059
764738	pmid	-0.02374264
764738	cell	-0.024074527
764738	compar	-0.024174161
764738	tough	-0.024205029
764738	gaug	-0.024273278
764738	172	-0.024315558
764738	onli	-0.024323002
764738	littlebigman	-0.024525873
764738	properli	-0.025013456
764738	70	-0.025205467
764738	maintain	-0.025291907
764738	adolesc	-0.02537575
764738	lb	-0.025427176
764738	want	-0.025672466
764738	rememb	-0.02593705
764738	element	-0.026194151
764738	gm	-0.026214546
764738	329	-0.026232166
764738	pmc	-0.026263367
764738	now	-0.026453378
764738	home	-0.02647109
764738	studi	-0.02649114
764738	deriv	-0.026580952
764738	complement	-0.026676126
764738	best	-0.026698828
764738	medicin	-0.026711201
764738	choos	-0.026724217
764738	access	-0.026786827
764738	140	-0.026833534
764738	typic	-0.026837882
764738	purpos	-0.026850283
764738	sport	-0.026895028
764738	altern	-0.02703392
764738	long	-0.027076177
764738	report	-0.02712376
764738	688	-0.02769541
764738	hei	-0.027802302
764738	separ	-0.027811157
764738	compart	-0.027843073
764738	12	-0.0279275
764738	popul	-0.028149277
764738	disord	-0.028247053
764738	hear	-0.028287703
764738	system	-0.028617809
764738	white	-0.028700406
764738	extrem	-0.028786147
764738	central	-0.02884217
764738	josh	-0.028883345
764738	approxim	-0.0289586
764738	placebo	-0.02896394
764738	kg	-0.02902513
764738	water	-0.029311141
764738	proper	-0.029352505
764738	puberti	-0.029454723
764738	individu	-0.029827073
764738	identifi	-0.029929684
764738	relev	-0.029945184
764738	metric	-0.030106599
764738	142	-0.030300993
764738	isn	-0.030364895
764738	number	-0.031192405
764738	122	-0.03141056
764738	173	-0.03151649
764738	judg	-0.031784102
764738	prime	-0.032140017
764738	40	-0.032276485
764738	extracellular	-0.032500405
764738	women	-0.032719374
764738	certainli	-0.032791983
764738	paper	-0.03289641
764738	densiti	-0.03303127
764738	type	-0.033067025
764738	essenti	-0.033103723
764738	larger	-0.033227783
764738	nervou	-0.033245277
764738	prescrib	-0.033424392
764738	tote	-0.033523068
764738	composit	-0.033571888
764738	dissatisfact	-0.033665095
764738	focu	-0.033760954
764738	superior	-0.033824228
764738	academi	-0.033875175
764738	yield	-0.03406594
764738	express	-0.03428976
764738	collect	-0.034348562
764738	read	-0.034384996
764738	follow	-0.03464675
764738	progress	-0.035085853
764738	iron	-0.035392087
764738	jame	-0.03560241
764738	goe	-0.035777155
764738	valuabl	-0.035890263
764738	32	-0.03633057
764738	gym	-0.036681507
764738	will	-0.036857527
764738	bit	-0.03719727
764738	648	-0.037480805
764738	cellular	-0.038474925
764738	miner	-0.038729038
764738	marrow	-0.03906119
764738	break	-0.039197527
764738	peter	-0.039592165
764738	assum	-0.039661773
764738	eat	-0.039800067
764738	can	-0.03990379
764738	thankfulli	-0.039944418
764738	bmr	-0.04026573
764738	31	-0.040311925
764738	compon	-0.04049631
764738	162	-0.041708607
764738	note	-0.04209014
764738	desir	-0.04230515
764738	learn	-0.042357214
764738	index	-0.0425881
764738	6	-0.042628016
764738	option	-0.042836785
764738	10lb	-0.043058906
764738	stoelt	-0.04312699
764738	estim	-0.043484405
764738	skinfold	-0.044145487
764738	goal	-0.044385508
764738	down	-0.044405017
764738	124	-0.04451784
764738	bodybuild	-0.04520758
764738	simpl	-0.045531724
764738	import	-0.046449408
764738	hydrostat	-0.046816062
764738	bfp	-0.047302313
764738	find	-0.04740194
764738	equat	-0.048004206
764738	necessarili	-0.048396908
764738	man	-0.04868414
764738	optimum	-0.048710894
764738	nake	-0.048897937
764738	5336	-0.049323928
764738	41	-0.049487572
764738	build	-0.04951485
764738	woman	-0.05020657
764738	standard	-0.050292164
764738	calori	-0.050779056
764738	lipid	-0.05095402
764738	fit	-0.05142501
764738	29	-0.052392017
764738	correctli	-0.05299788
764738	decreas	-0.05315483
764738	gain	-0.054226596
764738	remaind	-0.05439136
764738	record	-0.05472427
764738	enabl	-0.055093095
764738	due	-0.055495117
764738	significantli	-0.05549644
764738	rel	-0.055643484
764738	9	-0.05581954
764738	explor	-0.05587783
764738	relat	-0.056028582
764738	test	-0.05604164
764738	left	-0.056138977
764738	continu	-0.0561761
764738	184lb	-0.05660707
764738	obtain	-0.05683368
764738	proport	-0.057037752
764738	trust	-0.05734917
764738	step	-0.05745189
764738	mean	-0.057455882
764738	particip	-0.057583213
764738	bfw	-0.057619657
764738	height	-0.057953425
764738	123lb	-0.05811739
764738	156lb	-0.058326628
764738	metabol	-0.059025362
764738	bodi	-0.05950923
764738	measur	-0.059975594
764738	ratio	-0.06005089
764738	won	-0.060195822
764738	14	-0.060486943
764738	chart	-0.060812723
764738	165	-0.06243208
764738	develop	-0.06261164
764738	area	-0.06261613
764738	boer	-0.063154414
764738	141	-0.06398532
764738	subject	-0.065027475
764738	assess	-0.066110194
764738	men	-0.066164516
764738	keep	-0.06689399
764738	pound	-0.06998957
764738	rage	-0.07028316
764738	mind	-0.07081928
764738	bmc	-0.0709872
764738	unhealthi	-0.07193912
764738	accuraci	-0.07223855
764738	gender	-0.07479411
764738	tec	-0.07543022
764738	entir	-0.07592266
764738	sum	-0.07729648
764738	displai	-0.07798532
764738	carbohydr	-0.081847325
764738	legitim	-0.081995346
764738	us	-0.08319965
764738	radic	-0.08893303
764738	understand	-0.09795827
764738	140lb	-0.10234265
