1121353	ohrc	0.46331447
1121353	categori	0.26722664
1121353	membership	0.2496886
1121353	unfairli	0.16392434
1121353	claim	0.16316566
1121353	work	0.16083221
1121353	right	0.1594974
1121353	file	0.14921072
1121353	legal	0.14143161
1121353	religion	0.12570465
1121353	group	0.08973965
1121353	sex	0.083131805
1121353	ag	0.082654744
1121353	differ	0.08081159
1121353	practic	0.08055897
1121353	commiss	0.07818469
1121353	oklahoma	0.07528479
1121353	page	0.07395636
1121353	peopl	0.07017184
1121353	human	0.068034984
1121353	protect	0.06033879
1121353	percept	0.05580704
1121353	race	0.05141508
1121353	harass	0.050738756
1121353	sai	0.05001212
1121353	2010	0.04089321
1121353	392kb	0.039724246
1121353	workplac	0.037452385
1121353	lesbian	0.035659086
1121353	appear	0.034221604
1121353	agenc	0.033051237
1121353	physic	0.032338493
1121353	employ	0.031665567
1121353	treat	0.03142315
1121353	gai	0.02990377
1121353	racism	0.029770773
1121353	see	0.029442169
1121353	situat	0.029433077
1121353	person	0.028777521
1121353	known	0.026757535
1121353	man	0.026165284
1121353	claus	0.025226189
1121353	relat	0.024326202
1121353	ordin	0.024105245
1121353	particip	0.022708528
1121353	aca	0.02260558
1121353	unlaw	0.021845512
1121353	paragraph	0.021394169
1121353	give	0.020949692
1121353	atlanta	0.020346543
1121353	link	0.019992527
1121353	thursdai	0.019959187
1121353	resolut	0.01992734
1121353	anti	0.01987083
1121353	subordin	0.017895456
1121353	extern	0.017726576
1121353	375	0.017671397
1121353	bia	0.01763678
1121353	redund	0.017556094
1121353	identifi	0.017344303
1121353	implic	0.016223822
1121353	4ac	0.016094316
1121353	price	0.015430561
1121353	intoler	0.015342382
1121353	emploi	0.015320288
1121353	web	0.015031465
1121353	875	0.014754084
1121353	local	0.014681473
1121353	juli	0.014391202
1121353	405	0.014208819
1121353	eeo	0.0141602475
1121353	download	0.0141116
1121353	experienc	0.0139269605
1121353	complaint	0.013893018
1121353	offic	0.013591421
1121353	ax2	0.012955165
1121353	media	0.012711482
1121353	barresi	0.012510556
1121353	guid	0.012504162
1121353	make	0.0123014655
1121353	kei	0.012192975
1121353	mental	0.01213429
1121353	manag	0.011920982
1121353	50	0.011886413
1121353	trait	0.011857336
1121353	least	0.01176499
1121353	discriminatori	0.011740331
1121353	consider	0.0115669975
1121353	pervas	0.011467844
1121353	aarp	0.011276088
1121353	bx	0.011159013
1121353	11	0.0110487575
1121353	reinstat	0.010908478
1121353	allow	0.010855936
1121353	b2	0.010769742
1121353	hire	0.010522689
1121353	maximis	0.010496949
1121353	quadrat	0.0104370285
1121353	facet	0.010334023
1121353	equat	0.010265933
1121353	regular	0.010228535
1121353	calendar	0.0101446835
1121353	standard	0.010045579
1121353	point	0.009988912
1121353	discriminationref	0.009863999
1121353	2013	0.0098177325
1121353	lost	0.009800251
1121353	charg	0.009471186
1121353	busi	0.009311932
1121353	feha	0.009265786
1121353	osd	0.0090969475
1121353	well	0.008842408
1121353	fire	0.008791649
1121353	print	0.008784146
1121353	incorpor	0.008494171
1121353	sale	0.0084889885
1121353	root	0.008481805
1121353	avail	0.008413433
1121353	consum	0.008358135
1121353	illeg	0.008334773
1121353	detail	0.008323396
1121353	1st	0.008236175
1121353	blatant	0.008125618
1121353	180	0.008124992
1121353	quick	0.007923103
1121353	suspect	0.007917459
1121353	sect	0.0076771295
1121353	janet	0.0076043606
1121353	advoc	0.0075897174
1121353	consist	0.007569458
1121353	younger	0.0075137615
1121353	64	0.007405634
1121353	facilities4	0.007326977
1121353	firm	0.0072812224
1121353	attent	0.0072147297
1121353	extend	0.007199622
1121353	talli	0.007179712
1121353	respond	0.007079147
1121353	34	0.007058617
1121353	6205	0.0070297886
1121353	famili	0.0069777006
1121353	mployment	0.0069584646
1121353	0114	0.0069370014
1121353	target	0.0069072773
1121353	522	0.006861245
1121353	wholli	0.006661541
1121353	ban	0.006553868
1121353	refer	0.0065487903
1121353	encourag	0.006546581
1121353	sell	0.0065443413
1121353	maximum	0.0065375455
1121353	elimin	0.0064081964
1121353	nd	0.0063603166
1121353	strategi	0.0063093244
1121353	thought	0.0061038854
1121353	solut	0.0061031976
1121353	profit	0.0060620485
1121353	liabl	0.0060029817
1121353	winner	0.0059745577
1121353	subtl	0.0058969236
1121353	knowledg	0.005876663
1121353	dismiss	0.005872195
1121353	accredit	0.005853523
1121353	proof	0.005658007
1121353	divis	0.005646386
1121353	outlet	0.005544681
1121353	monei	0.005527529
1121353	caus	0.005517062
1121353	due	0.0055103134
1121353	regardless	0.0054725073
1121353	idea	0.005418995
1121353	box	0.005343557
1121353	recruit	0.0051686624
1121353	personnel	0.005104486
1121353	western	0.0050671943
1121353	stat	0.0050652255
1121353	third	0.005049483
1121353	read	0.004964287
1121353	suprem	0.0049253106
1121353	solac	0.0048981267
1121353	uncheck	0.0048835394
1121353	sw	0.0047991467
1121353	town	0.0047945734
1121353	reduc	0.004745831
1121353	affect	0.004564839
1121353	continu	0.0045585213
1121353	unfortun	0.004526084
1121353	last	0.0045256214
1121353	instruct	0.0045195627
1121353	natur	0.0044856467
1121353	parti	0.004411473
1121353	second	0.004240859
1121353	agreement	0.0041966666
1121353	facebook	0.0041513857
1121353	count	0.0040739034
1121353	call	0.00407295
1121353	geographi	0.0040450483
1121353	disast	0.004039026
1121353	googl	0.004031439
1121353	statement	0.003990042
1121353	arkansa	0.003981705
1121353	popular	0.0038994749
1121353	07	0.0038071112
1121353	1978	0.0038063477
1121353	close	0.0038062748
1121353	button	0.0036818113
1121353	newspap	0.0036509265
1121353	amount	0.0036399895
1121353	magazin	0.00357828
1121353	flag	0.0035775204
1121353	pronunci	0.0035669117
1121353	observ	0.003560168
1121353	provis	0.0034510621
1121353	ve	0.003432909
1121353	updat	0.0034148043
1121353	non	0.003411151
1121353	22	0.0034068457
1121353	800	0.0033777948
1121353	offer	0.0033280319
1121353	determin	0.0033005194
1121353	radio	0.0032925792
1121353	interpret	0.0032660356
1121353	enrol	0.003237527
1121353	role	0.0032129495
1121353	8	0.0031887137
1121353	ll	0.0031075857
1121353	unfavor	0.0030766015
1121353	station	0.003062298
1121353	massachusett	0.0030280072
1121353	past	0.00294982
1121353	click	0.00293346
1121353	project	0.0028899754
1121353	tv	0.002889734
1121353	guidelin	0.0028438286
1121353	real	0.0028098347
1121353	ask	0.0028001931
1121353	27th	0.002793733
1121353	servic	0.0026841266
1121353	teacher	0.0026775955
1121353	purchas	0.002644855
1121353	sheet	0.0025970533
1121353	option	0.0025953103
1121353	oper	0.0025947508
1121353	35	0.0025743283
1121353	accompani	0.002536155
1121353	9x2	0.0025183111
1121353	total	0.0024994707
1121353	respons	0.0024666316
1121353	rule	0.0024513945
1121353	advers	0.0024349415
1121353	news9	0.002424376
1121353	context	0.0023903428
1121353	crimin	0.0023550275
1121353	confus	0.0022268782
1121353	minut	0.0021718983
1121353	doubl	0.0021373634
1121353	12x	0.0020504624
1121353	5	0.0020500824
1121353	want	0.0020477704
1121353	procedur	0.001913002
1121353	educ	0.0019106476
1121353	develop	0.0017403826
1121353	accord	0.0017109327
1121353	examin	0.0016874336
1121353	woman	0.0016611671
1121353	interview	0.0016230338
1121353	visitokc	0.0015466817
1121353	post	0.0015363678
1121353	plai	0.0014453514
1121353	5652	0.0014012025
1121353	8912	0.0013635523
1121353	script	0.0013559959
1121353	cure	0.0012344237
1121353	argument	0.0011825643
1121353	solv	0.001122966
1121353	focu	0.0011142902
1121353	edg	0.001101706
1121353	program	0.0010775548
1121353	pain	0.0010740021
1121353	tulsa	0.0010729867
1121353	todai	0.0010708463
1121353	cordel	0.0010547756
1121353	isn	0.0010512006
1121353	8112	0.0009311874
1121353	139	0.0009059568
1121353	intend	0.00089730485
1121353	express	0.0008959517
1121353	297	0.000878603
1121353	squar	0.00085467775
1121353	video	0.0008488089
1121353	7111	0.0008430621
1121353	tell	0.00083780446
1121353	1353	0.000813425
1121353	mingo	0.0008102697
1121353	km	0.000804425
1121353	appli	0.0007973189
1121353	scenario	0.0007968497
1121353	nestl	0.00076599274
1121353	2035	0.0007611484
1121353	ener	0.00075804343
1121353	emotion	0.0007421984
1121353	valu	0.000738825
1121353	know	0.00073008856
1121353	norman	0.0007274994
1121353	hear	0.00072434027
1121353	225	0.0007186429
1121353	revers	0.00071844755
1121353	proud	0.00067726034
1121353	traumat	0.0006667141
1121353	neighbor	0.00065883255
1121353	frustrat	0.0006587819
1121353	order	0.00065669714
1121353	candid	0.0006302061
1121353	perceiv	0.00062929554
1121353	onli	0.00060687575
1121353	plain	0.00059867516
1121353	meridian	0.0005838587
1121353	24th	0.00057222997
1121353	central	0.0005486148
1121353	review	0.0005115383
1121353	lewi	0.0004972864
1121353	hospit	0.0004959733
1121353	tradit	0.0004883487
1121353	highli	0.00048392828
1121353	go	0.00047808746
1121353	avenu	0.0004728503
1121353	choic	0.0004431486
1121353	municip	0.00044043566
1121353	capitol	0.00043679465
1121353	exempt	0.00042360785
1121353	wide	0.0003943
1121353	vari	0.0003836906
1121353	campu	0.00036558518
1121353	small	0.0003634616
1121353	ou	0.0003420547
1121353	downtown	0.00029312898
1121353	scienc	0.00028474873
1121353	counti	0.00027894412
1121353	build	0.00024091195
1121353	contractor	0.0002224157
1121353	hourli	0.00021854714
1121353	explor	0.00018996152
1121353	career	0.00018286407
1121353	chang	0.00012503218
1121353	psychedel	0.00011729615
1121353	neo	0.00010566007
1121353	region	8.9391615e-05
1121353	recent	6.534373e-05
1121353	present	5.301931e-05
1121353	articl	-1.082508e-05
1121353	missouri	-1.5015812e-05
1121353	design	-4.2214502e-05
1121353	center	-4.3363292e-05
1121353	greater	-5.63911e-05
1121353	domin	-6.4631124e-05
1121353	geograph	-6.6747525e-05
1121353	urban	-6.8101646e-05
1121353	hub	-7.580088e-05
1121353	tourism	-7.9179845e-05
1121353	numer	-0.00018640369
1121353	fall	-0.00019454834
1121353	toll	-0.00021715871
1121353	conveni	-0.0003729411
1121353	union	-0.00040638747
1121353	latitud	-0.00042613602
1121353	97	-0.00042941494
1121353	longitud	-0.00045146266
1121353	here	-0.0005217619
1121353	envir	-0.00055349455
1121353	histori	-0.00055592455
1121353	administr	-0.00059472915
1121353	east	-0.00061025
1121353	current	-0.0006345834
1121353	rank	-0.0006894646
1121353	suffer	-0.000712914
1121353	heat	-0.00072649465
1121353	ad	-0.00075870915
1121353	2011	-0.00076006155
1121353	lai	-0.000762251
1121353	5625	-0.0007740616
1121353	hot	-0.0007899054
1121353	write	-0.00082108047
1121353	approxim	-0.000829706
1121353	summer	-0.00083066017
1121353	higher	-0.0008594012
1121353	4916	-0.0008775836
1121353	manifest	-0.00088750006
1121353	genuin	-0.0009379096
1121353	world	-0.0009675635
1121353	38	-0.0009680834
1121353	oldest	-0.0010444218
1121353	fahrenheit	-0.001047499
1121353	air	-0.0010648018
1121353	system	-0.0010878111
1121353	leav	-0.0011034698
1121353	month	-0.0011168953
1121353	dfeh	-0.0011267172
1121353	industri	-0.0011396967
1121353	select	-0.001154663
1121353	salari	-0.001157487
1121353	increas	-0.0011605922
1121353	forc	-0.0011622228
1121353	letter	-0.0011960081
1121353	55	-0.0012198127
1121353	charter	-0.001243626
1121353	pretext	-0.0013574623
1121353	111	-0.0013766654
1121353	cleveland	-0.0015147051
1121353	80	-0.0015194966
1121353	affili	-0.0015217811
1121353	seventh	-0.0015525906
1121353	moor	-0.0015869432
1121353	447	-0.0016176288
1121353	329	-0.0016238171
1121353	forbid	-0.0016327281
1121353	west	-0.0016372912
1121353	entitl	-0.0016384842
1121353	realiz	-0.001650312
1121353	creat	-0.0016540764
1121353	still	-0.001654194
1121353	caucasian	-0.001662769
1121353	eighth	-0.0016669439
1121353	005	-0.0016736486
1121353	552	-0.0016779213
1121353	835	-0.0016913759
1121353	evid	-0.0016976775
1121353	layoff	-0.0017060154
1121353	mari	-0.0017128324
1121353	old	-0.0017404692
1121353	749	-0.0017559478
1121353	medic	-0.0017705056
1121353	overtim	-0.0017965412
1121353	12	-0.0018579129
1121353	inquiri	-0.001862923
1121353	supervis	-0.0018660355
1121353	pharmaci	-0.0018792938
1121353	usda	-0.0018879278
1121353	earli	-0.0018880767
1121353	event	-0.0019043174
1121353	marit	-0.0019067333
1121353	25	-0.0019257099
1121353	verbal	-0.0019522251
1121353	digniti	-0.0019522611
1121353	grew	-0.0019561383
1121353	movi	-0.0019597325
1121353	name	-0.0019640832
1121353	defens	-0.001974038
1121353	blvd	-0.0020287859
1121353	war	-0.0020402938
1121353	1710	-0.0020415073
1121353	371	-0.0020474065
1121353	common	-0.0020931475
1121353	reflect	-0.0021082393
1121353	low	-0.0021235035
1121353	licensur	-0.0021511766
1121353	disambigu	-0.0021590907
1121353	081	-0.0021854583
1121353	south	-0.002233523
1121353	densiti	-0.0022481831
1121353	novemb	-0.0022680298
1121353	3027	-0.0022696026
1121353	midwest	-0.0022944317
1121353	metropolitan	-0.0023234086
1121353	vote	-0.0023325444
1121353	repres	-0.0023357223
1121353	high	-0.0023483923
1121353	42	-0.0023553653
1121353	tinker	-0.0023867304
1121353	feet	-0.00238919
1121353	free	-0.0023893449
1121353	celebr	-0.0024108347
1121353	north	-0.0024210983
1121353	31	-0.0024211516
1121353	board	-0.0024587403
1121353	impact	-0.0024768198
1121353	54	-0.00248649
1121353	translat	-0.0025003196
1121353	prove	-0.0025012246
1121353	code	-0.0025020612
1121353	hollywood	-0.0025045478
1121353	road	-0.0025636032
1121353	unwelcom	-0.0025854618
1121353	profession	-0.0026105444
1121353	fit	-0.0026513583
1121353	publish	-0.002679756
1121353	sea	-0.0026799054
1121353	rang	-0.0027021999
1121353	product	-0.002707969
1121353	separ	-0.0027159972
1121353	million	-0.0027197655
1121353	size	-0.0027238294
1121353	spirit	-0.0027470973
1121353	onlin	-0.0027474079
1121353	346	-0.0027626727
1121353	safeti	-0.002792257
1121353	occup	-0.0027952816
1121353	condit	-0.0027990453
1121353	nlrb	-0.0028238327
1121353	631	-0.0028286707
1121353	move	-0.0028627585
1121353	settlement	-0.002881375
1121353	consid	-0.002890919
1121353	discov	-0.0028946444
1121353	explain	-0.0028987455
1121353	took	-0.0029257569
1121353	corpor	-0.002996939
1121353	heritag	-0.0030196763
1121353	live	-0.0030637614
1121353	awai	-0.003089973
1121353	train	-0.003093217
1121353	statist	-0.0031134556
1121353	properti	-0.0031237171
1121353	bomb	-0.0031422703
1121353	13	-0.003143488
1121353	sue	-0.0031445057
1121353	romant	-0.003144974
1121353	bodi	-0.0031464393
1121353	superintend	-0.0031470512
1121353	fee	-0.003172503
1121353	fallin	-0.003180478
1121353	defend	-0.0031852373
1121353	site	-0.003224923
1121353	1880	-0.0032374074
1121353	period	-0.003243988
1121353	mainli	-0.003277403
1121353	8705	-0.0032787193
1121353	kilomet	-0.0033421514
1121353	exceed	-0.0033456762
1121353	tabl	-0.0033568244
1121353	occur	-0.0033581606
1121353	embrac	-0.0033654908
1121353	mile	-0.0033949008
1121353	largest	-0.0034233832
1121353	household	-0.0034291698
1121353	19	-0.0034438886
1121353	just	-0.0034538498
1121353	72	-0.0034595125
1121353	estim	-0.0034754595
1121353	freebas	-0.0035577381
1121353	2015	-0.0036136382
1121353	adopt	-0.003666798
1121353	rock	-0.0036705022
1121353	look	-0.003679064
1121353	great	-0.0036852674
1121353	birth	-0.003686112
1121353	24	-0.003700507
1121353	exercis	-0.0037111754
1121353	999	-0.0037214
1121353	seq	-0.0037263273
1121353	percent	-0.0037299679
1121353	ensur	-0.0037331434
1121353	parallel	-0.0037400797
1121353	stage	-0.0037582903
1121353	45	-0.003776018
1121353	32	-0.0038102318
1121353	choctaw	-0.0038302126
1121353	89	-0.0038519155
1121353	affection	-0.003885538
1121353	index	-0.0038983526
1121353	level	-0.003920098
1121353	29th	-0.003920562
1121353	band	-0.0039262404
1121353	breach	-0.0039301915
1121353	handl	-0.0039524063
1121353	handbook	-0.0039879177
1121353	answer	-0.0039982744
1121353	biggest	-0.0039985604
1121353	indic	-0.0040254532
1121353	statehood	-0.0040541133
1121353	assum	-0.0040967236
1121353	grow	-0.0041157193
1121353	interst	-0.0041419105
1121353	2016	-0.004193459
1121353	52	-0.0042485376
1121353	survei	-0.0042905607
1121353	term	-0.0042995294
1121353	pai	-0.0043031164
1121353	across	-0.004310537
1121353	southwestern	-0.0043197265
1121353	51	-0.004366083
1121353	579	-0.0043746196
1121353	16	-0.0043805474
1121353	sign	-0.00438153
1121353	unintend	-0.004384862
1121353	differenti	-0.0043953797
1121353	opinion	-0.0044032917
1121353	children	-0.004435895
1121353	050	-0.004438567
1121353	sacramento	-0.004442406
1121353	divorc	-0.0044468637
1121353	consequ	-0.004449671
1121353	elev	-0.0044633383
1121353	000	-0.004483832
1121353	meet	-0.0045208773
1121353	28	-0.0045224503
1121353	actual	-0.0045303158
1121353	sport	-0.004544038
1121353	04	-0.004549444
1121353	match	-0.004575298
1121353	cheaper	-0.0046468857
1121353	lip	-0.004651514
1121353	latest	-0.0046677254
1121353	334	-0.0047316654
1121353	okc	-0.004741098
1121353	83	-0.004744386
1121353	school	-0.0047526537
1121353	think	-0.0047553247
1121353	seat	-0.0047689066
1121353	368	-0.004790917
1121353	come	-0.004802295
1121353	bailei	-0.004821658
1121353	blog	-0.0048304605
1121353	help	-0.0048854947
1121353	67	-0.0049210074
1121353	2000e	-0.0049224203
1121353	00	-0.0049553597
1121353	convert	-0.0049803546
1121353	592	-0.004986256
1121353	displai	-0.0049919994
1121353	unassign	-0.0050061666
1121353	combin	-0.0050149555
1121353	1983	-0.005034878
1121353	20	-0.0050570946
1121353	propos	-0.0050748754
1121353	37	-0.005106587
1121353	empower	-0.0051260237
1121353	100	-0.005139039
1121353	flame	-0.0051430245
1121353	turnpik	-0.0051855394
1121353	medicin	-0.0052020615
1121353	announc	-0.005221341
1121353	censu	-0.0052992487
1121353	forecast	-0.005332631
1121353	ix	-0.0053574042
1121353	testimoni	-0.0054060332
1121353	offici	-0.005417477
1121353	warn	-0.005433273
1121353	complain	-0.005441196
1121353	litig	-0.0054513183
1121353	44	-0.0054671965
1121353	win	-0.005498245
1121353	ground	-0.0055026826
1121353	respect	-0.0055040536
1121353	traffic	-0.0055073816
1121353	tangibl	-0.005523804
1121353	problem	-0.005586663
1121353	disciplinari	-0.00568617
1121353	rate	-0.0056962334
1121353	jefferson	-0.0057131583
1121353	marri	-0.0057264
1121353	drive	-0.005740147
1121353	year	-0.005834208
1121353	dispar	-0.005837834
1121353	entir	-0.0058801793
1121353	issu	-0.005925271
1121353	6	-0.0059513785
1121353	temperatur	-0.0059676818
1121353	best	-0.0059923995
1121353	30	-0.006010227
1121353	portion	-0.006081793
1121353	healthi	-0.0061687157
1121353	straight	-0.006205622
1121353	report	-0.006228875
1121353	kind	-0.006240954
1121353	requir	-0.0062996796
1121353	disadvantag	-0.006306727
1121353	behaviour	-0.006308912
1121353	clock	-0.006347999
1121353	easi	-0.0063880575
1121353	characterist	-0.0064420504
1121353	effect	-0.006467321
1121353	elk	-0.0064815897
1121353	7	-0.006508871
1121353	agent	-0.0065511516
1121353	2017	-0.0065733804
1121353	line	-0.006578973
1121353	airport	-0.006599097
1121353	district	-0.006609097
1121353	cost	-0.006711231
1121353	surgeon	-0.006789567
1121353	collect	-0.006797446
1121353	behalf	-0.006830902
1121353	foremost	-0.0068593593
1121353	wall	-0.0068695405
1121353	databas	-0.0068708397
1121353	radar	-0.006882759
1121353	146	-0.0069071706
1121353	4	-0.0069335415
1121353	question	-0.0070280666
1121353	coverag	-0.0070285616
1121353	victorian	-0.0070346654
1121353	27	-0.0070607816
1121353	violenc	-0.0070611737
1121353	associ	-0.0070668412
1121353	alleg	-0.007074093
1121353	filter	-0.007091816
1121353	york	-0.00709766
1121353	85	-0.0071272063
1121353	recess	-0.0071300683
1121353	suppli	-0.0071508572
1121353	currenc	-0.007157561
1121353	exampl	-0.007160503
1121353	hous	-0.007179197
1121353	guest	-0.0072361077
1121353	talk	-0.0072545344
1121353	narrow	-0.0072582187
1121353	weather	-0.007263855
1121353	freedom	-0.0072975727
1121353	direct	-0.0073148287
1121353	gross	-0.007316257
1121353	august	-0.0073747085
1121353	median	-0.0073766536
1121353	visit	-0.007388957
1121353	major	-0.0074174637
1121353	increasingli	-0.0074205915
1121353	unit	-0.0074330005
1121353	serious	-0.007440286
1121353	approv	-0.00746452
1121353	search	-0.007491779
1121353	st	-0.00750553
1121353	326	-0.0075312783
1121353	spike	-0.007538892
1121353	liabil	-0.007544494
1121353	brows	-0.0075635277
1121353	av	-0.007574716
1121353	hiv	-0.007580803
1121353	feb	-0.007588769
1121353	death	-0.0075965025
1121353	disciplin	-0.0076555833
1121353	planner	-0.007664163
1121353	earn	-0.0077062706
1121353	vehicl	-0.007730559
1121353	lawyer	-0.007785675
1121353	cheap	-0.007812282
1121353	william	-0.007816941
1121353	nurs	-0.007818876
1121353	compos	-0.007824472
1121353	lower	-0.007831795
1121353	organis	-0.007871716
1121353	recommend	-0.007893789
1121353	82	-0.007899985
1121353	studi	-0.007933013
1121353	special	-0.007938106
1121353	capit	-0.008027516
1121353	wait	-0.008069402
1121353	revenu	-0.008150755
1121353	modern	-0.008163157
1121353	155	-0.008195374
1121353	serv	-0.008255293
1121353	break	-0.008266517
1121353	partnership	-0.008318047
1121353	appoint	-0.008354518
1121353	word	-0.008361151
1121353	79	-0.008403393
1121353	disclosur	-0.008458441
1121353	down	-0.008458867
1121353	orthoped	-0.0084911715
1121353	territori	-0.008500847
1121353	insur	-0.008503793
1121353	exclud	-0.008536966
1121353	notic	-0.008541849
1121353	map	-0.008542966
1121353	senat	-0.008548382
1121353	mind	-0.00856943
1121353	februari	-0.008581927
1121353	resourc	-0.008588955
1121353	access	-0.008636661
1121353	week	-0.008650422
1121353	imper	-0.00867315
1121353	3	-0.008674104
1121353	87	-0.008703677
1121353	enter	-0.008730726
1121353	480	-0.008746054
1121353	sector	-0.008815794
1121353	varieti	-0.008830063
1121353	remedi	-0.008838341
1121353	establish	-0.00884667
1121353	overview	-0.008878161
1121353	timothi	-0.008890526
1121353	compani	-0.008900747
1121353	1890	-0.008907502
1121353	mastagni	-0.0089279255
1121353	holstedt	-0.0089279255
1121353	licens	-0.008995646
1121353	flow	-0.008998745
1121353	land	-0.009022834
1121353	failur	-0.009033886
1121353	accept	-0.009052965
1121353	14	-0.009123822
1121353	form	-0.009136464
1121353	skin	-0.009155322
1121353	car	-0.009185684
1121353	unfavour	-0.009221918
1121353	result	-0.009270353
1121353	advic	-0.009277716
1121353	phone	-0.009287192
1121353	epic	-0.009316949
1121353	topic	-0.009353887
1121353	fals	-0.009361852
1121353	86	-0.009381101
1121353	bolster	-0.009396311
1121353	divid	-0.009412577
1121353	compli	-0.009447887
1121353	learn	-0.009469262
1121353	graph	-0.009487747
1121353	orient	-0.009488821
1121353	minor	-0.0095912395
1121353	2012	-0.009626686
1121353	affair	-0.009650627
1121353	unfair	-0.009670905
1121353	registr	-0.009690699
1121353	sort	-0.009748583
1121353	neurolog	-0.009749327
1121353	histor	-0.009754351
1121353	driver	-0.009755551
1121353	case	-0.009778928
1121353	climat	-0.009817139
1121353	hotel	-0.009923374
1121353	tribe	-0.010026321
1121353	10th	-0.010036643
1121353	usa	-0.010049269
1121353	afford	-0.010066467
1121353	306	-0.010087779
1121353	attornei	-0.010088191
1121353	rippl	-0.010110052
1121353	quickli	-0.010113227
1121353	penalti	-0.010131378
1121353	individu	-0.010169782
1121353	facil	-0.010323405
1121353	65	-0.010390657
1121353	1964	-0.010459519
1121353	regist	-0.010478275
1121353	concentr	-0.010559109
1121353	distinguish	-0.010566238
1121353	navig	-0.010574053
1121353	nonresid	-0.010597824
1121353	luther	-0.010623346
1121353	conduct	-0.010627148
1121353	top	-0.010683992
1121353	promot	-0.010686029
1121353	575	-0.010712978
1121353	ndirect	-0.010724809
1121353	choos	-0.010752508
1121353	frontier	-0.010755556
1121353	analysi	-0.010784648
1121353	home	-0.010794346
1121353	enforc	-0.010822733
1121353	garden	-0.010894529
1121353	fbi	-0.01091764
1121353	obtain	-0.01096361
1121353	david	-0.010963787
1121353	17	-0.010978378
1121353	taxat	-0.011047623
1121353	calcul	-0.011057648
1121353	polic	-0.011074475
1121353	hour	-0.011079625
1121353	governor	-0.011090154
1121353	assembl	-0.011135904
1121353	date	-0.011182355
1121353	704	-0.011185298
1121353	718	-0.011217404
1121353	set	-0.011278451
1121353	hyatt	-0.011326711
1121353	note	-0.011353632
1121353	reveal	-0.011353881
1121353	sheridan	-0.011421063
1121353	zip	-0.01142642
1121353	paper	-0.011453854
1121353	633	-0.011517296
1121353	locat	-0.011523001
1121353	merit	-0.011538984
1121353	otc	-0.011573679
1121353	leas	-0.011580931
1121353	outlaw	-0.011655531
1121353	expens	-0.01174564
1121353	feel	-0.011759481
1121353	commonli	-0.011787216
1121353	us	-0.011791396
1121353	put	-0.0119610885
1121353	accus	-0.011967092
1121353	releas	-0.012010185
1121353	justic	-0.012012564
1121353	understand	-0.012030384
1121353	african	-0.01205416
1121353	neurologist	-0.0120576555
1121353	212	-0.012101013
1121353	colleg	-0.012162148
1121353	1907	-0.01224741
1121353	assist	-0.012258151
1121353	systemat	-0.012438769
1121353	84	-0.012516162
1121353	abl	-0.012564726
1121353	inferior	-0.012590057
1121353	ident	-0.012603163
1121353	oblig	-0.012712384
1121353	be	-0.012743554
1121353	connect	-0.012870198
1121353	0	-0.012885077
1121353	98	-0.012932197
1121353	1995	-0.012943946
1121353	56	-0.012951989
1121353	dr	-0.0129906265
1121353	black	-0.012996282
1121353	distanc	-0.013009064
1121353	let	-0.013054374
1121353	opportun	-0.013076836
1121353	statut	-0.0131141795
1121353	immigr	-0.01316878
1121353	unemploi	-0.013233267
1121353	men	-0.013283267
1121353	511nr	-0.013334397
1121353	nativ	-0.013367084
1121353	environ	-0.013425973
1121353	primarili	-0.013453288
1121353	creditor	-0.013647583
1121353	experi	-0.013648724
1121353	2014	-0.013659061
1121353	find	-0.013673068
1121353	websit	-0.013766119
1121353	33	-0.013777635
1121353	client	-0.013882537
1121353	dp	-0.014007425
1121353	public	-0.014033565
1121353	found	-0.014138464
1121353	forti	-0.014189639
1121353	2493	-0.014238468
1121353	reason	-0.014332523
1121353	neg	-0.014375351
1121353	june	-0.014460783
1121353	geib	-0.014498647
1121353	court	-0.01455446
1121353	2018individu	-0.014650801
1121353	staff	-0.014652047
1121353	usdupd	-0.014820086
1121353	ohio	-0.014829307
1121353	begin	-0.015080359
1121353	7450	-0.015200145
1121353	octob	-0.015330954
1121353	unrel	-0.015517485
1121353	success	-0.01554854
1121353	oun	-0.01555846
1121353	titl	-0.01565594
1121353	obituari	-0.015738498
1121353	66	-0.01575735
1121353	ii	-0.015836751
1121353	grievanc	-0.01597933
1121353	seldom	-0.016034221
1121353	favor	-0.016208814
1121353	address	-0.01627213
1121353	asian	-0.016370863
1121353	handicap	-0.016393108
1121353	view	-0.016443066
1121353	com	-0.016496213
1121353	seek	-0.016590044
1121353	c1	-0.016639551
1121353	open	-0.016651666
1121353	deduct	-0.016734038
1121353	extens	-0.016738556
1121353	strict	-0.017017411
1121353	synonym	-0.017034907
1121353	indian	-0.017045282
1121353	adea	-0.017072026
1121353	equit	-0.01708039
1121353	18	-0.017162276
1121353	15	-0.01721792
1121353	specif	-0.01736489
1121353	especi	-0.01742259
1121353	support	-0.017541934
1121353	retali	-0.017587012
1121353	deal	-0.017614348
1121353	transgend	-0.017704798
1121353	rutger	-0.01787374
1121353	time	-0.01788657
1121353	327view	-0.018111667
1121353	will	-0.018141791
1121353	difficult	-0.01818098
1121353	carn	-0.018315526
1121353	columbu	-0.018370168
1121353	regul	-0.018534446
1121353	degre	-0.018537702
1121353	dai	-0.01855573
1121353	show	-0.018629564
1121353	mai	-0.018633373
1121353	90	-0.01870099
1121353	who	-0.018881433
1121353	danger	-0.018937523
1121353	10	-0.019066354
1121353	996	-0.019133681
1121353	don	-0.019145269
1121353	noun	-0.01915035
1121353	underli	-0.019173678
1121353	complet	-0.019175494
1121353	compar	-0.01917639
1121353	save	-0.019210748
1121353	texa	-0.019298628
1121353	9	-0.019329403
1121353	abus	-0.019349666
1121353	organ	-0.019355534
1121353	bendur	-0.019502962
1121353	wit	-0.019560024
1121353	breakdown	-0.01956648
1121353	institut	-0.019589279
1121353	travel	-0.019659093
1121353	militari	-0.019828621
1121353	america	-0.019831909
1121353	part	-0.019886693
1121353	violent	-0.019953782
1121353	white	-0.020000238
1121353	univers	-0.020052552
1121353	wage	-0.020154553
1121353	purpos	-0.020252783
1121353	zone	-0.02034655
1121353	aggress	-0.02036606
1121353	posit	-0.02047519
1121353	vii	-0.020494746
1121353	wai	-0.020582361
1121353	deadlin	-0.020617038
1121353	friend	-0.02070122
1121353	2002	-0.020793509
1121353	stand	-0.020931145
1121353	try	-0.021070924
1121353	typic	-0.02107551
1121353	first	-0.02111128
1121353	complic	-0.021182243
1121353	border	-0.021290442
1121353	counselor	-0.021417467
1121353	involv	-0.02160001
1121353	taxpay	-0.021623675
1121353	privat	-0.021632463
1121353	member	-0.021694263
1121353	late	-0.021698713
1121353	receiv	-0.021772247
1121353	confin	-0.021848813
1121353	prevent	-0.021935858
1121353	possibl	-0.0221403
1121353	benefit	-0.022162296
1121353	stress	-0.022249026
1121353	era	-0.02247464
1121353	defin	-0.022767434
1121353	sole	-0.023002068
1121353	provid	-0.023003535
1121353	countri	-0.023011986
1121353	record	-0.023045981
1121353	gender	-0.023133243
1121353	treatment	-0.023138195
1121353	fundament	-0.023242893
1121353	ada	-0.023345912
1121353	check	-0.0234618
1121353	resid	-0.02350786
1121353	keep	-0.023673264
1121353	coordin	-0.023702417
1121353	document	-0.023716332
1121353	mail	-0.02371891
1121353	singl	-0.023772417
1121353	alon	-0.023816478
1121353	sourc	-0.023990463
1121353	averag	-0.024108985
1121353	area	-0.024343614
1121353	latino	-0.024346339
1121353	prohibit	-0.024640234
1121353	effort	-0.024761863
1121353	mob	-0.024816394
1121353	divers	-0.024861692
1121353	refund	-0.025343975
1121353	fight	-0.0254315
1121353	rememb	-0.025528954
1121353	need	-0.025566172
1121353	intak	-0.025599463
1121353	addit	-0.025700701
1121353	belong	-0.025742074
1121353	lack	-0.02574891
1121353	onc	-0.025919715
1121353	type	-0.025934078
1121353	sexual	-0.02614705
1121353	broke	-0.026221657
1121353	accommod	-0.026263213
1121353	soon	-0.026472911
1121353	status	-0.026658652
1121353	1980	-0.026982296
1121353	clarifi	-0.027044136
1121353	decid	-0.027230926
1121353	jurisdict	-0.027380103
1121353	minnesota	-0.027385183
1121353	prior	-0.02740479
1121353	offens	-0.027521303
1121353	civil	-0.027559869
1121353	life	-0.027639858
1121353	hostil	-0.027674278
1121353	outpac	-0.027716326
1121353	gener	-0.027819252
1121353	contract	-0.027857112
1121353	daylight	-0.027894478
1121353	stereotyp	-0.028166411
1121353	polit	-0.028174162
1121353	request	-0.028212287
1121353	list	-0.028354386
1121353	cultur	-0.028441979
1121353	subject	-0.028498275
1121353	take	-0.028597288
1121353	follow	-0.028709447
1121353	crime	-0.028837578
1121353	remark	-0.028969575
1121353	wors	-0.029232541
1121353	ok	-0.029423883
1121353	freeadvic	-0.029516786
1121353	incom	-0.029521905
1121353	mistreat	-0.03002402
1121353	permit	-0.030088276
1121353	societi	-0.030104816
1121353	inconsist	-0.030230213
1121353	decis	-0.030358685
1121353	new	-0.030650424
1121353	eeoc	-0.030803485
1121353	disabl	-0.030821467
1121353	popul	-0.03083716
1121353	bulli	-0.031231854
1121353	older	-0.031313226
1121353	bring	-0.032073926
1121353	women	-0.032093894
1121353	depart	-0.032173026
1121353	racial	-0.032190483
1121353	speak	-0.032242637
1121353	40	-0.032394122
1121353	investig	-0.033003554
1121353	mean	-0.033049453
1121353	like	-0.033055246
1121353	river	-0.03323377
1121353	genet	-0.03347856
1121353	chipotl	-0.033655334
1121353	oversight	-0.033658758
1121353	victim	-0.033753525
1121353	origin	-0.03382435
1121353	statu	-0.03405828
1121353	american	-0.034076195
1121353	social	-0.034668878
1121353	place	-0.03473704
1121353	demograph	-0.03487703
1121353	number	-0.034966007
1121353	care	-0.035946947
1121353	health	-0.0360101
1121353	action	-0.036264643
1121353	process	-0.036392905
1121353	state	-0.036617447
1121353	fulli	-0.03683173
1121353	afraid	-0.037154738
1121353	michigan	-0.037243363
1121353	wikiansw	-0.03725607
1121353	basi	-0.037342716
1121353	biologi	-0.03744206
1121353	track	-0.037586145
1121353	belief	-0.037715513
1121353	student	-0.037751194
1121353	club	-0.038361423
1121353	ethnic	-0.038404565
1121353	dog	-0.038652383
1121353	author	-0.03869207
1121353	wrong	-0.03877773
1121353	made	-0.039221566
1121353	applic	-0.039308634
1121353	includ	-0.039343275
1121353	pregnanc	-0.039550584
1121353	job	-0.039877813
1121353	face	-0.039895494
1121353	tech	-0.040092483
1121353	similar	-0.040180784
1121353	factor	-0.04109186
1121353	color	-0.04112577
1121353	violat	-0.041522443
1121353	law	-0.04194376
1121353	verb	-0.042712305
1121353	step	-0.04309335
1121353	commun	-0.04342416
1121353	english	-0.043440238
1121353	lawsuit	-0.04349707
1121353	cooper	-0.043683298
1121353	qualiti	-0.04460142
1121353	nation	-0.044749495
1121353	1	-0.04493196
1121353	enact	-0.045706663
1121353	contact	-0.046002436
1121353	tax	-0.046855118
1121353	can	-0.047361594
1121353	su	-0.048146863
1121353	hispan	-0.048306175
1121353	smell	-0.048815403
1121353	equal	-0.049254023
1121353	intent	-0.049401302
1121353	zealand	-0.049432315
1121353	languag	-0.049847063
1121353	inclus	-0.050314058
1121353	power	-0.050572798
1121353	return	-0.051134687
1121353	discrimin	-0.051249318
1121353	happen	-0.051590614
1121353	polici	-0.051610537
1121353	circumst	-0.05186392
1121353	amend	-0.051941544
1121353	worker	-0.053287104
1121353	religi	-0.05335428
1121353	recognis	-0.054300614
1121353	recogn	-0.054316137
1121353	limit	-0.05462188
1121353	2	-0.057997573
1121353	believ	-0.05803482
1121353	employe	-0.058965288
1121353	1967	-0.059404943
1121353	class	-0.05957148
1121353	termin	-0.059996963
1121353	base	-0.060280778
1121353	headquart	-0.06032421
1121353	colour	-0.06160528
1121353	prejudic	-0.061893232
1121353	deni	-0.0634579
1121353	fair	-0.06401318
1121353	learner	-0.06483402
1121353	govern	-0.06842356
1121353	california	-0.068582796
1121353	act	-0.07381034
1121353	favour	-0.07390326
1121353	definit	-0.07569988
1121353	citi	-0.076169945
1121353	unequ	-0.08483276
1121353	abil	-0.08986431
1121353	feder	-0.09098631
