330975	000	0.21465334
330975	maintain	0.14876145
330975	200	0.14874493
330975	invest	0.1325351
330975	bergei	0.12118236
330975	moreind	0.11668103
330975	800	0.11160455
330975	8000	0.11081365
330975	machin	0.110496245
330975	100	0.10193684
330975	skystream	0.10112289
330975	expensi	0.09970655
330975	afford	0.09865471
330975	646	0.09720881
330975	kilowatt	0.09658658
330975	48	0.09351336
330975	400	0.09233499
330975	typic	0.08715329
330975	portabl	0.07840376
330975	industri	0.07778619
330975	spoil	0.07609914
330975	larger	0.073502965
330975	suppli	0.07278714
330975	appli	0.07253063
330975	turbin	0.071636006
330975	rebat	0.070895866
330975	10	0.06981927
330975	mean	0.066924304
330975	perman	0.06660481
330975	om	0.06650846
330975	900	0.06634494
330975	65	0.06445632
330975	upward	0.062235687
330975	8	0.06178141
330975	resid	0.060930226
330975	govern	0.060766183
330975	3000	0.059770983
330975	280	0.057960216
330975	40	0.056614604
330975	headach	0.056229446
330975	expens	0.055640295
330975	gridtek	0.054497164
330975	encourag	0.05405436
330975	powerwal	0.05393826
330975	bit	0.05241254
330975	larg	0.0523604
330975	save	0.05224495
330975	instal	0.051820558
330975	size	0.05136915
330975	80	0.05089384
330975	3	0.048663218
330975	check	0.047218833
330975	20	0.046061333
330975	onsid	0.045196734
330975	math	0.044981442
330975	research	0.044495333
330975	2kw	0.043792408
330975	medium	0.04377601
330975	awai	0.043582916
330975	expect	0.043225784
330975	tell	0.042973995
330975	trust	0.042860247
330975	gui	0.042336795
330975	recommend	0.041099623
330975	feder	0.04099514
330975	refriger	0.040634103
330975	ship	0.040280845
330975	estim	0.039824415
330975	570	0.03976998
330975	full	0.039019514
330975	26	0.038724434
330975	mount	0.038693912
330975	1000	0.037186112
330975	9	0.037091058
330975	12	0.037028424
330975	stage	0.03698959
330975	product	0.036606584
330975	7	0.036529806
330975	com	0.03624214
330975	origin	0.035663344
330975	program	0.034970302
330975	kit	0.03495965
330975	food	0.03457364
330975	construct	0.034346104
330975	import	0.034268472
330975	lcoe	0.033184674
330975	backup	0.033158112
330975	utilis	0.032997835
330975	350	0.032434657
330975	replac	0.03220284
330975	teach	0.031802505
330975	econom	0.03128073
330975	windpow	0.030025704
330975	farm	0.029914625
330975	fee	0.02973881
330975	todai	0.028293645
330975	home	0.027929861
330975	50	0.02774901
330975	optimum	0.02760217
330975	erect	0.02618642
330975	rate	0.026086308
330975	mall	0.025942013
330975	purchas	0.025519814
330975	cost	0.025513032
330975	bui	0.025451515
330975	set	0.025255973
330975	here	0.024783177
330975	econ	0.024295108
330975	sourc	0.02406487
330975	costsevel	0.023931358
330975	determin	0.023822654
330975	luxuri	0.02313289
330975	dg	0.022849463
330975	ve	0.022804527
330975	maller	0.022527505
330975	600	0.02234038
330975	energi	0.022021221
330975	invert	0.021998525
330975	2	0.021838872
330975	otal	0.020819305
330975	busi	0.019490412
330975	potenti	0.01924782
330975	panel	0.017775828
330975	149ll	0.017249973
330975	1kw	0.017188681
330975	far	0.017141975
330975	credit	0.017060535
330975	impact	0.017030906
330975	ad	0.016358191
330975	includ	0.015485273
330975	agreement	0.015038261
330975	area	0.01471905
330975	grid	0.014695014
330975	significantli	0.014550368
330975	en	0.014534681
330975	giberson	0.01453158
330975	lazard	0.014072438
330975	75	0.013725005
330975	org	0.01363606
330975	ou	0.013617972
330975	long	0.013588329
330975	list	0.013285424
330975	tour	0.013227395
330975	execut	0.01243563
330975	us	0.012370936
330975	averag	0.01236699
330975	suburban	0.012148038
330975	renew	0.0118649
330975	contract	0.011562103
330975	www	0.011550543
330975	35	0.011333612
330975	http	0.011210579
330975	well	0.0110844625
330975	found	0.010912384
330975	command	0.010509636
330975	million	0.01048071
330975	simpl	0.010418825
330975	alot	0.01007988
330975	tax	0.0099171195
330975	higher	0.009887325
330975	find	0.009847422
330975	low	0.00977434
330975	urban	0.009760991
330975	118	0.009699121
330975	109	0.009627424
330975	88	0.009609693
330975	discount	0.00958798
330975	wildli	0.009566997
330975	compon	0.00929575
330975	acr	0.00908101
330975	model	0.00907907
330975	115	0.009057793
330975	263k	0.008770269
330975	supercrit	0.008753608
330975	last	0.008547223
330975	tune	0.008526518
330975	will	0.0085206
330975	wire	0.008488397
330975	04	0.008128234
330975	regular	0.007974286
330975	roof	0.007918015
330975	examin	0.007788181
330975	pipe	0.007743307
330975	commerc	0.0076248106
330975	pulver	0.007607113
330975	81	0.0073851217
330975	financ	0.007337992
330975	levelis	0.007304209
330975	adder	0.007269713
330975	tech	0.0071615074
330975	notsofast	0.007089573
330975	devic	0.0070879073
330975	properli	0.0070071183
330975	closer	0.0069470704
330975	exampl	0.0069072577
330975	21	0.0068990705
330975	pad	0.006840167
330975	properti	0.0066889105
330975	michael	0.006570941
330975	37	0.0063646473
330975	thank	0.006308079
330975	perat	0.0062772483
330975	225	0.006223574
330975	come	0.0061675697
330975	oem	0.0060449885
330975	9598	0.0059960303
330975	perform	0.0059572402
330975	1200	0.00576014
330975	axl	0.0057396344
330975	cc	0.0057191616
330975	return	0.0056117824
330975	texa	0.005602816
330975	signific	0.005588756
330975	598	0.0054921787
330975	suggest	0.0054574274
330975	state	0.0053976714
330975	025	0.005361117
330975	claim	0.005256207
330975	accord	0.00521982
330975	630	0.0050991224
330975	uncommon	0.005004924
330975	fuel	0.0048857345
330975	weldern	0.0048448523
330975	intermedi	0.004670414
330975	load	0.0046225004
330975	comparison	0.004603929
330975	requir	0.004527839
330975	bulk	0.004519379
330975	center	0.0045192037
330975	installedind	0.004518809
330975	vauxhal	0.0045066387
330975	astra	0.0045066387
330975	transmiss	0.0044276547
330975	sold	0.0044192504
330975	premium	0.0042875293
330975	31	0.004125147
330975	902	0.0040789815
330975	16v	0.004077777
330975	2006	0.0040750634
330975	1990	0.004005574
330975	confid	0.0040028854
330975	think	0.003924323
330975	kwh	0.003886932
330975	907	0.0038855856
330975	back	0.0038651072
330975	labor	0.0038394553
330975	5332	0.00380462
330975	332	0.0037440027
330975	1982	0.003728761
330975	whop	0.0037188758
330975	575	0.0037143936
330975	plu	0.0037001974
330975	01	0.0036386885
330975	19	0.0034714069
330975	publish	0.0034309856
330975	similar	0.003413585
330975	vote	0.003409019
330975	2010	0.0033881043
330975	hp	0.003361781
330975	late	0.0032776762
330975	worth	0.0031704102
330975	ariou	0.0031178503
330975	ppa	0.0029724676
330975	unreli	0.002951242
330975	need	0.0029422718
330975	50k	0.0028998838
330975	32	0.0028868648
330975	subsidi	0.0028845328
330975	impress	0.0028406663
330975	belt	0.0027714774
330975	inher	0.00261288
330975	small	0.0026048927
330975	pariti	0.0025998764
330975	gonna	0.0025384931
330975	ook	0.0025319706
330975	mandat	0.0025087695
330975	2011	0.00247211
330975	carri	0.0023783825
330975	1902	0.0023399577
330975	articl	0.0022884596
330975	select	0.0022028692
330975	instrument	0.0021299217
330975	2001	0.0019831501
330975	countri	0.0019646988
330975	regul	0.0019421569
330975	commod	0.0018182807
330975	proof	0.0017999365
330975	lend	0.0017676365
330975	incur	0.0017146512
330975	impos	0.0016681531
330975	speed	0.001649822
330975	art	0.0016155252
330975	modifi	0.0016095156
330975	lender	0.0015919907
330975	extern	0.0015860162
330975	person	0.0015340613
330975	promot	0.0015247944
330975	yield	0.0015238586
330975	question	0.0014896011
330975	owner	0.0014555698
330975	altern	0.0013763446
330975	storag	0.0013696698
330975	cash	0.0013488388
330975	sentenc	0.0013403471
330975	big	0.0013299853
330975	idea	0.0013117099
330975	quot	0.001307564
330975	fund	0.0012751386
330975	futur	0.0012692551
330975	took	0.0012682672
330975	roughli	0.0011785066
330975	insur	0.0011412015
330975	plai	0.0011144541
330975	case	0.0010987241
330975	form	0.00077672134
330975	feasibl	0.0007354248
330975	call	0.0007326917
330975	plant	0.00047699612
330975	civil	0.00046580555
330975	plan	0.00035171045
330975	figur	0.00029623962
330975	ridg	1.951498e-05
330975	regularli	1.8088895e-05
330975	action	1.3689802e-05
330975	coal	-2.9573343e-05
330975	who	-5.261152e-05
330975	abl	-8.050524e-05
330975	weather	-8.279425e-05
330975	cold	-8.642197e-05
330975	22	-8.823632e-05
330975	situat	-9.03909e-05
330975	18	-9.944399e-05
330975	exact	-0.00013337644
330975	analysi	-0.00023394126
330975	1997	-0.00027725994
330975	4	-0.00031158075
330975	eport	-0.0003266351
330975	conserv	-0.00033646083
330975	littl	-0.00035328316
330975	69	-0.00035376163
330975	distribut	-0.0003556264
330975	bloomberg	-0.00036690955
330975	2014	-0.00036868034
330975	tate	-0.00038278097
330975	igur	-0.0004058463
330975	nite	-0.00041913902
330975	2008	-0.00043373014
330975	webpag	-0.00043992963
330975	wiser	-0.0004439823
330975	push	-0.00045667833
330975	peak	-0.00046606487
330975	nef	-0.00048848084
330975	ll	-0.0005515737
330975	2011b	-0.00056535425
330975	21f	-0.0005758866
330975	fallen	-0.00059142144
330975	boling	-0.0006177946
330975	effici	-0.0006392703
330975	establish	-0.00064089056
330975	pop	-0.0006414123
330975	caus	-0.00067540264
330975	710	-0.00068193563
330975	hi	-0.0006968087
330975	remain	-0.0007398133
330975	meter	-0.00075456745
330975	galaxi	-0.00075556955
330975	hd	-0.000783783
330975	defend	-0.0008094599
330975	verizon	-0.000825945
330975	point	-0.0008848919
330975	s4	-0.0009832885
330975	access	-0.0009975962
330975	doesn	-0.0010669307
330975	2015	-0.0011288173
330975	touch	-0.001218805
330975	protector	-0.0012220802
330975	pattern	-0.00122243
330975	phone	-0.0014696944
330975	otterbox	-0.001516404
330975	fell	-0.001527906
330975	unlock	-0.0015838924
330975	neighborhood	-0.0016426521
330975	monei	-0.0016504755
330975	singl	-0.0018173925
330975	dai	-0.0018947609
330975	crack	-0.0020299049
330975	consid	-0.0021155158
330975	try	-0.0022219815
330975	seattl	-0.0022653926
330975	interest	-0.0026079994
330975	option	-0.0026142537
330975	lg	-0.0026231357
330975	level	-0.0026992057
330975	video	-0.0027384607
330975	wind	-0.002740036
330975	lead	-0.0027548787
330975	screen	-0.0027795085
330975	band	-0.0027878922
330975	give	-0.002929936
330975	oil	-0.0029569974
330975	g2	-0.0029869007
330975	displai	-0.0030111077
330975	talk	-0.0030251567
330975	cool	-0.003056109
330975	order	-0.003093404
330975	sens	-0.003101033
330975	result	-0.0031084507
330975	r3000	-0.0031258184
330975	emerg	-0.0031317545
330975	coupl	-0.003188515
330975	shed	-0.003189515
330975	due	-0.0032936027
330975	r2700	-0.0033260018
330975	world	-0.003359481
330975	affect	-0.0033724653
330975	10mw	-0.0034094758
330975	steel	-0.0034408316
330975	faster	-0.0034468079
330975	manual	-0.0034720926
330975	seen	-0.0035564532
330975	repair	-0.0035987862
330975	wonder	-0.0036518998
330975	rough	-0.0037086022
330975	loud	-0.0037397693
330975	laugh	-0.00377959
330975	aluminum	-0.0038039056
330975	seatitan	-0.0038273106
330975	resourc	-0.0038328257
330975	move	-0.003842755
330975	avoid	-0.0038528228
330975	initi	-0.0038534587
330975	ost	-0.0038733326
330975	filter	-0.003883916
330975	highli	-0.00389821
330975	foundat	-0.0039313384
330975	trigger	-0.00394412
330975	combin	-0.0039568995
330975	cabinet	-0.004028758
330975	know	-0.0040453095
330975	surround	-0.0040517733
330975	difficult	-0.0040721623
330975	unshad	-0.0040786783
330975	driver	-0.004093053
330975	benefit	-0.004106133
330975	help	-0.004115271
330975	send	-0.0041226475
330975	english	-0.00416798
330975	reduct	-0.0042578327
330975	expos	-0.004303814
330975	budget	-0.004323312
330975	allow	-0.0043280446
330975	on	-0.0043577077
330975	easi	-0.0043704463
330975	accur	-0.004376732
330975	rel	-0.0043770988
330975	definit	-0.00437768
330975	supplier	-0.0044325497
330975	tall	-0.0044937464
330975	a5	-0.0045280014
330975	driven	-0.0045310147
330975	densiti	-0.004565155
330975	centuri	-0.004578979
330975	window	-0.004587576
330975	pai	-0.004607997
330975	style	-0.00460973
330975	readili	-0.0046349997
330975	entir	-0.004672691
330975	learn	-0.0047082934
330975	shaft	-0.0047289114
330975	declin	-0.004736387
330975	financi	-0.0047494383
330975	im	-0.0047683204
330975	excel	-0.0047983844
330975	pole	-0.0048151286
330975	equip	-0.0048430213
330975	top	-0.0050042165
330975	mechan	-0.005086011
330975	issu	-0.005087684
330975	har	-0.005091598
330975	neighbor	-0.005158664
330975	german	-0.005160889
330975	variat	-0.005164384
330975	rubber	-0.0051970957
330975	draw	-0.0052520763
330975	free	-0.005310241
330975	discret	-0.0053358716
330975	sai	-0.005354787
330975	transact	-0.005398502
330975	silent	-0.005408357
330975	final	-0.005414767
330975	faq	-0.005431636
330975	17	-0.0054429085
330975	0	-0.0054634474
330975	chang	-0.005476864
330975	clockwis	-0.005480994
330975	poor	-0.005590469
330975	preced	-0.005792299
330975	gener	-0.0058541726
330975	6kw	-0.005885166
330975	bought	-0.0059193983
330975	end	-0.0059496816
330975	1500	-0.0059553045
330975	captur	-0.006036541
330975	second	-0.0060645933
330975	height	-0.0061506433
330975	influenc	-0.0061530396
330975	zone	-0.006220892
330975	curiou	-0.006245018
330975	defin	-0.0062850956
330975	past	-0.006314453
330975	essenti	-0.0064823143
330975	spin	-0.0064872815
330975	american	-0.00656308
330975	school	-0.0066632205
330975	avail	-0.0066739926
330975	space	-0.006735218
330975	condit	-0.0067474362
330975	11	-0.006816197
330975	exist	-0.006845816
330975	70	-0.0068921363
330975	bobvila	-0.006927422
330975	discuss	-0.0069314535
330975	commonli	-0.0070860577
330975	creat	-0.007124022
330975	time	-0.007177845
330975	extra	-0.007297568
330975	minimum	-0.007343746
330975	bbc	-0.0073598716
330975	drive	-0.007423967
330975	heat	-0.0075192126
330975	121	-0.007541633
330975	steam	-0.0075429096
330975	rise	-0.0076171393
330975	ip	-0.0076589365
330975	ground	-0.007674072
330975	5m	-0.0077018747
330975	begin	-0.007820738
330975	nacel	-0.0078657465
330975	competit	-0.007952011
330975	town	-0.007978828
330975	life	-0.007993332
330975	slightli	-0.008002336
330975	24	-0.008023357
330975	continu	-0.008023811
330975	employ	-0.008031531
330975	hear	-0.008106191
330975	forc	-0.008129009
330975	report	-0.008166104
330975	local	-0.008192108
330975	405	-0.008262257
330975	undergo	-0.008274041
330975	season	-0.00828116
330975	work	-0.008282511
330975	road	-0.0084080845
330975	privat	-0.008459708
330975	combust	-0.008554213
330975	strong	-0.00883981
330975	suitabl	-0.008905682
330975	electrician	-0.0089157205
330975	3c	-0.008932356
330975	477	-0.009019746
330975	vent	-0.009062848
330975	express	-0.009092376
330975	half	-0.009094173
330975	maker	-0.00910142
330975	year	-0.009160174
330975	mislead	-0.009205176
330975	fossil	-0.009258771
330975	formula	-0.009273024
330975	standardis	-0.009273099
330975	2009	-0.009295741
330975	gearbox	-0.009297234
330975	substanti	-0.009396177
330975	compani	-0.009419306
330975	stabl	-0.009438477
330975	compressor	-0.009447864
330975	lump	-0.00945979
330975	chart	-0.009479185
330975	environ	-0.009480083
330975	interconnect	-0.009507406
330975	involv	-0.009541219
330975	vertic	-0.009641497
330975	base	-0.009770277
330975	33	-0.009891996
330975	parallel	-0.010068263
330975	28	-0.010131096
330975	cogener	-0.010148231
330975	longer	-0.010198371
330975	tool	-0.010200257
330975	constitut	-0.010244731
330975	morn	-0.010283043
330975	reason	-0.010334776
330975	newer	-0.010368101
330975	fix	-0.010478392
330975	fit	-0.010481128
330975	wear	-0.010550833
330975	overview	-0.010554226
330975	suit	-0.010580834
330975	chines	-0.010633141
330975	250	-0.010645845
330975	core	-0.010649318
330975	great	-0.010700065
330975	purpos	-0.010727836
330975	understand	-0.010792629
330975	process	-0.010795766
330975	prefer	-0.010809865
330975	pv	-0.010814389
330975	951	-0.010860346
330975	or	-0.010921753
330975	respons	-0.010945894
330975	juic	-0.0109748505
330975	grow	-0.010978387
330975	dollar	-0.011042457
330975	garag	-0.011123358
330975	minnesota	-0.011198238
330975	applic	-0.011200424
330975	instruct	-0.011209381
330975	permit	-0.011319442
330975	20k	-0.011330283
330975	mainten	-0.011355498
330975	landscap	-0.011355541
330975	pressur	-0.0113862315
330975	especi	-0.011445181
330975	tap	-0.011488091
330975	2002	-0.011643229
330975	worthwhil	-0.011678897
330975	geograph	-0.011794951
330975	extend	-0.011795078
330975	4500	-0.011827794
330975	joul	-0.011906304
330975	actual	-0.011911066
330975	shut	-0.01192324
330975	factorsind	-0.011983587
330975	potlight	-0.012035266
330975	comfort	-0.012039307
330975	tear	-0.01213135
330975	manufactur	-0.012182759
330975	reliabl	-0.012190911
330975	built	-0.012284849
330975	store	-0.012385378
330975	april	-0.012412577
330975	subject	-0.0124426335
330975	aspect	-0.012499902
330975	wai	-0.012502484
330975	make	-0.012579941
330975	measur	-0.01258971
330975	capac	-0.012686937
330975	address	-0.012707476
330975	evolut	-0.0127295945
330975	6500	-0.012744815
330975	recent	-0.012790868
330975	non	-0.012792196
330975	techniqu	-0.012830367
330975	still	-0.012858539
330975	basic	-0.012929443
330975	first	-0.012957529
330975	2013	-0.013065782
330975	global	-0.013089895
330975	distanc	-0.0131631335
330975	onli	-0.013174384
330975	down	-0.013192603
330975	take	-0.013209792
330975	vehicl	-0.013216621
330975	1s	-0.013361084
330975	imagin	-0.013491655
330975	villag	-0.013504083
330975	portfolio	-0.013507525
330975	sustain	-0.013522998
330975	belong	-0.013531457
330975	isn	-0.0135979215
330975	site	-0.0137518095
330975	hundr	-0.013793061
330975	univers	-0.013873781
330975	enorm	-0.013891096
330975	start	-0.013940126
330975	piec	-0.014049803
330975	agricultur	-0.014161279
330975	foot	-0.014202678
330975	ge	-0.014271471
330975	rushcliff	-0.014298265
330975	farmer	-0.014428951
330975	servic	-0.014487585
330975	convert	-0.0145886475
330975	studi	-0.014879464
330975	understood	-0.014917971
330975	bwc	-0.015010146
330975	room	-0.015077166
330975	1930	-0.015102061
330975	1940	-0.015105699
330975	nuclear	-0.015189542
330975	improv	-0.015214135
330975	2012	-0.01532187
330975	flow	-0.015429112
330975	associ	-0.015533047
330975	context	-0.015539515
330975	percent	-0.015569502
330975	see	-0.015610745
330975	now	-0.01564755
330975	pump	-0.015668636
330975	rooftop	-0.015720151
330975	blow	-0.015737776
330975	15	-0.015748268
330975	common	-0.015749056
330975	milliwatt	-0.015817715
330975	rapid	-0.01585958
330975	plain	-0.01587632
330975	farmhous	-0.015883673
330975	individu	-0.015913537
330975	fast	-0.016095445
330975	assum	-0.016147897
330975	design	-0.016165022
330975	attic	-0.016269939
330975	horizont	-0.01628871
330975	cycl	-0.016407086
330975	1650	-0.016436033
330975	empir	-0.016519785
330975	watt	-0.016520197
330975	account	-0.016525384
330975	easili	-0.016777549
330975	weight	-0.016853608
330975	13	-0.016871547
330975	1000w	-0.016923722
330975	share	-0.016925054
330975	09	-0.01700184
330975	group	-0.017126273
330975	sensor	-0.017204197
330975	deliv	-0.017223984
330975	nationwid	-0.017232448
330975	specif	-0.017246788
330975	kei	-0.017256126
330975	warranti	-0.017272765
330975	annual	-0.0172829
330975	60	-0.017300745
330975	predecessor	-0.017358933
330975	earli	-0.017364746
330975	period	-0.01739322
330975	desir	-0.017551413
330975	recreat	-0.017580723
330975	36	-0.017613675
330975	differ	-0.017721297
330975	iowa	-0.017748242
330975	fridg	-0.017798213
330975	increasingli	-0.017799957
330975	put	-0.017825583
330975	proper	-0.017845739
330975	limit	-0.017913401
330975	tower	-0.017915064
330975	axi	-0.017944772
330975	recess	-0.017959172
330975	number	-0.01802825
330975	multipl	-0.018191816
330975	keep	-0.01831466
330975	capabl	-0.018340988
330975	reach	-0.01837204
330975	offer	-0.018704647
330975	shown	-0.018761823
330975	rest	-0.018786836
330975	apart	-0.018850941
330975	heater	-0.018997325
330975	map	-0.019067964
330975	given	-0.019140348
330975	eat	-0.019161593
330975	1000j	-0.01920432
330975	44	-0.019226398
330975	troubl	-0.019265803
330975	builder	-0.019339304
330975	function	-0.019384976
330975	compress	-0.019495357
330975	feet	-0.019518437
330975	590	-0.019550804
330975	head	-0.019558668
330975	spread	-0.019560406
330975	hawt	-0.019599896
330975	64	-0.01965665
330975	rotat	-0.019692238
330975	micro	-0.019753423
330975	27	-0.019779319
330975	technolog	-0.019782273
330975	rancher	-0.019786578
330975	cedar	-0.01981357
330975	market	-0.019826336
330975	manner	-0.019847667
330975	brand	-0.020108592
330975	follow	-0.020109216
330975	physic	-0.020288035
330975	live	-0.020340115
330975	ye	-0.020462891
330975	look	-0.020528214
330975	gtm	-0.020563902
330975	effect	-0.020602472
330975	engin	-0.020712338
330975	incid	-0.020727396
330975	secur	-0.020843675
330975	calcul	-0.02085479
330975	commerci	-0.020915855
330975	domest	-0.020959288
330975	arrai	-0.020977534
330975	natur	-0.021051474
330975	light	-0.021055285
330975	pass	-0.021065975
330975	method	-0.021148827
330975	percentag	-0.021160932
330975	fulli	-0.021274919
330975	wide	-0.021342997
330975	84	-0.0215023
330975	negoti	-0.021512216
330975	blade	-0.021609148
330975	shore	-0.02162146
330975	addit	-0.021678945
330975	decad	-0.021749431
330975	test	-0.021894036
330975	onshor	-0.021980034
330975	drop	-0.022060754
330975	120	-0.022072876
330975	grade	-0.022106413
330975	california	-0.022318525
330975	introduct	-0.02233223
330975	part	-0.022356147
330975	829	-0.022517389
330975	problem	-0.022568742
330975	place	-0.022716686
330975	automat	-0.022827763
330975	14	-0.022835696
330975	conclud	-0.022900641
330975	approxim	-0.022968771
330975	smaller	-0.022989161
330975	mega	-0.02307158
330975	complex	-0.023089439
330975	intern	-0.023214387
330975	major	-0.023334393
330975	transport	-0.02341308
330975	choic	-0.023462558
330975	clean	-0.023480179
330975	develop	-0.023571176
330975	month	-0.023613555
330975	span	-0.023659244
330975	16	-0.023694746
330975	nois	-0.023751859
330975	increas	-0.023865908
330975	summar	-0.023888253
330975	refer	-0.02421368
330975	66	-0.024261016
330975	be	-0.02427398
330975	6000	-0.02435443
330975	connect	-0.02444867
330975	ga	-0.024491873
330975	scale	-0.024528267
330975	demand	-0.02467589
330975	next	-0.024696862
330975	post	-0.024707794
330975	intermitt	-0.024770565
330975	varieti	-0.024796557
330975	consider	-0.02484356
330975	1980	-0.024991559
330975	amount	-0.025050536
330975	line	-0.0252357
330975	cooper	-0.025237912
330975	homewys	-0.025369076
330975	economi	-0.025440725
330975	answer	-0.025488252
330975	25	-0.025499504
330975	072	-0.025567198
330975	23	-0.025581384
330975	across	-0.025630346
330975	circuit	-0.025689924
330975	maximum	-0.02576693
330975	greater	-0.025830867
330975	incom	-0.025905056
330975	mai	-0.0260844
330975	york	-0.02609603
330975	mile	-0.026132181
330975	profession	-0.026142575
330975	unit	-0.026194345
330975	residenti	-0.026335794
330975	balanc	-0.02636195
330975	bill	-0.02638683
330975	sailboat	-0.026564091
330975	annum	-0.02668763
330975	mid	-0.02669133
330975	close	-0.026887497
330975	es	-0.026953628
330975	moment	-0.026978709
330975	want	-0.027209545
330975	household	-0.027287684
330975	turn	-0.027409459
330975	54	-0.027523275
330975	storei	-0.02754462
330975	tooth	-0.027545463
330975	tripl	-0.027563894
330975	charg	-0.027587298
330975	dramat	-0.027697595
330975	quieter	-0.027791442
330975	rang	-0.027906999
330975	45	-0.028134368
330975	metal	-0.028303122
330975	000and	-0.028338384
330975	just	-0.028600162
330975	achiev	-0.028923787
330975	wning	-0.028937483
330975	net	-0.02905402
330975	famili	-0.029403161
330975	usd	-0.029424315
330975	digest	-0.029637614
330975	new	-0.029650925
330975	vari	-0.02968362
330975	third	-0.029872676
330975	130	-0.029906431
330975	best	-0.030007033
330975	consistantli	-0.030444477
330975	don	-0.030761492
330975	pure	-0.030875903
330975	2800	-0.031238962
330975	largest	-0.031460043
330975	consumpt	-0.031771515
330975	decid	-0.031873394
330975	air	-0.031998042
330975	ecaus	-0.032209493
330975	materi	-0.03247871
330975	4800	-0.032491717
330975	condominium	-0.032749962
330975	5000	-0.032851152
330975	apprais	-0.032860626
330975	reduc	-0.033024006
330975	show	-0.03337414
330975	older	-0.03347081
330975	offset	-0.033738915
330975	mart	-0.033749506
330975	batteri	-0.033894975
330975	lower	-0.033903204
330975	statement	-0.03408603
330975	region	-0.034158885
330975	hous	-0.034375172
330975	like	-0.03441411
330975	500	-0.034587774
330975	homeown	-0.034688704
330975	2020	-0.034746032
330975	megawatt	-0.03478855
330975	4000	-0.035002593
330975	car	-0.035432767
330975	equal	-0.035904672
330975	mold	-0.036029425
330975	mw	-0.03622485
330975	compar	-0.03661376
330975	greatli	-0.03661592
330975	consist	-0.03684075
330975	produc	-0.036998715
330975	target	-0.0370228
330975	quadrupl	-0.037392776
330975	insid	-0.0378571
330975	environment	-0.03786584
330975	cent	-0.038160708
330975	type	-0.0382625
330975	oftentim	-0.03890258
330975	l00	-0.038905457
330975	fenc	-0.03891878
330975	output	-0.039170846
330975	90	-0.04000816
330975	land	-0.040046826
330975	fall	-0.040055703
330975	1	-0.04011053
330975	incent	-0.040484715
330975	condo	-0.041484628
330975	payback	-0.04152576
330975	receiv	-0.04192794
330975	kohler	-0.04213005
330975	anaerob	-0.04228162
330975	30	-0.042346276
330975	locat	-0.042399578
330975	rule	-0.04301112
330975	tabl	-0.04303354
330975	job	-0.043930244
330975	kw	-0.044135183
330975	sell	-0.04433875
330975	oper	-0.044468563
330975	gw	-0.0445754
330975	150	-0.04536632
330975	build	-0.04543766
330975	project	-0.04615375
330975	315	-0.0473343
330975	high	-0.047554605
330975	radon	-0.047936823
330975	util	-0.047988646
330975	300	-0.048230343
330975	lowest	-0.048489843
330975	metr	-0.048499096
330975	guelph	-0.04879811
330975	diamet	-0.048988856
330975	namepl	-0.04931692
330975	hot	-0.05007915
330975	altamont	-0.050531942
330975	solar	-0.05097318
330975	unusu	-0.051730473
330975	2007	-0.052175928
330975	sq	-0.05234688
330975	optimist	-0.05251351
330975	ft	-0.052566353
330975	rotor	-0.0532593
330975	electr	-0.05378743
330975	least	-0.054265592
330975	can	-0.05437646
330975	provic	-0.054654196
330975	water	-0.055542074
330975	cb	-0.05566744
330975	profit	-0.057071146
330975	inspect	-0.058721904
330975	modern	-0.058967296
330975	thumb	-0.059051078
330975	radio	-0.060161315
330975	offshor	-0.06252077
330975	power	-0.06321764
330975	standbi	-0.06377091
330975	qualiti	-0.06404415
330975	depend	-0.064325325
330975	factor	-0.06451929
330975	price	-0.067451894
330975	5	-0.06845549
330975	capit	-0.07324476
330975	total	-0.07778097
330975	run	-0.088171236
330975	whole	-0.08831189
330975	6	-0.09766541
330975	mph	-0.1002702
330975	ind	-0.11443517
330975	alon	-0.11705619
330975	hour	-0.11805968
330975	system	-0.12618662
330975	232	-0.12895624
330975	meet	-0.13034467
330975	longev	-0.14154437
330975	napkin	-0.1447908
