2034205	liquid	0.28409866395405003
2034205	go	0.27752306995074905
2034205	target	0.21989032186003674
2034205	dai	0.2065334456628737
2034205	supplement	0.18478516539485612
2034205	dosag	0.17718821873187507
2034205	least	0.17663049137462303
2034205	administ	0.1720070305450159
2034205	amerm	0.1709825254565488
2034205	wait	0.16706068818591013
2034205	fourth	0.15522495926215682
2034205	gelatin	0.15487027743837023
2034205	3	0.15029344850523615
2034205	requir	0.1489903369330092
2034205	mild	0.14197033951436916
2034205	detoxif	0.13910395826463828
2034205	ingredi	0.13716959351246735
2034205	gener	0.135753573648809
2034205	pack	0.1356558165536843
2034205	cetirizin	0.13222748781140858
2034205	increas	0.11661691313996439
2034205	adult	0.11509571663983713
2034205	mg	0.11500447015220566
2034205	extract	0.11053342335778668
2034205	reduct	0.109553725170276
2034205	dose	0.10912771289240727
2034205	averag	0.10904001027233685
2034205	time	0.1055616776782818
2034205	pygeum	0.10538989569552094
2034205	bed	0.10533530847411596
2034205	16	0.10511217952363537
2034205	slowli	0.09742283969683915
2034205	larger	0.0962304564051192
2034205	spec	0.0951841383053907
2034205	8	0.09468542959164515
2034205	hour	0.09214877063933019
2034205	typic	0.09206500213453618
2034205	400	0.090238042494471
2034205	80	0.08979713378143896
2034205	powder	0.08916454771077681
2034205	silica	0.08817361115460887
2034205	taken	0.08208603478536479
2034205	millilit	0.08200251100726233
2034205	need	0.08128279905868606
2034205	twice	0.08115872787066176
2034205	mainten	0.07951151765355328
2034205	decoct	0.07775272962582958
2034205	sever	0.07354503117743155
2034205	trial	0.07346965189476466
2034205	capsul	0.07041772690069013
2034205	64	0.06443755059413238
2034205	manufactur	0.06377364927927227
2034205	850	0.05924464453876581
2034205	mai	0.05836859427963381
2034205	start	0.058315517002116554
2034205	doctor	0.05766110729060022
2034205	quantiti	0.05723875778146409
2034205	onc	0.056508342355304726
2034205	18	0.05490365632231569
2034205	gradual	0.05420540211610401
2034205	extend	0.05395698523278498
2034205	take	0.04777296267963514
2034205	alkaloid	0.04575945312019076
2034205	2400mg	0.0451545333606952
2034205	450	0.04399994279745432
2034205	4	0.04306160487706009
2034205	600	0.04192158638758872
2034205	recommend	0.04133509825520591
2034205	singl	0.04089517744902437
2034205	flour	0.04071470374983317
2034205	fda	0.040223687707122834
2034205	400mg	0.040092885995369934
2034205	divid	0.040029887364709346
2034205	550	0.03960487416671771
2034205	ag	0.03852709688819369
2034205	150	0.036316247682406044
2034205	79	0.03550413325731856
2034205	maximum	0.03509483588362597
2034205	180	0.03461186466913889
2034205	exceed	0.03335443377874869
2034205	stop	0.032080214771391134
2034205	500mg	0.03148764027206223
2034205	serv	0.030813495976557005
2034205	formul	0.03033003591415128
2034205	teaspoon	0.029072707123322765
2034205	50mg	0.028730158062751275
2034205	healthi	0.028207859295185427
2034205	older	0.02812079056700362
2034205	subsid	0.027334129065974804
2034205	1600	0.025034471912226013
2034205	intend	0.024935537921892015
2034205	will	0.024575240452885214
2034205	establish	0.02423239597755041
2034205	year	0.02407115262206785
2034205	optim	0.023338255233909845
2034205	rare	0.022622508931228625
2034205	800mg	0.022005003584250518
2034205	ach	0.021624462082023243
2034205	daili	0.02119209357478723
2034205	evenli	0.020749644853378848
2034205	guidelin	0.02038021094942576
2034205	300	0.02022060681307967
2034205	indomethacin	0.019947972290508077
2034205	herbal	0.018990820025617722
2034205	orang	0.018555419637966652
2034205	import	0.0178558848700384
2034205	75	0.01707804725431177
2034205	50	0.016038848991205175
2034205	360	0.015264919274997879
2034205	amount	0.014979518337814263
2034205	releas	0.014113199549960568
2034205	clinic	0.013644254106604496
2034205	240	0.013138113436386293
2034205	total	0.012818080271174101
2034205	base	0.012787886109402413
2034205	rice	0.011513740134526006
2034205	highlight	0.010856017272509172
2034205	supper	0.010762919915389014
2034205	role	0.010119350970511915
2034205	panax	0.009713620395476928
2034205	6	0.009630352733125444
2034205	se	0.009572487086775916
2034205	excitatori	0.009435942087799168
2034205	bioactiv	0.009341548642597517
2034205	exert	0.008796710310757882
2034205	later	0.008747594414213139
2034205	tieraona	0.008714278461434799
2034205	plai	0.008388458461800962
2034205	daytim	0.008101454841083527
2034205	750mg	0.0077681813661559405
2034205	pregnant	0.007714288675529857
2034205	glutam	0.007688806269413526
2034205	greater	0.007544334491139593
2034205	100	0.00719349168736996
2034205	obes	0.007188646947414633
2034205	propranolol	0.0066958851872217775
2034205	split	0.006675089842509474
2034205	ginseng	0.006626693030370041
2034205	30mg	0.006565581318602441
2034205	counterbal	0.006490706712386583
2034205	beagl	0.006450043636195633
2034205	mother	0.0064365804321031604
2034205	rule	0.00637709038927176
2034205	condit	0.006131429225238461
2034205	unbrand	0.006061298906975026
2034205	instruct	0.006026871005662318
2034205	glucocorticoid	0.005944507007437628
2034205	120	0.005906232517211817
2034205	driven	0.005796512957137128
2034205	12	0.005749553635392259
2034205	dietari	0.005729645913333775
2034205	usual	0.005442163924502831
2034205	relora	0.005259216439322945
2034205	unoffici	0.005222709147056187
2034205	known	0.0051869332330041346
2034205	pivot	0.00514758506594728
2034205	largest	0.005142023677892444
2034205	transient	0.0050789306810564
2034205	mortar	0.005020658972553918
2034205	synergist	0.004999857713262276
2034205	60	0.004994978594530513
2034205	nich	0.0049087788049425795
2034205	surprisingli	0.0048740183480006595
2034205	eas	0.004860882222614018
2034205	x3	0.0047914010559514586
2034205	oxazepam	0.004777506077729542
2034205	breastfeed	0.004700206869387349
2034205	botan	0.0046982579975520045
2034205	internation	0.004660118826873821
2034205	magnesium	0.004599577709788844
2034205	100mg	0.004487600312492521
2034205	quiet	0.004483917786760413
2034205	brick	0.004477133145120074
2034205	luck	0.004475447262879566
2034205	crucial	0.0044326167146440335
2034205	user	0.004421774110391844
2034205	adaptogen	0.0044203027455737235
2034205	correl	0.004377864273861612
2034205	asian	0.004343052357714066
2034205	swallow	0.0043108019687077654
2034205	shouldn	0.004267306133107893
2034205	exam	0.004006481720313171
2034205	eastern	0.004003353229936082
2034205	interview	0.003994732605409718
2034205	moment	0.003859070978746144
2034205	vigil	0.003851320319844968
2034205	primarili	0.003826061205558128
2034205	neuron	0.0038192994147400847
2034205	antidepress	0.0037504469940912357
2034205	blind	0.003733149256059846
2034205	discuss	0.0037181997544380677
2034205	hungri	0.0036859117145182224
2034205	itali	0.003661470119119255
2034205	scientif	0.0036567533501551145
2034205	complementari	0.0036529708559297114
2034205	gad	0.0036522846281952033
2034205	tab	0.003552747607799769
2034205	blend	0.0035293838061703125
2034205	steal	0.0035167049055702198
2034205	ruin	0.003486720917732333
