647362	answer	0.4688423889314885
647362	who	0.32412111459836984
647362	statu	0.2776890182129553
647362	refer	0.2308644424319239
647362	post	0.21024699749627362
647362	phrase	0.2000827798113977
647362	tka	0.17884045520091468
647362	procedur	0.1771822504989916
647362	mellitu	0.16296112610476027
647362	previous	0.1610736189110348
647362	exampl	0.16069035865280132
647362	neuropathi	0.15557392413164967
647362	medicales	0.1531593714258523
647362	arthroplasti	0.15291522230489965
647362	medtalk	0.15225240709386553
647362	appendectomi	0.12353402644845055
647362	hysterectomi	0.12287463164349763
647362	past	0.114753228255259
647362	event	0.11385275848697952
647362	overdos	0.10783188617079216
647362	appi	0.09812685746117675
647362	vena	0.09669057723490185
647362	cava	0.09646878197606953
647362	elkpark	0.09050183743304639
647362	patient	0.09011886996752426
647362	thrombosi	0.0858741696006872
647362	satidfact	0.08515471154052137
647362	inferior	0.07710533764434872
647362	person	0.07320268890461745
647362	vein	0.06861467359829312
647362	client	0.06785146720446476
647362	filter	0.05777206123219231
647362	thank	0.05564741262827852
647362	deep	0.05415533385189309
647362	took	0.05382909921119363
647362	5k	0.05032969257958001
647362	author	0.04999635135811736
647362	view	0.04915851583077655
647362	tracheostomi	0.04716904718665923
647362	specifi	0.04560470920488566
647362	undertook	0.04268425131220644
647362	happen	0.0372210145387512
647362	current	0.03713285523637676
647362	pt	0.03583957182538109
647362	underw	0.035456408100732764
647362	note	0.03404993106235655
647362	instructor	0.03359531055767258
647362	point	0.033371171271868505
647362	signific	0.03272499446343647
647362	1k	0.03214002977599391
647362	diabet	0.03092778993647589
647362	carcinoma	0.030139409817223493
647362	haven	0.029915916672612917
647362	endur	0.029163343135668447
647362	prostat	0.02871587748148888
647362	exactli	0.028711851903829997
647362	carer	0.028615438253024005
647362	chemotherapi	0.028425017536040736
647362	fractur	0.028186981067731258
647362	orchiectomi	0.027776492158889478
647362	intervent	0.027636820339326004
647362	surgeri	0.027301828022235998
647362	ago	0.027248016157898704
647362	sustain	0.02659696044484583
647362	just	0.026331301431138588
647362	explain	0.02580465357223124
647362	broken	0.02546649457968067
647362	cholecystectomi	0.024520926161187125
647362	thorni	0.02388176601732532
647362	experienc	0.02347327545067407
647362	pneumonia	0.023020541133223833
647362	mastectomi	0.0228888252498483
647362	dementia	0.021858487396617214
647362	design	0.021810740273912395
647362	21	0.02125921552506459
647362	follow	0.02104735757744792
647362	develop	0.020841635066909257
647362	computer	0.02069971157691872
647362	place	0.02010058265172349
647362	nerv	0.019886411378195305
647362	knee	0.01983079133916048
647362	618	0.019828919571490897
647362	283	0.019781907649854057
647362	515	0.01964859002415195
647362	426	0.01952386133419904
647362	249	0.019152373759708977
647362	178	0.019097157337763394
647362	54	0.018944935041072423
647362	309	0.01890377828785764
647362	183	0.01881406584912563
647362	314	0.018668439778657887
647362	oper	0.018300716091750494
647362	201	0.01819996624065226
647362	know	0.018161084515013262
647362	3k	0.017999485967581434
647362	ivc	0.017799907062181427
647362	320	0.017553401114147424
647362	137	0.01750792695908213
647362	diagnos	0.01746851052769627
647362	bbb	0.01746631387543647
647362	quora	0.017259240271720228
647362	hip	0.017101623461158216
647362	2k	0.016704131114359366
647362	uteru	0.01663555347872446
647362	poke	0.016576856305850002
647362	user	0.016563909874970865
647362	cva	0.016432605484860814
647362	eddi	0.016287252658099938
647362	graft	0.016022433006309275
647362	record	0.01597083596600646
647362	woman	0.01590266781081118
647362	month	0.015785472820205752
647362	shreya	0.015754589934965476
647362	alzheim	0.01571295121053375
647362	coronari	0.015656958629055178
647362	wiki	0.015637411140513233
647362	dvt	0.015525409744762325
647362	treat	0.015520035970301061
647362	patholog	0.015265841104578461
647362	77	0.015187915758369499
647362	131	0.015145328976471467
647362	prior	0.01506368704918875
647362	acut	0.014484443818058506
647362	radioact	0.014372185971067493
647362	oncolog	0.01408156290542377
647362	cabg	0.014052369014189907
647362	mehta	0.014033965976066372
647362	droop	0.013956884851703948
647362	solv	0.013652988304264948
647362	condit	0.013405348777316452
647362	laboratori	0.01316855479015915
647362	yo	0.013062716951366562
647362	specif	0.012680503765646728
647362	adject	0.012524886219321402
647362	introduc	0.012481790563042473
647362	pain	0.012434904162433121
647362	implant	0.01237738404493378
647362	bypass	0.012231919803125364
647362	06	0.012205443677031243
647362	wai	0.01206065837111376
647362	placement	0.011963321955095021
647362	februari	0.011905736061633506
647362	shorthand	0.011866482597311488
647362	taken	0.01184398014555669
647362	compound	0.011736334154250093
647362	80	0.011539737842610163
647362	01	0.011324250586647466
647362	hospit	0.011299758280619366
647362	2009	0.011214255539669713
647362	relev	0.01099050049942283
647362	mi	0.01097792949414482
647362	clinic	0.010953761217081966
647362	leg	0.010809363296773114
647362	juli	0.010492241642529784
647362	year	0.01048883145822848
647362	facial	0.010408509606651328
647362	googl	0.010250405028554182
647362	seed	0.010063125228559454
647362	72	0.010032460950605336
647362	extrem	0.009618568919282674
647362	stroke	0.009549453718896001
647362	larg	0.009478937215154025
647362	help	0.00936976989017144
647362	action	0.009352787688722455
647362	15	0.009333910611677624
647362	old	0.009132756300590142
647362	januari	0.009110122515070047
647362	continu	0.009036746159033021
647362	bone	0.00898933906366702
647362	skin	0.008961335905215657
647362	recov	0.008872182170793103
647362	2000	0.008517523541149931
647362	13	0.008368289324017661
647362	side	0.008279560779995645
647362	femal	0.008267665345755909
647362	read	0.008190558818411249
647362	occur	0.008124651802699072
647362	time	0.008110082131509773
647362	issu	0.00794892879650536
647362	decemb	0.007784820266476092
647362	understand	0.007379815463300978
647362	cancer	0.007312991263926028
647362	top	0.007073767436497479
647362	weak	0.006990739031725065
647362	show	0.006189153349399522
647362	2020	0.006157504940574698
647362	11	0.005701416259603181
647362	2012	0.005322820037870503
647362	ask	0.005269740797569064
647362	sourc	0.0049516233144836245
647362	9	0.004774266933549509
647362	state	0.004494569284412462
647362	attack	0.0043319919208623155
647362	actual	0.004318772266796797
647362	short	0.00415730047817784
647362	present	0.004073540037546458
647362	12	0.003928265675491907
647362	need	0.0037222102059554824
647362	search	0.00346377280757812
647362	replac	0.003258905638866054
