300025	fisheri	0.2742682610327839
300025	gillnet	0.2253673883086128
300025	whale	0.22227355668823506
300025	entangl	0.19495041333742413
300025	rescuer	0.1720506742825867
300025	tangl	0.16729397949781868
300025	marin	0.15559336060535037
300025	rescu	0.1537647526443041
300025	california	0.15001066687651515
300025	coast	0.14991706911459127
300025	southern	0.11569552988359283
300025	blue	0.11329489901885983
300025	mammal	0.10990627699469038
300025	freed	0.10274250628193808
300025	drift	0.09684567459665092
300025	calif	0.09540642037239146
300025	attempt	0.0927755785780144
300025	crab	0.09093991424204627
300025	swordfish	0.08394458600765012
300025	sheerman	0.08281203152451345
300025	dana	0.08094243854058132
300025	permit	0.07982224256479233
300025	fridai	0.07843833984953595
300025	enticknap	0.07819278878132528
300025	gear	0.07533153677646133
300025	nation	0.07234622317767796
300025	safari	0.07057693216974963
300025	lo	0.06920232417732151
300025	kilduff	0.06848462622572839
300025	sperm	0.068232155574355
300025	szathmari	0.06718794041542095
300025	wallerstein	0.06658760449628602
300025	told	0.06521328611262663
300025	spot	0.06472665043736117
300025	offici	0.06196038411046218
300025	angel	0.061773402353562025
300025	barboza	0.06082067464575525
300025	2016	0.060335944027615086
300025	mondai	0.059288891348030136
300025	lobster	0.058665922369468715
300025	upi	0.05856280343156939
300025	servic	0.057354755995345216
300025	sala	0.055909119611667106
300025	feder	0.05466667267795029
300025	baird	0.05445327668018282
300025	trayvon	0.05394462706843048
300025	report	0.05390503825503037
300025	scientist	0.05354392023371066
300025	tail	0.052668765142826424
300025	recov	0.05207383506795871
300025	grai	0.05036528372661665
300025	edt	0.04906555499937076
300025	swam	0.04763647023246775
300025	pacif	0.047363649537874954
300025	dailymail	0.04729386498709968
300025	free	0.04630622871524826
300025	photo	0.04572877630799067
300025	dung	0.04481947818519473
300025	identifi	0.04471393243534321
300025	870	0.04385489203884563
300025	slain	0.04344466393017394
300025	fluke	0.04342634008187416
300025	025	0.04319791016204223
300025	pasadena	0.043123584735534466
300025	iraqi	0.043107599910503606
300025	sai	0.04281862499495233
300025	counti	0.04276520301440432
300025	zoe	0.042457597372614155
300025	leatherback	0.042347279171574805
300025	13	0.0422319562983845
300025	deadliest	0.04107772866359463
300025	174	0.04051901367371407
300025	beak	0.03995060664388481
300025	tomorrow	0.03963513218271158
300025	reloc	0.03934314038894635
300025	nbc	0.03900153309059496
300025	catherin	0.03878778022732248
300025	involv	0.038673386231912875
300025	steak	0.038575493734951255
300025	merci	0.03853510094515315
300025	reuter	0.03796290618534351
300025	point	0.03783355151068539
300025	beaten	0.03753087757964682
300025	longlin	0.037373390579743294
300025	tim	0.03712157766186984
300025	lengthi	0.036916732516087486
300025	capt	0.03660713278718405
300025	regim	0.036531004422506334
300025	mail	0.03615040961663917
300025	halt	0.03586440483869082
300025	71	0.03568669445191689
300025	dave	0.03469517452571784
300025	cc	0.03455902405403145
300025	classifi	0.03428312301997645
300025	chase	0.034025196890893054
300025	unusu	0.03401498556734438
300025	resum	0.033900111040130666
300025	incid	0.03386852693726628
300025	courtesi	0.03385193519746568
300025	vast	0.033845536573573115
300025	imposs	0.03372935972954613
300025	toni	0.03348052831265893
300025	rope	0.033327154811028686
300025	ghost	0.033207848670939136
300025	newspap	0.033177303664645746
300025	propos	0.03315332975146955
300025	peter	0.033134997825683486
300025	dump	0.033106984988099775
300025	fleet	0.033027290180972925
300025	deploi	0.032456790833911224
300025	line	0.03233090526223674
300025	strand	0.032197512286610636
300025	distress	0.03216088331589183
300025	opposit	0.031976778983041264
300025	daili	0.0319675974071651
300025	biolog	0.03193765199039118
300025	ben	0.03185651932193285
300025	victori	0.031844945211586574
300025	abandon	0.0307478443909042
300025	team	0.030651116384771065
300025	cut	0.030619968415040114
300025	huge	0.030508695426568786
300025	oceana	0.030243389530250867
300025	martin	0.030221234543582862
300025	teen	0.0302056275746923
300025	least	0.03003181241189727
300025	septemb	0.02983495393155675
300025	2002	0.029820130322969395
300025	senior	0.02974085874265483
300025	submit	0.02954161804179414
300025	trap	0.029486469800386324
300025	divers	0.02947665069231567
300025	28	0.029473727748546858
300025	weekend	0.02934368567832408
300025	director	0.02915663857388404
300025	captain	0.029046487062872047
300025	june	0.029002891124646987
300025	seek	0.029000835724078272
300025	environment	0.028984764634744472
300025	shock	0.028855723778503
300025	death	0.02884208838648937
300025	shorelin	0.028763553704252303
300025	effort	0.028585949507361024
300025	reef	0.028491458918690492
300025	harbor	0.02835783664422607
300025	03	0.028060246031340844
300025	case	0.028036662780540886
300025	categori	0.027807022231036094
300025	averag	0.027353742738223105
300025	shoot	0.02718559554520222
300025	orang	0.027170381479153148
300025	32	0.02700897783435352
300025	fear	0.026958418149627916
300025	farther	0.02694462588035569
300025	comment	0.026680334777921637
300025	media	0.02636021775053263
300025	notic	0.026203523845671622
300025	polic	0.026124689721087443
300025	2015	0.025896420475460445
300025	agenc	0.025747907402129067
300025	shot	0.02564794868421616
300025	frequent	0.025286233463210326
300025	massiv	0.025232686638938066
300025	save	0.024980849872062456
300025	worker	0.024949283031086948
300025	race	0.024888440835109764
300025	impact	0.024420498332576434
300025	mother	0.024262268756935965
300025	onlin	0.024216887937663713
300025	rank	0.023617866596598258
300025	23	0.023615095795588764
300025	agre	0.023354458237261427
300025	swim	0.023342787024097044
300025	wrap	0.023172329177165444
300025	sustain	0.02293303945103513
300025	twice	0.022539943178075648
300025	insid	0.02253450490717452
300025	campaign	0.022293069299409524
300025	hawaii	0.022064925559024732
300025	man	0.021979892329973924
300025	close	0.021882685170101356
300025	closer	0.021521125213800615
300025	love	0.021473874134406226
300025	declin	0.021223271613834492
300025	19	0.021095787480019598
300025	2010	0.020979878623153876
300025	alon	0.02093915929601203
300025	discuss	0.020937696765235204
300025	kabc	0.020803745775710602
300025	francisco	0.020735485435110928
300025	credit	0.020609039683603468
300025	debri	0.02057258382747104
300025	fight	0.02031271396659866
300025	week	0.02025949755811003
300025	determin	0.0201271421694651
300025	thousand	0.019925485903696364
300025	affili	0.01984198706933944
300025	cnn	0.019810500775134535
300025	recent	0.019696688588801445
300025	lion	0.01962880487586283
300025	2013	0.019596617564600412
300025	manag	0.019472270664184648
300025	soon	0.01936232316043458
300025	youtub	0.01922344682467219
300025	offic	0.01920515854289926
300025	meet	0.01886410669416
300025	saturdai	0.018684331647152424
300025	17	0.018477132327075322
300025	want	0.0181286473166609
300025	west	0.018100484913844847
300025	special	0.017919098461885538
300025	pick	0.01791329132736543
300025	made	0.017822877811791298
300025	com	0.017792142745710917
300025	2000	0.017743758500253844
300025	screen	0.017682153171172277
300025	light	0.017596176370893956
300025	publish	0.017515809482680826
300025	2012	0.017453308526318073
300025	emerg	0.017280766491937376
300025	center	0.017244603539630036
300025	design	0.017216655323439453
300025	januari	0.017157131444721654
300025	author	0.017093253762986503
300025	next	0.01702413273758392
300025	dead	0.016614539112440332
300025	0	0.016400091157472332
300025	non	0.01637520083452779
300025	will	0.016218123602133056
300025	21	0.01607430853806261
300025	now	0.0158941704653033
300025	anchor	0.015677511032933945
300025	high	0.015533186155382845
300025	major	0.01519214923889112
300025	reduc	0.01501736814767223
300025	april	0.015011151253191194
300025	creatur	0.014954407708268691
300025	11	0.014740572778397616
300025	65	0.014571948327243846
300025	oregon	0.014289787501725168
300025	life	0.014268787210972226
300025	interact	0.013973419895721479
300025	continu	0.013712428032428359
300025	data	0.013444593903631674
300025	washington	0.012588934044193176
300025	top	0.01242410556917824
300025	local	0.012277904090203174
300025	coastal	0.012208495806873476
300025	typic	0.012188072151259303
300025	measur	0.012133980879475655
300025	feet	0.011568816928128941
300025	drown	0.01154424069626868
300025	issu	0.011496244725337492
300025	time	0.011384749678515027
300025	state	0.011138879583976033
300025	march	0.01112295545724128
300025	possibl	0.010728901233322954
300025	associ	0.010703804152954344
300025	back	0.0103455810823833
300025	allow	0.009821324867861872
300025	legal	0.009751431605391058
300025	5	0.009334867287119266
300025	sea	0.008973024206543721
300025	requir	0.0089355583371851
300025	young	0.00848772918867603
300025	see	0.008110695746343674
300025	abl	0.007874648602916047
300025	rare	0.007798745704843492
300025	florida	0.007548579135476257
300025	50	0.007141628616520534
300025	type	0.00714045215192685
300025	injuri	0.00709216170879214
300025	just	0.00699546461618066
300025	updat	0.006816270627340493
300025	call	0.00677037238980956
300025	noaa	0.006582652890967918
300025	kill	0.0062012951363655585
300025	still	0.005946366590902494
300025	40	0.005826261696618548
300025	pull	0.005561750540685967
300025	down	0.0048567151605302915
300025	san	0.004791756923463506
300025	anim	0.004630256649813166
300025	attach	0.004482583440516282
300025	well	0.004438106540372545
300025	last	0.00422549975663323
300025	make	0.0038785537596597894
300025	take	0.0038005176835570094
300025	number	0.0037446087968981273
300025	endang	0.000905877945229158
300025	includ	1.848191931361299e-05
300025	target	-0.0008067990641366708
300025	oper	-0.001061965510872217
300025	30	-0.0017926598646736426
300025	give	-0.0021010199973758993
300025	can	-0.0022767168814649594
300025	plai	-0.0023110287227290083
300025	here	-0.002342804676170278
300025	product	-0.0023441284412493006
300025	help	-0.0023476350943418987
300025	sign	-0.002352934052719038
300025	peopl	-0.002446935323133916
300025	base	-0.002459848011423754
300025	content	-0.002470494761684684
300025	power	-0.002495209914043789
300025	contact	-0.002517125648328676
300025	wai	-0.00254611400935473
300025	16	-0.0025763265508042033
300025	hand	-0.002585244979748215
300025	full	-0.002631625012869244
300025	24	-0.002645895982483056
300025	commun	-0.002669713077720075
300025	gener	-0.0026780008793615396
300025	part	-0.002678797365812069
300025	sure	-0.00270775681516448
300025	2017	-0.002813828479874511
300025	am	-0.002826310157307624
300025	suggest	-0.0028296322684897048
300025	don	-0.0028457874159644888
300025	effect	-0.0028517133732842413
300025	open	-0.002852164710803176
300025	3	-0.0028611225385489405
300025	read	-0.0028705153401997604
300025	whole	-0.002878567112326879
300025	imag	-0.0028847278759510757
300025	note	-0.002898322942498325
300025	account	-0.0029041825385716005
300025	rang	-0.002911130477515771
300025	industri	-0.0029211502856474497
300025	thought	-0.0029330629352488256
300025	word	-0.0029465253267896827
300025	level	-0.0029646236748674436
300025	guid	-0.0029680030772118757
300025	view	-0.0029737515104827548
300025	grow	-0.0029749889928177824
300025	actual	-0.0029981023507889342
300025	juli	-0.0030043598461052252
300025	coupl	-0.003029807592084354
300025	turn	-0.003046624930336195
300025	avoid	-0.003049917428805479
300025	august	-0.0030521298853430022
300025	replac	-0.003064249557380933
300025	figur	-0.003069027317334581
300025	mix	-0.0030813312553289777
300025	choos	-0.003083188858760556
300025	support	-0.0030889921153467773
300025	treat	-0.003097085296351329
300025	try	-0.0031002617085481112
300025	2011	-0.0031096280180593684
300025	known	-0.0031131802191770356
300025	program	-0.0031151682099003443
300025	activ	-0.0031331172577880257
300025	histori	-0.00316337684917095
300025	refer	-0.0031739093207207264
300025	manufactur	-0.0031872208926250274
300025	18	-0.003187546185994703
300025	meat	-0.0031992012526505954
300025	cover	-0.0032014773243790864
300025	air	-0.0032077781556563876
300025	consid	-0.003214234309006199
300025	plant	-0.003230066210833998
300025	site	-0.0032395184851577376
300025	million	-0.003246697253722654
300025	octob	-0.0032576599800420375
300025	administr	-0.0032704494517417277
300025	devic	-0.003274953851633013
300025	especi	-0.003286889639695034
300025	put	-0.003312067307408533
300025	matter	-0.003340059393904622
300025	articl	-0.003340924688776648
300025	connect	-0.003341808203595726
300025	12	-0.003349177223249329
300025	polici	-0.003369201531248253
300025	place	-0.0033709575539718926
300025	similar	-0.003375792294788983
300025	reason	-0.0033771299486132678
300025	pool	-0.0033788716656877812
300025	member	-0.003385079291717658
300025	physic	-0.003427052954752593
300025	2014	-0.0034345345465183674
300025	varieti	-0.0034364685369310173
300025	sourc	-0.0034372953563461756
300025	depart	-0.0034386303721409953
300025	adult	-0.0034454625033259797
300025	scienc	-0.003462401065036418
300025	occur	-0.0034645320964543356
300025	stai	-0.003473341739567139
300025	object	-0.00348275505413636
300025	stori	-0.0034875662757341283
300025	answer	-0.003489272222939274
300025	maintain	-0.0034967609631473707
300025	later	-0.0035067183049146172
300025	lower	-0.0035082668678254126
300025	lose	-0.00351283163497777
300025	social	-0.0035143832767847885
300025	multipl	-0.003515996252509185
300025	rock	-0.0035167115753241083
300025	numer	-0.003522416524272933
300025	damag	-0.003531206561306999
300025	clear	-0.0035423489837098517
300025	question	-0.0035511037620433897
300025	infect	-0.003551108766526323
300025	alert	-0.003553525315503251
300025	29	-0.0035602298088478735
300025	press	-0.003563240011364921
300025	cm	-0.003597921745069587
300025	law	-0.003608076553904603
300025	rest	-0.0036331159529194345
300025	weather	-0.0036434139400611703
300025	nearli	-0.0036454221560905144
300025	weekli	-0.0036526187534960198
300025	period	-0.0036572361154225425
300025	refus	-0.0036619501157287523
300025	problem	-0.0036674094892839198
300025	mission	-0.0036763946516551885
300025	experienc	-0.003680499119681815
300025	took	-0.0036841156697381685
300025	win	-0.0036895222885831394
300025	chang	-0.0036912955632950914
300025	higher	-0.003698324331370387
300025	growth	-0.0036999858060352124
300025	mount	-0.0037025109606253575
300025	500	-0.003712019160960083
300025	exist	-0.003713103640589062
300025	floor	-0.0037197182934154307
300025	section	-0.003720689300272684
300025	extrem	-0.003729264832202506
300025	squar	-0.0037300359422926905
300025	tissu	-0.0037360458219577223
300025	pair	-0.003737097470394354
300025	2018	-0.0037417234675300214
300025	happen	-0.003749934497753937
300025	paper	-0.003753550967726511
300025	scene	-0.0037552805718973417
300025	la	-0.0037682834863130084
300025	link	-0.003796391432503689
300025	night	-0.0038015495791942472
300025	potenti	-0.0038040074985871285
300025	poor	-0.0038105739041863723
300025	rod	-0.0038116783523299046
300025	plu	-0.0038173138345542444
300025	beauti	-0.0038202260847637576
300025	safe	-0.0038245919865482264
300025	encount	-0.003827969820935992
300025	drop	-0.003834386876626484
300025	resourc	-0.003838294815017641
300025	safeti	-0.003842250362015566
300025	2004	-0.0038450478998353355
300025	technolog	-0.0038544767059223092
300025	calcul	-0.0038569011958713047
300025	scroll	-0.0038578742520450366
300025	descript	-0.0038634625021309447
300025	spring	-0.003866429462287909
300025	250	-0.0038672279199730604
300025	action	-0.0038754607416522234
300025	journal	-0.003912769323323199
300025	capit	-0.003917868744903983
300025	fed	-0.0039217428875014
300025	2007	-0.003936753425590929
300025	decad	-0.003938357077148449
300025	fly	-0.003941691928612004
300025	57	-0.0039460792951612434
300025	provid	-0.003947026644835758
300025	cook	-0.003955475537866668
300025	fresh	-0.003959452500702343
300025	lord	-0.00397176094790518
300025	lb	-0.003977426233470572
300025	wast	-0.0040015555847444425
300025	filter	-0.004010300326116271
300025	discoveri	-0.004024011014988236
300025	proper	-0.0040246152916727
300025	aliv	-0.0040303795678594
300025	yellow	-0.004032687424732804
300025	scar	-0.004036604794281257
300025	2008	-0.004041168969922339
300025	straight	-0.004047621933320595
300025	lake	-0.004051456044799061
300025	cloth	-0.004056690545778302
300025	precis	-0.00406359263512359
300025	obtain	-0.0040707753503869204
300025	texa	-0.004075412515012571
300025	atmospher	-0.0040831067973131135
300025	extens	-0.004083879069581749
300025	implement	-0.004091360212817026
300025	meter	-0.004095093153840768
300025	jump	-0.004107644185827861
300025	river	-0.00411082527834999
300025	2005	-0.0041140141009162615
300025	veget	-0.0041154531160280325
300025	depth	-0.004117502168479301
300025	highli	-0.004119329878103966
300025	engag	-0.0041272813156272
300025	moder	-0.0041316082222652645
300025	tag	-0.004135963714321222
300025	heavi	-0.004142725228007486
300025	deadli	-0.004145117899181661
300025	advertis	-0.004145606499470665
300025	1976	-0.004150030812666077
300025	pattern	-0.0041500715014755035
300025	sampl	-0.004160642172481043
300025	kg	-0.004162291477295935
300025	fix	-0.004172357804399312
300025	oz	-0.004174703052921857
300025	attract	-0.004185779943689647
300025	bag	-0.0041883676729500136
300025	expect	-0.0041944330077710685
300025	bird	-0.0042022356499915705
300025	boost	-0.004225723597902394
300025	teeth	-0.004227683452570378
300025	crew	-0.0042284316636951435
300025	prepar	-0.004240376529891942
300025	born	-0.004242347302358382
300025	upper	-0.004246644553735833
300025	concentr	-0.0042519830010971805
300025	prize	-0.004258257325669879
300025	31	-0.004274767902423077
300025	pink	-0.004279298724778076
300025	sold	-0.004282288317115001
300025	destin	-0.004293379601289693
300025	neck	-0.0043085478318728
300025	billion	-0.004314150316690573
300025	survei	-0.0043180993747868116
300025	42	-0.004323599759085405
300025	hidden	-0.0043416760219032475
300025	wet	-0.004346117293363484
300025	nativ	-0.004354081125952395
300025	eventu	-0.004356918456032416
300025	driven	-0.004360447605222539
300025	consider	-0.004383533230080071
300025	1959	-0.004384454266371481
300025	sole	-0.004387714297046182
300025	countri	-0.004396082000734315
300025	japanes	-0.004407684737979324
300025	discov	-0.004411510125951266
300025	rear	-0.00441202765776092
300025	franc	-0.0044224202752535914
300025	statist	-0.004424466276286162
300025	pt	-0.0044268059388963546
300025	nois	-0.004432330460132785
300025	messag	-0.004435016633660829
300025	recoveri	-0.004435716592342671
300025	destroi	-0.004442111113260399
300025	copi	-0.0044483923636125505
300025	scott	-0.0044508585159206285
300025	east	-0.004451484570595962
300025	nurseri	-0.0044536188712600315
300025	chees	-0.0044619196181590335
300025	jim	-0.0044871128796646
300025	reduct	-0.004490101880118699
300025	shoe	-0.004517280184809878
300025	mid	-0.0045236234324613715
300025	gui	-0.004530438826696437
300025	share	-0.004531525489206461
300025	800	-0.004531786466256666
300025	arriv	-0.004533304600432399
300025	slowli	-0.004545197930948894
300025	1997	-0.004546202497122997
300025	distinct	-0.00454620745231589
300025	exact	-0.004556770430354173
300025	water	-0.004557694290332711
300025	stream	-0.00456175642837155
300025	ladi	-0.004568139503851585
300025	cuba	-0.004572409441012508
300025	oxygen	-0.0045726575484436255
300025	victim	-0.004573170413601064
300025	fort	-0.00457332635906089
300025	delai	-0.004584375968925962
300025	todd	-0.004584479661337536
300025	set	-0.004604027285137196
300025	joe	-0.004605130983519151
300025	strain	-0.004605350661823514
300025	intend	-0.004609120669947629
300025	mask	-0.004610223128891832
300025	150	-0.004619252521262463
300025	thailand	-0.004646955250954495
300025	louisiana	-0.004659971224894132
300025	calf	-0.004669154056892481
300025	1991	-0.004669851254817343
300025	recreat	-0.004677036514064048
300025	gather	-0.004682648058950494
300025	tiktok	-0.0046920006969225336
300025	primarili	-0.00469232849296356
300025	sand	-0.004703654112785738
300025	wake	-0.004707547054489374
300025	danger	-0.004708911347357502
300025	tab	-0.004709377585559436
300025	restrict	-0.004716232046033619
300025	acquir	-0.00474085777987781
300025	67	-0.004743095638633263
300025	liver	-0.004747442207008843
300025	drag	-0.004757830621687918
300025	stood	-0.004767176150977872
300025	televis	-0.0047806205843033125
300025	lai	-0.00478497035180131
300025	blow	-0.004790991218192006
300025	societi	-0.004799123884782762
300025	235	-0.004802615952088598
300025	gum	-0.004804356032164808
300025	smallest	-0.004806734667592153
300025	450	-0.004808576201386987
300025	tini	-0.004817720927573615
300025	albani	-0.004823392940411727
300025	1993	-0.00483400298810405
300025	98	-0.004846423045174055
300025	rai	-0.00484839368952069
300025	unabl	-0.004850505059815745
300025	damn	-0.004852760441606884
300025	longest	-0.004853151337545988
300025	85	-0.004861525173387588
300025	itali	-0.004870761627086045
300025	3k	-0.004870993236535491
300025	hunter	-0.004872440875570659
300025	nearbi	-0.004873138454128152
300025	accid	-0.004878511613657855
300025	brought	-0.004879553423961789
300025	rule	-0.004880892621598835
300025	trauma	-0.004883033268436331
300025	battl	-0.00492195499548865
300025	knife	-0.004942198383736842
300025	southwest	-0.0049457462119032415
300025	belt	-0.004961254748330004
300025	sub	-0.0049651350004880235
300025	start	-0.004967211473069637
300025	140	-0.004986935965798555
300025	israel	-0.004992506024030797
300025	1968	-0.004996948237499905
300025	lui	-0.005008394514388659
300025	wrote	-0.0050172075042497705
300025	thrive	-0.005031928587256533
300025	alaska	-0.005036275880146433
300025	grei	-0.005037486042524328
300025	1973	-0.00504233660920781
300025	larg	-0.005044315207093468
300025	reflect	-0.005055546707524873
300025	dispos	-0.005062084186860699
300025	jan	-0.005066582991169953
300025	georgia	-0.005069418480368067
300025	tremend	-0.0050723435089438385
300025	destruct	-0.005075433315159294
300025	persist	-0.005080762493702301
300025	meant	-0.005095425496819563
300025	503	-0.005095623093774627
300025	1967	-0.005101301328727641
300025	compromis	-0.005109779824674647
300025	gradual	-0.0051123818286371555
300025	mainli	-0.00511560112050553
300025	cape	-0.005143748409726318
300025	tom	-0.005153391626712349
300025	pierc	-0.00515843618326995
300025	accord	-0.005161117139897738
300025	aka	-0.005165705765690279
300025	notabl	-0.005175988155845071
300025	show	-0.005176294446521771
300025	inhal	-0.005185743699566106
300025	coronaviru	-0.005185903658161392
300025	subscrib	-0.005188949133593397
300025	norwai	-0.005189873772463657
300025	habitat	-0.005195815018538409
300025	ban	-0.005196974313904419
300025	discrimin	-0.0052001884013852225
300025	occas	-0.005208540688237402
300025	scrambl	-0.00520872141881217
300025	ti	-0.005209476930667354
300025	liz	-0.0052267646120287056
300025	190	-0.005232248262468828
300025	forth	-0.005287247890258587
300025	die	-0.00530682986729146
300025	1914	-0.005316968923408179
300025	brazil	-0.005327797673609163
300025	aug	-0.005328654743641129
300025	iceland	-0.005328765180333806
300025	headquart	-0.005332253797490067
300025	upcom	-0.00533827294041476
300025	pest	-0.005346233848990382
300025	scotland	-0.005362362689779091
300025	her	-0.00537064950665252
300025	killer	-0.005370816128281926
300025	388	-0.005370863841424758
300025	upscal	-0.005379177031077107
300025	640	-0.005384985880292029
300025	ft	-0.0053850168698836584
300025	pilot	-0.005386458063887309
300025	undoubtedli	-0.005398967643628825
300025	488	-0.005403930267063834
300025	greec	-0.005423052752009044
300025	rate	-0.005424287380952636
300025	chile	-0.005429794701264342
300025	1947	-0.005445393304704735
300025	suspend	-0.0054519246465495035
300025	snap	-0.005461814887604219
300025	900	-0.005465082843153512
300025	newport	-0.005468673898508032
300025	name	-0.005472115827267666
300025	understood	-0.005531319098612713
300025	1923	-0.005537483304980463
300025	worm	-0.005544306641674064
300025	644	-0.0055528665797292985
300025	gun	-0.005554750316508221
300025	sweep	-0.0055624997623025165
300025	664	-0.005565037362841026
300025	backward	-0.005566200810576704
300025	inhabit	-0.005569374236435988
300025	found	-0.005578529864253322
300025	sail	-0.005580601342273967
300025	outlet	-0.005590835282649463
300025	collid	-0.005592770120040108
300025	nicknam	-0.005593410407931565
300025	aggreg	-0.005596498567400911
300025	addit	-0.005601829358979827
300025	112	-0.00560715129338361
300025	locat	-0.0056114206602545
300025	spider	-0.005611794315003249
300025	elus	-0.005615878856348453
300025	hone	-0.005621819308300382
300025	coral	-0.00562806569966772
300025	1930	-0.005638434431414074
300025	spiral	-0.005643864646089497
300025	devil	-0.0056528548707093056
300025	trout	-0.0056540935714745446
300025	venic	-0.005657737485892562
300025	1911	-0.005661572485401901
300025	reinforc	-0.005673993567407643
300025	peru	-0.005683618797138826
300025	side	-0.005693174144505741
300025	remaind	-0.005697309548617349
300025	advocaci	-0.005699917924831054
300025	1932	-0.005706143383268698
300025	cute	-0.005713252724699764
300025	172	-0.005714995974094975
300025	chronicl	-0.005715197938447418
300025	freeli	-0.0057295714555713854
300025	280	-0.005748428102633195
300025	excurs	-0.005758183674220171
300025	tiger	-0.005767910618662308
300025	southeastern	-0.0057718515800615055
300025	test	-0.005781176387472065
300025	aberr	-0.005808439405387824
300025	seasid	-0.00580863997552545
300025	shortag	-0.005808829656681059
300025	pounder	-0.005816401132668179
300025	gobbl	-0.005849284777446186
300025	health	-0.00584996505458646
300025	school	-0.005859891914959164
300025	126	-0.005860601174634327
300025	tow	-0.005864065864664721
300025	steiner	-0.005866002268590776
300025	314	-0.005873944612763648
300025	137	-0.00588177525261182
300025	portug	-0.005883586229451996
300025	plan	-0.005888454135883937
300025	hour	-0.005892018189617658
300025	remnant	-0.00589661555744912
300025	keep	-0.005917213096963347
300025	todai	-0.005918643751897445
300025	basket	-0.005938325813439605
300025	ecosystem	-0.005947321197257044
300025	obispo	-0.005949257605337032
300025	produc	-0.005955986116299427
300025	reportedli	-0.005957027335889122
300025	forag	-0.005983678525895151
300025	380	-0.005993944735299446
300025	138	-0.005997375109849964
300025	proceed	-0.006004938406136735
300025	cartilag	-0.006022629717640548
300025	ceas	-0.0060308328454039516
300025	urgent	-0.006042693200222529
300025	hawk	-0.006060438413401352
300025	aquat	-0.0060626656316153694
300025	unwant	-0.006066973858271394
300025	erupt	-0.006079313384596425
300025	move	-0.0061091215618010695
300025	luca	-0.006110860803024237
300025	cheer	-0.006113402134289998
300025	anderson	-0.00612917490974146
300025	850	-0.00616828267031443
300025	caption	-0.00617829646382946
300025	hawaiian	-0.006178952277311953
300025	cano	-0.006194988853904374
300025	pier	-0.00620111915055223
300025	ounc	-0.006210881425945706
300025	tribun	-0.006218619755656326
300025	constrict	-0.006222290785553573
300025	immens	-0.006247005424164373
300025	464	-0.006250904267411906
300025	video	-0.00626026087365913
300025	fisherman	-0.006292519922418093
300025	156	-0.0062934994879195695
300025	total	-0.006324806419919226
300025	climat	-0.006329981195517832
300025	acorn	-0.006369253546871496
300025	yellowtail	-0.006384175738390465
300025	network	-0.006385446728738154
300025	simpli	-0.006386515811094646
300025	who	-0.006407930477395125
300025	old	-0.0064108405442097815
300025	biologist	-0.006414214544386002
300025	hold	-0.006432562541043992
300025	quota	-0.006433528332141914
300025	bore	-0.006440315650599077
300025	inevit	-0.006446347698001606
300025	freshwat	-0.006457466422102992
300025	charter	-0.00645780922962704
300025	227	-0.006460002443175963
300025	dai	-0.006465063463162979
300025	14	-0.006474811131905298
300025	depend	-0.006475667997457689
300025	702	-0.0064851724726026315
300025	littl	-0.0064860379482610505
300025	prevent	-0.006490898957858018
300025	build	-0.006505084558688704
300025	pseudo	-0.006513437163370925
300025	leav	-0.006517815829037111
300025	thresher	-0.006528651218232659
300025	clam	-0.0065426350772434805
300025	organ	-0.006551609682213246
300025	542	-0.006560279359516218
300025	weight	-0.006570712153144811
300025	canari	-0.006578238315102387
300025	minut	-0.006610919082241938
300025	unawar	-0.006617403547218166
300025	240	-0.00663236487753308
300025	second	-0.006632815053652733
300025	kayak	-0.006658366515702026
300025	studi	-0.006663458088994185
300025	816	-0.00666481367150168
300025	affect	-0.006669308057903681
300025	far	-0.00667105843744643
300025	laughlin	-0.006681978321840116
300025	fals	-0.006687960085334104
300025	grappl	-0.006710798968285972
300025	diver	-0.0067269506420377795
300025	rostrum	-0.006730479535696154
300025	ground	-0.006731626238780074
300025	reach	-0.0067497756756023574
300025	particl	-0.006755889622663084
300025	bart	-0.00676083656397025
300025	589	-0.0067712491190241395
300025	bluff	-0.006777536807679784
300025	face	-0.006783114152044242
300025	unintend	-0.0067878045827127675
300025	saunder	-0.0067878290963534465
300025	defin	-0.006800446454685487
300025	regina	-0.00680268274598103
300025	hard	-0.006807332328210583
300025	packer	-0.006810323568724161
300025	remain	-0.006821843622057299
300025	skin	-0.0068428906971819085
300025	petra	-0.0068433888173482565
300025	leopard	-0.00685108105965093
300025	risk	-0.0068829248451384795
300025	inland	-0.006885193285759025
300025	biodivers	-0.006889454855388719
300025	innumer	-0.006891560572333152
300025	wap	-0.006936291088406058
300025	resurfac	-0.006943007651369936
300025	incap	-0.006943403147653671
300025	dusk	-0.006992136422945189
300025	voltax	-0.006999829545063205
300025	boater	-0.007016323686861669
300025	1983	-0.007025157214286997
300025	lowdown	-0.007026550751446207
300025	human	-0.00702767207359241
300025	carcass	-0.007030461081494423
300025	mussel	-0.007032228485127045
300025	act	-0.00705655448799846
300025	bass	-0.007059720613563747
300025	uniqu	-0.007068780756342453
300025	reckless	-0.007106021682854237
300025	corral	-0.007109597245814593
300025	across	-0.0071140177463036285
300025	tunisia	-0.007128212916077939
300025	prawn	-0.007131565098232959
300025	squid	-0.007145713331920377
300025	nettl	-0.0071499239335663526
300025	half	-0.007163980115239997
300025	flipper	-0.007178322446894711
300025	singl	-0.0071856754571296665
300025	seabass	-0.007187844649423293
300025	hatcheri	-0.007191326108506634
300025	cabo	-0.007213047884198713
300025	ventura	-0.007219104652610767
300025	seneg	-0.007232772364917321
300025	encircl	-0.007295032663607986
300025	korea	-0.0072988149673643005
300025	spinner	-0.007332927941362489
300025	sri	-0.007355240102448768
300025	seabird	-0.007355300473525946
300025	indu	-0.007356160924304359
300025	earth	-0.007362376442950539
300025	juneau	-0.007377794631677208
300025	harbour	-0.0073860292218445025
300025	ensur	-0.007400405220310239
300025	easili	-0.007415469657199599
300025	find	-0.007460363457251003
300025	thrown	-0.0074724264539268144
300025	mcsorlei	-0.007487578531871213
300025	friedman	-0.007489555377795551
300025	vicent	-0.007489918547314558
300025	mark	-0.007490960000704438
300025	dentit	-0.0074910140484516115
300025	loudest	-0.007510020703885113
300025	marlin	-0.007524511264535998
300025	8580	-0.007524621229599486
300025	bloom	-0.007559981952790654
300025	415	-0.007562838510897172
300025	0278	-0.007577779180739736
300025	entir	-0.0075887552677913785
300025	brink	-0.00760706367905384
300025	signific	-0.007609496937990494
300025	global	-0.007620002798112639
300025	round	-0.007628058191421571
300025	azor	-0.0076450087119517285
300025	lanka	-0.007659308768959543
300025	irrespons	-0.007662306306088186
300025	trawl	-0.007687809005749466
300025	believ	-0.00770280347217559
300025	approxim	-0.007705213605745191
300025	restor	-0.00770598543272044
300025	tippet	-0.007755979069163317
300025	larger	-0.007788799792302418
300025	pinnip	-0.007803676631626431
300025	mention	-0.007807153922195605
300025	seab	-0.007815311525669071
300025	parasit	-0.007819211804963694
300025	omura	-0.007822191016938053
300025	wavemak	-0.007840831911747177
300025	frog	-0.007869802836680631
300025	stalk	-0.007880723519489265
300025	fullscreen	-0.007882546867587359
300025	gape	-0.007908684361033255
300025	mallei	-0.007931195102728108
300025	7652	-0.007960020553677907
300025	lost	-0.00796999592665391
300025	chemic	-0.007975171174588498
300025	certifi	-0.007980279397067129
300025	best	-0.007997746150459983
300025	islamorada	-0.008013426643984347
300025	ceduna	-0.008019861299303781
300025	chaparr	-0.008020868648474793
300025	year	-0.00804636236458969
300025	exampl	-0.008055218393886319
300025	central	-0.008065307396766863
300025	game	-0.008079897670578224
300025	northward	-0.008086931475362494
300025	409	-0.008094869175019125
300025	garbag	-0.008099564526699733
300025	pelag	-0.008100334916998908
300025	minimum	-0.00810871583640623
300025	overfish	-0.008136128795216671
300025	unintention	-0.008159015157356305
300025	60lb	-0.008171281081601589
300025	mean	-0.008173414303778824
300025	approv	-0.008188278087825226
300025	femal	-0.008188433483080194
300025	label	-0.008194322661956056
300025	whaler	-0.008201677502421565
300025	weir	-0.008213884306729582
300025	key	-0.008214881909720608
300025	morro	-0.008243440565657689
300025	sever	-0.008308745303255049
300025	spread	-0.008319606249019165
300025	negombo	-0.008332569675258748
300025	blubber	-0.00834402649560992
300025	songkhla	-0.008367300087488748
300025	captiv	-0.008384619700869617
300025	socal	-0.008394741352591679
300025	acha	-0.00839702678173836
300025	saw	-0.008400311192906023
300025	editor	-0.008435819855466223
300025	amberjack	-0.00843981062724832
300025	600	-0.008456095242358371
300025	2020	-0.008477103613474854
300025	mass	-0.008491258638825761
300025	eskimo	-0.008513843981396553
300025	gyre	-0.008523559285332289
300025	option	-0.00855554977337994
300025	microplast	-0.008566218611792884
300025	2021	-0.008575048815186207
300025	trail	-0.008591240282799466
300025	36	-0.008630126031225788
300025	icr	-0.008644793600433421
300025	work	-0.008655393272965018
300025	400	-0.008662693314840394
300025	respons	-0.008751921088215382
300025	tirn	-0.008782475092358568
300025	smit	-0.008799240411339537
300025	treeless	-0.008804974288784101
300025	8	-0.008812134124238544
300025	month	-0.008837083585985202
300025	2001	-0.008845401981155887
300025	org	-0.00886019301844059
300025	ordeal	-0.008879749426271224
300025	bryde	-0.00888576568626381
300025	biggest	-0.008895957859222293
300025	compani	-0.008905018426575756
300025	finback	-0.008961148792629018
300025	spent	-0.008961712088498802
300025	provinc	-0.008970994470312904
300025	trammel	-0.008979589881251943
300025	skipjack	-0.00900573464217795
300025	port	-0.009020269502853456
300025	6	-0.009028916268207947
300025	attack	-0.0090325301370652
300025	1985	-0.009033650999962494
300025	vaquita	-0.009034663080001318
300025	tooth	-0.009046762568300856
300025	copepod	-0.009064156929873085
300025	scientif	-0.009107337493645062
300025	windblown	-0.009140588411183096
300025	hundr	-0.00914251447193521
300025	inwood	-0.009180023565135155
300025	due	-0.00918075942770203
300025	56	-0.009207568241001166
300025	biologicaldivers	-0.009252632104017312
300025	km	-0.009254221703325195
300025	wdc	-0.00932691447464811
300025	ectoparasit	-0.009352097058458662
300025	1996	-0.009368428490128478
300025	dy	-0.009390064476044162
300025	raker	-0.009395697384141198
300025	cottriel	-0.009404822224807192
300025	lead	-0.009414611485310885
300025	mesh	-0.009419690630771324
300025	paddlefish	-0.009437927808555586
300025	swallow	-0.009449101411598345
300025	strike	-0.009460397613944847
300025	broadcast	-0.009473747293762791
300025	handlin	-0.009478931296005383
300025	seaspiraci	-0.00948044673215093
300025	passeng	-0.009503686094794331
300025	troller	-0.009511869949748888
300025	240lb	-0.00951271492130181
300025	current	-0.009563369570735307
300025	vulner	-0.00957063008859716
300025	virgatum	-0.009573545933815488
300025	toxic	-0.009585843099269171
300025	surfac	-0.009706489681331398
300025	dozen	-0.009751000570320032
300025	lucki	-0.009760610249905408
300025	amount	-0.009778622402510456
300025	australia	-0.009778757795273606
300025	barbatu	-0.009791097195987261
300025	harpoon	-0.009847768952945726
300025	diego	-0.009851125281635943
300025	float	-0.009865775279684037
300025	130	-0.009868274100889704
300025	1970	-0.009870469572850794
300025	2019	-0.009875535400187353
300025	worldwid	-0.009895828676535597
300025	predat	-0.009908615706764577
300025	fatigu	-0.009915879213523916
300025	big	-0.009936424111218884
300025	63	-0.009962602693572036
300025	come	-0.009964903981862495
300025	great	-0.010043047418045568
300025	krill	-0.010058562219061025
300025	kyodo	-0.010109411696619814
300025	margr	-0.01016691354465609
300025	nial	-0.010190950646512644
300025	watch	-0.010229415585665499
300025	food	-0.010254890176103097
300025	volunt	-0.010358732732369225
300025	awai	-0.010363579797024163
300025	lung	-0.010385155243044135
300025	wide	-0.010432611111663964
300025	tsteiner	-0.010462152208767063
300025	ckilduff	-0.010462152208767063
300025	benticknap	-0.010462152208767063
300025	friscia	-0.010523788061329274
300025	propel	-0.010567455240736648
300025	90	-0.010570513064226737
300025	struck	-0.0105812332490411
300025	88	-0.010606829409091535
300025	mortal	-0.010608012780749883
300025	season	-0.01068563875225463
300025	9	-0.010689849583984713
300025	cb	-0.01069258855920738
300025	wildlif	-0.010731634679505067
300025	beach	-0.010763902296808493
300025	californiamammabear	-0.010819432867416398
300025	oil	-0.010843758818930595
300025	leger	-0.010874334235137144
300025	shrimp	-0.010888666392797116
300025	footag	-0.010899537825675772
300025	eastern	-0.01091527793184047
300025	1	-0.010969859747416629
300025	break	-0.010979642135261269
300025	abil	-0.01101522069117806
300025	inupiaq	-0.011043172915543622
300025	80	-0.011047695797622692
300025	list	-0.01112030193215409
300025	assess	-0.011186509670235868
300025	1940	-0.011201403815072251
300025	60	-0.011238654949533815
300025	fad	-0.011256459119370586
300025	deliber	-0.011256475998840089
300025	yocom	-0.011278616978876327
300025	unit	-0.011292287401614096
300025	like	-0.011307571516230658
300025	distanc	-0.011334074990407386
300025	spill	-0.011352159080765487
300025	research	-0.011354373003572869
300025	conduct	-0.011364268012219826
300025	extinct	-0.011381532585199779
300025	seaturtl	-0.011415256604629513
300025	cast	-0.01142129982900235
300025	percent	-0.011433283108543553
300025	7	-0.011532402448223336
300025	litter	-0.011548767999200519
300025	onc	-0.011573812975355178
300025	stock	-0.011604078376740365
300025	cobia	-0.011656827394757874
300025	aerial	-0.011668272323057834
300025	200	-0.011694803396499089
300025	new	-0.011710654991119234
300025	incident	-0.011726815860485957
300025	activist	-0.01174907717166651
300025	weren	-0.011763910013878321
300025	nova	-0.011801997625689977
300025	wild	-0.011817816904281301
300025	75	-0.0118995925215077
300025	tonn	-0.011960175255060343
300025	1936	-0.011976490977684358
300025	1935	-0.012007525131822678
300025	commonli	-0.012043088493327421
300025	atlant	-0.012044714031379638
300025	coronula	-0.012065341330369227
300025	barnacl	-0.012143300139562446
300025	shame	-0.012176221386214534
300025	length	-0.012220743046136746
300025	injur	-0.012237616627310875
300025	xenobalanu	-0.012238258306432487
300025	book	-0.01224200098077916
300025	male	-0.01226228505493071
300025	canada	-0.01232508037276601
300025	annual	-0.012379481492219083
300025	driftnet	-0.012385347946929174
300025	fisher	-0.012406766370326287
300025	foot	-0.012411922532033083
300025	small	-0.012419891179587928
300025	thick	-0.012433596747584649
300025	conchoderma	-0.012465134779810786
300025	greatest	-0.01248340512363264
300025	20	-0.012495359055953108
300025	purs	-0.01261138645925369
300025	senpaku	-0.012639177774590605
300025	plastic	-0.012776435027158257
300025	natur	-0.012778778406152214
300025	globicip	-0.012795759192116823
300025	first	-0.012821774226740476
300025	milburi	-0.012867760722252933
300025	scotia	-0.013069615765398314
300025	pennella	-0.013102899225982264
300025	trip	-0.013135665262963406
300025	halibut	-0.01323283809538847
300025	method	-0.013252175430748856
300025	giant	-0.013355955426481023
300025	us	-0.013382943792666102
300025	ador	-0.013408236436686441
300025	tektit	-0.013408600548930233
300025	namilani	-0.013420745902731093
300025	erignatu	-0.013420745902731093
300025	inch	-0.013486173330059378
300025	releas	-0.01358225397389713
300025	right	-0.013673501511847585
300025	hunt	-0.013750720610160786
300025	bubbl	-0.013783478232908975
300025	africa	-0.013910751236327606
300025	migratori	-0.013918784249879457
300025	496	-0.013926477107255105
300025	snare	-0.013942697800779204
300025	mexico	-0.01398412314752849
300025	steam	-0.014092592601365231
300025	union	-0.014200534131557573
300025	came	-0.014426454740533001
300025	afternoon	-0.014488797685536365
300025	end	-0.014524642267852158
300025	think	-0.014573799331022033
300025	10	-0.01457870181846656
300025	orca	-0.014590408000558937
300025	avila	-0.014596606023012302
300025	1979	-0.014940179333969157
300025	outfitt	-0.01504311456689849
300025	serious	-0.015072653795747524
300025	shore	-0.015093658845702535
300025	illeg	-0.0151554818667589
300025	dive	-0.015170951269215404
300025	overnight	-0.015242049459083914
300025	davei	-0.01545147054802483
300025	25	-0.015545533340689982
300025	whitlei	-0.015548543722231632
300025	tour	-0.015561808922085696
300025	sport	-0.015663213735201357
300025	summer	-0.015764809425128146
300025	japan	-0.01578097590938069
300025	pollut	-0.015853129856942316
300025	winter	-0.01590194594821921
300025	bait	-0.015999646238260314
300025	35	-0.01611084295339312
300025	tackl	-0.01613569937697397
300025	near	-0.0161410136796775
300025	sight	-0.0163209753717129
300025	seen	-0.01650637111048455
300025	result	-0.016576911570344712
300025	nearshor	-0.016588810692126713
300025	live	-0.01663593234104219
300025	harvest	-0.016715028437116926
300025	long	-0.016732293864993752
300025	4	-0.016746881158097325
300025	fall	-0.01680359300644398
300025	weigh	-0.017181923856493028
300025	popul	-0.017190529825107388
300025	650	-0.017207037056679197
300025	reel	-0.017210256290499024
300025	epibiot	-0.017627246141607763
300025	size	-0.01773937580858331
300025	offshor	-0.01778776021509809
300025	unknown	-0.017979392752069053
300025	spokesman	-0.01814774694577011
300025	north	-0.01815364601954934
300025	1934	-0.018412921935671955
300025	verd	-0.018491691482649647
300025	island	-0.01863113772022194
300025	south	-0.018637695556003725
300025	aquarium	-0.018690532835100103
300025	cruis	-0.018698408982351974
300025	octopu	-0.018809158534483096
300025	pot	-0.01881532508809248
300025	ship	-0.01883614526184665
300025	palo	-0.01886475178942882
300025	cove	-0.019024282530529842
300025	rancho	-0.01903119134997953
300025	commerci	-0.019049493772695953
300025	past	-0.019058369211386438
300025	process	-0.019153361303885195
300025	taken	-0.019157720362008333
300025	individu	-0.019363911495204257
300025	migrat	-0.019901610273408993
300025	malibu	-0.020338873987973908
300025	albacor	-0.02051632623712359
300025	sein	-0.020535412649469325
300025	group	-0.020631182907141016
300025	land	-0.020763644118507403
300025	hook	-0.020930790231746505
300025	mouth	-0.02126020362728208
300025	100	-0.021408746734589906
300025	area	-0.021537941231401212
300025	2	-0.021848146833939628
300025	white	-0.02195442347896131
300025	harm	-0.022044195729632007
300025	mai	-0.022249062166922434
300025	15	-0.022318471153252858
300025	left	-0.023614351606769255
300025	indiscrimin	-0.02368121900140423
300025	ton	-0.023742404237453323
300025	humpback	-0.02381422001244601
300025	schooner	-0.024126278735129448
300025	ocean	-0.024636125347976528
300025	boat	-0.024892008103502568
300025	onli	-0.025307350833422646
300025	salmon	-0.02599295956630719
300025	discard	-0.026384844564544593
300025	sei	-0.026406552906793314
300025	protect	-0.026455210301590124
300025	accident	-0.026537293345801686
300025	caus	-0.02666484757924154
300025	seal	-0.026890468915906927
300025	fishermen	-0.02692768112090376
300025	intern	-0.026959811625169194
300025	vessel	-0.02798335703937531
300025	billfish	-0.028459173588115106
300025	paradis	-0.029540251285960533
300025	turtl	-0.02979847140952222
300025	conserv	-0.03046508519585394
300025	record	-0.031624038205568576
300025	captur	-0.03231973164871718
300025	yellowfin	-0.032346354260043425
300025	cetacean	-0.03270314918594728
300025	bai	-0.033926295802067914
300025	000	-0.03425398657084082
300025	mink	-0.03458583633193518
300025	dolphin	-0.03547670223502315
300025	bluefin	-0.03584174442694942
300025	feed	-0.03674811436963779
300025	monterei	-0.03680283477376589
300025	gill	-0.037469548530699656
300025	angler	-0.03853190162684604
300025	300	-0.0392792212481545
300025	be	-0.039691811540031575
300025	buoi	-0.040145163002650766
300025	gulf	-0.042925508334514896
300025	dume	-0.043188883014409304
300025	estim	-0.04337465665457425
300025	net	-0.04516721849007551
300025	igfa	-0.04518534405824676
300025	tuna	-0.04539094756186124
300025	mile	-0.04606715483004525
300025	fin	-0.04763298588355177
300025	world	-0.048064846538322506
300025	fish	-0.048552655910734106
300025	pound	-0.053309861771130236
300025	largest	-0.05569219292709837
300025	threat	-0.057097222265971935
300025	baleen	-0.06254980877023669
300025	bycatch	-0.07683968339657919
300025	catch	-0.08917958160052915
300025	porpois	-0.08960659020950354
300025	speci	-0.10695809827953492
300025	shark	-0.12420845382893854
300025	caught	-0.23541438513715765
