1129237	hydrogen	0.3439373808306354
1129237	liquid	0.29569033728106364
1129237	ga	0.21593885029040327
1129237	temperatur	0.2031230551071036
1129237	degre	0.1926825043418141
1129237	423	0.1918936843176827
1129237	434	0.1875981687004628
1129237	252	0.17125397128235598
1129237	ash	0.17081432181516212
1129237	celciu	0.12783884162748965
1129237	kelvin	0.11901696721872959
1129237	water	0.11258154896540867
1129237	252oc	0.11034132618763554
1129237	liquef	0.11034132618763554
1129237	87	0.10647782463517524
1129237	fahrenheit	0.10305922705006196
1129237	zero	0.09679155529174222
1129237	absolut	0.0956770902247741
1129237	fusion	0.09145331857449455
1129237	rocket	0.09134207327202921
1129237	cool	0.0881797427510365
1129237	boil	0.08414331155023792
1129237	mole	0.08299635396911886
1129237	colorless	0.08251254648336377
1129237	solidifi	0.08085311955796587
1129237	oxygen	0.07963504228738692
1129237	nitrogen	0.0747038679361447
1129237	28	0.07321757355803124
1129237	reaction	0.0726717091201512
1129237	stp	0.07233543692407889
1129237	burn	0.07067036051074861
1129237	answer	0.070566711868735
1129237	fly	0.06983015493010616
1129237	solid	0.06555011711332648
1129237	neg	0.06495586666346416
1129237	431	0.06493586488194793
1129237	electro	0.06366666944799113
1129237	coal	0.0635728144871579
1129237	kj	0.06275916062920274
1129237	sulfat	0.062376103022380745
1129237	pressur	0.0612663512990767
1129237	concret	0.06115390110374109
1129237	ammonium	0.06073829240712079
1129237	exist	0.060504805368340506
1129237	star	0.059105289402899594
1129237	eleven	0.058808834613789336
1129237	densiti	0.05866801738689771
1129237	fuel	0.0582075829420913
1129237	tasteless	0.057728880682175014
1129237	molecular	0.05653538499371668
1129237	form	0.056339538970907044
1129237	400kpa	0.05607831134825053
1129237	flame	0.05584231960219353
1129237	259	0.05566274925704756
1129237	extrem	0.05550778915511649
1129237	high	0.05549400823783318
1129237	insolubl	0.05480387585627021
1129237	183	0.05477714516285523
1129237	gram	0.05394099214184459
1129237	20	0.053581760802846816
1129237	found	0.0534112447299535
1129237	cooler	0.05317173365554081
1129237	low	0.04943393890430788
1129237	astm	0.04898244063697188
1129237	liter	0.04894997819857374
1129237	state	0.04786747095442168
1129237	hydrofluor	0.04676003859483158
1129237	17	0.04666315296624245
1129237	0	0.04595276179826867
1129237	h2	0.045834043153264295
1129237	h2o	0.04436242617151161
1129237	37	0.044346638689648506
1129237	anhydr	0.04403047042489524
1129237	air	0.043357452697061684
1129237	cavendish	0.04260740963579247
1129237	weegi	0.042514096047497466
1129237	solubl	0.04126984698881596
1129237	acid	0.04101383583450888
1129237	condens	0.04090278465236763
1129237	cement	0.040869752483934166
1129237	1766	0.040651351154366105
1129237	1	0.0402851365682294
1129237	store	0.04025775652919009
1129237	c595	0.03994565266499446
1129237	highli	0.039301441658806724
1129237	inflamm	0.038298643432209775
1129237	explod	0.038114101120416355
1129237	brianaxenchuk	0.037768862309453366
1129237	6	0.037744303316675276
1129237	1781	0.03764706424404227
1129237	can	0.037405153531026254
1129237	petrographi	0.03738383681576506
1129237	made	0.036820386615468416
1129237	oxid	0.036276103609272706
1129237	ammonia	0.03541753390784817
1129237	newest	0.034976108927017684
1129237	1gram	0.0346759150344649
1129237	matter	0.03420049550050615
1129237	proport	0.03383785182703933
1129237	100	0.03382346236954244
1129237	equal	0.03341215222576825
1129237	compound	0.03337798558949421
1129237	pozzolan	0.03289563706481537
1129237	rangeland	0.03282932371457319
1129237	odorless	0.032659184810023244
1129237	14	0.03261451743887581
1129237	onli	0.03255695279355016
1129237	combin	0.03189496683746288
1129237	4k	0.0317652217348932
1129237	exceed	0.03172828791916299
1129237	219	0.0315939168605768
1129237	oldest	0.03152802687749611
1129237	like	0.031086931473562247
1129237	critic	0.030905426378440782
1129237	steam	0.03077891289972323
1129237	standard	0.03049625742204743
1129237	portland	0.030380447910458214
1129237	materi	0.030298236122015765
1129237	235	0.03025873088629723
1129237	studysoup	0.030216745190521886
1129237	svm	0.03004475434283808
1129237	10	0.03003549491107955
1129237	thermo	0.0296421517879952
1129237	power	0.02943602677447248
1129237	start	0.029431127945984518
1129237	space	0.0293863129844819
1129237	bomb	0.029294817605775323
1129237	fluorid	0.029148047908441492
1129237	melt	0.029124904240331744
1129237	strength	0.02849078444493934
1129237	take	0.028305218450944587
1129237	mold	0.027430489818969502
1129237	undergo	0.02738012414385097
1129237	chemistri	0.02736138188099366
1129237	sun	0.027346730171083255
1129237	321	0.027097373063903987
1129237	xplore	0.026961214731064057
1129237	nearest	0.02689408397427917
1129237	will	0.026701219986318688
1129237	produc	0.02668789840009927
1129237	nuclear	0.02621351054427506
1129237	henri	0.026167900262699068
1129237	danger	0.02603115270311612
1129237	engin	0.02598429367392992
1129237	mmonia	0.025709373356130095
1129237	percent	0.025530110486103333
1129237	hydrazin	0.02541728848493316
1129237	mai	0.025233554916733552
1129237	45	0.025214015352363662
1129237	contain	0.02497654334116185
1129237	en	0.024973880850300226
1129237	459	0.02494302603003399
1129237	oc	0.024795376139543007
1129237	concretefli	0.024741485064092017
1129237	sturrup	0.024741485064092017
1129237	20loss	0.024741485064092017
1129237	02	0.024539619010714202
1129237	style	0.024463267119845672
1129237	time	0.02445051199708828
1129237	constant	0.02439727549653042
1129237	hindenburg	0.02437198899593943
1129237	78	0.02433454442486222
1129237	organ	0.02427215175071598
1129237	197	0.024239505746794364
1129237	slightli	0.024150771634303646
1129237	huge	0.0240118832233432
1129237	0695	0.023940024290951326
1129237	formal	0.0239150739500631
1129237	110	0.023904430227283623
1129237	ball	0.023886764697057496
1129237	amount	0.02387822329383277
1129237	notetak	0.023772046043900912
1129237	contin	0.023755341595056136
1129237	wide	0.023738257486840483
1129237	minu	0.023622777008491965
1129237	67	0.02350637476742863
1129237	c618	0.02339679091886642
1129237	behavior	0.022935047393658932
1129237	viscos	0.022896964494560874
1129237	content	0.022851048848144654
1129237	2	0.0228320746657732
1129237	lighter	0.022824454771456792
1129237	achiev	0.022468878518647952
1129237	boiler	0.022468688785294497
1129237	frequent	0.02245107148130815
1129237	reduc	0.02233340797047665
1129237	wai	0.022207055406334848
1129237	5	0.022175746696372723
1129237	422	0.02216153785433335
1129237	recogn	0.022147384030103086
1129237	confid	0.022126252801190488
1129237	ieee	0.022008702112283052
1129237	user	0.02181363724171843
1129237	nasa	0.02180109961955129
1129237	themateri	0.021653216823259776
1129237	condit	0.02161101708296996
1129237	rate	0.02152027345265752
1129237	notat	0.021440627367975373
1129237	comparison	0.021391847407587112
1129237	furnac	0.021145549755749234
1129237	best	0.02107846306716038
1129237	handl	0.021001735022692796
1129237	sulfur	0.020913823554487135
1129237	3	0.020851487678825418
1129237	bond	0.020788556478975487
1129237	1571	0.020762798884950022
1129237	pyramid	0.02072191714907304
1129237	normal	0.020708278367855916
1129237	cone	0.020519629220292837
1129237	mass	0.020321377569830372
1129237	natur	0.020311577878096537
1129237	vaporis	0.020084768270515918
1129237	soften	0.020070374343445573
1129237	shelli	0.020014029272615256
1129237	weigh	0.01995469024608437
1129237	ignit	0.019933718926106205
1129237	krypton	0.01983769201246141
1129237	distil	0.019818929570884235
1129237	point	0.019692286632064106
1129237	need	0.019569188690012965
1129237	planet	0.019327778937821366
1129237	relationship	0.019251062523071523
1129237	emploi	0.019204936505303114
1129237	big	0.01912329419978855
1129237	maintain	0.019070773226506944
1129237	23	0.01906793802102794
1129237	lpg	0.018980112188791472
1129237	determin	0.018938435851242708
1129237	vote	0.018843598240782748
1129237	liquefi	0.01880515084861473
1129237	rais	0.01879921161389707
1129237	29	0.01864355103874268
1129237	balloon	0.018374693953619646
1129237	heard	0.018287224729585716
1129237	lowest	0.01823646898775955
1129237	directli	0.01818076390752844
1129237	426	0.01803912940963373
1129237	071	0.01798972564607266
1129237	grass	0.017902918720035375
1129237	taken	0.017901008044099637
1129237	peopl	0.017888944678296874
1129237	down	0.017876540365483605
1129237	common	0.01784311016598681
1129237	blend	0.017817725856243524
1129237	vector	0.01778574757839958
1129237	dilut	0.01774019887504666
1129237	20yr	0.017675293623042543
1129237	prepar	0.017285008125395226
1129237	lightest	0.017263699001445976
1129237	fume	0.017191247790787664
1129237	raw	0.01714907011323982
1129237	solut	0.017097060543672035
1129237	125	0.017085723969019407
1129237	substandard	0.016978575301167986
1129237	ffect	0.01673727936720756
1129237	2o	0.01671361472645664
1129237	test	0.016668709023233683
1129237	awai	0.016624974058102353
1129237	vapor	0.016540817845486992
1129237	77	0.016532773247574902
1129237	full	0.016483501759031922
1129237	ultim	0.01647095141517942
1129237	hot	0.01636936995971991
1129237	indic	0.016355641713749633
1129237	fulli	0.01634355258153829
1129237	us	0.016335608068967316
1129237	sourc	0.016264371094392084
1129237	lower	0.016154277744767572
1129237	addit	0.01607592676981564
1129237	metal	0.016059842389428772
1129237	11	0.016032853366414117
1129237	basic	0.016021311475284645
1129237	scientif	0.015998416124498187
1129237	favorit	0.015982743424840986
1129237	reduct	0.015936493782754562
1129237	atom	0.01589170566334738
1129237	ideal	0.015818049074340146
1129237	monitor	0.015805234834170484
1129237	33	0.015786228994650493
1129237	energet	0.01571855462069022
1129237	econom	0.015491693810484609
1129237	resist	0.01545890139517169
1129237	sampl	0.015317504422383893
1129237	model	0.015278299923162894
1129237	base	0.015226302811194747
1129237	depend	0.01520239909930952
1129237	thumb	0.01513230859839068
1129237	input	0.015060192135700003
1129237	remov	0.015050921830390735
1129237	workabl	0.015008186182193137
1129237	construct	0.01490757063308619
1129237	relev	0.014899819006517663
1129237	allow	0.014844029213843
1129237	indistinguish	0.014725725937746185
1129237	valu	0.01453481636721274
1129237	occur	0.014469466870076558
1129237	loi	0.01440383962514575
1129237	hf	0.014379919891085705
1129237	slump	0.014355928958715774
1129237	call	0.01435389086994609
1129237	yd	0.014349848141722972
1129237	petroleum	0.01422510033462751
1129237	8	0.014109673885073285
1129237	cold	0.01400224290270881
1129237	growth	0.013995978568326494
1129237	million	0.013990440753890221
1129237	login	0.013951752953185249
1129237	except	0.013875781852889832
1129237	present	0.013772504512293077
1129237	300	0.013704369953542107
1129237	elev	0.0136745204526946
1129237	fat	0.013516716574288679
1129237	atm	0.013335366545549112
1129237	suitabl	0.01328722300772081
1129237	35	0.013275063748757697
1129237	200	0.013162692294928174
1129237	ey	0.013142119772330768
1129237	gallon	0.01307968018587479
1129237	understand	0.013048574316692813
1129237	exampl	0.013040848234837518
1129237	kg	0.01298299155830652
1129237	flashpoint	0.012960515798587875
1129237	aqua	0.012952988840541791
1129237	machin	0.012950716151898809
1129237	show	0.012793626730991414
1129237	crust	0.012699688837315733
1129237	solvent	0.012681856642484763
1129237	transport	0.012637911022694312
1129237	ye	0.01263351489024458
1129237	properti	0.012586292147679153
1129237	fire	0.012439513510836372
1129237	optimum	0.012251274496988766
1129237	40	0.012185305307784163
1129237	fill	0.012168225096897889
1129237	product	0.012139033579316592
1129237	make	0.011989057053278124
1129237	combust	0.011972343454153312
1129237	essenti	0.011952386214627119
1129237	000	0.011948036560320759
1129237	just	0.011939732301465507
1129237	270	0.011922017305405392
1129237	difficult	0.011707073646959582
1129237	44	0.011628738708639555
1129237	domin	0.011594113624661059
1129237	57	0.011576450530546137
1129237	crystallin	0.011480559339498715
1129237	49	0.011385156762955486
1129237	ago	0.0113759664060305
1129237	adher	0.011359192403658467
1129237	room	0.011303814432803266
1129237	inert	0.011302196623982427
1129237	silver	0.011282714176759903
1129237	earli	0.011262700135765647
1129237	99	0.01123434340464095
1129237	gaseou	0.01122807982810331
1129237	propel	0.011203499291011209
1129237	fluorin	0.011144308277137477
1129237	com	0.011063009940917076
1129237	1983	0.011053167790642426
1129237	role	0.010785220835927785
1129237	kei	0.010722851174376258
1129237	view	0.010712174004867563
1129237	giant	0.010597594344924462
1129237	won	0.010562917178976918
1129237	catalyst	0.010483385536093901
1129237	31	0.010380314489276314
1129237	9	0.010372016158279164
1129237	tend	0.010273460000918694
1129237	intent	0.010271980806696487
1129237	prefer	0.010147710947345727
1129237	household	0.010126797648441412
1129237	7	0.01010465692141341
1129237	curv	0.010067266441771179
1129237	support	0.010025443271185862
1129237	rel	0.010009459174574893
1129237	behav	0.00997419607063817
1129237	largest	0.00990644208837099
1129237	significantli	0.009793183726013182
1129237	defin	0.009735067489139233
1129237	compress	0.00973319969262882
1129237	plain	0.009699770013216792
1129237	2017	0.00956940969218159
1129237	specif	0.009538644404730345
1129237	oz	0.009432931489102245
1129237	world	0.00939631769018161
1129237	68	0.009360291020831715
1129237	plai	0.009357680540445104
1129237	automobil	0.009274520225268465
1129237	lb	0.009228367150521019
1129237	level	0.009228072469625127
1129237	new	0.009212969326654824
1129237	smaller	0.009153282389760943
1129237	life	0.009115877315862915
1129237	hcn	0.009114517284903341
1129237	4	0.009077774516704037
1129237	intend	0.00906087804247404
1129237	failur	0.00900647723325604
1129237	specifi	0.008986175712082316
1129237	adapt	0.008982654234619743
1129237	100oc	0.00898014988665475
1129237	oil	0.008951135655992187
1129237	absenc	0.008920578216005845
1129237	ask	0.008910051277757548
1129237	neon	0.00889097642481067
1129237	percentag	0.00884213583287301
1129237	pure	0.008841986845824799
1129237	demand	0.008804142874213236
1129237	thin	0.00877942109383221
1129237	partial	0.008717233588374725
1129237	retain	0.008678240369721995
1129237	student	0.008622958799685235
1129237	212	0.008588303904527451
1129237	hydroxid	0.008559857831295892
1129237	here	0.008545559698022743
1129237	asmethanol	0.008521342707251212
1129237	import	0.0084919417019934
1129237	prevent	0.008462905264704022
1129237	tenth	0.008444273091129096
1129237	nitrat	0.008369206203602689
1129237	56	0.008351101562070161
1129237	refil	0.008345322963720182
1129237	think	0.008267457337686378
1129237	irrit	0.008264717060359972
1129237	greatest	0.00817899514118984
1129237	acetylen	0.00816974972325268
1129237	sign	0.008067606495504882
1129237	gener	0.008023647824580888
1129237	estim	0.008003518989383299
1129237	2h2	0.00797763895320047
1129237	compar	0.007953247320511466
1129237	19	0.007901811618109324
1129237	inject	0.007879645604240893
1129237	part	0.007831236411099693
1129237	2h2o	0.00779583437381078
1129237	satur	0.007765528066751947
1129237	semi	0.007754544392574325
1129237	be	0.007696761100509616
1129237	025	0.00769161281695383
1129237	experi	0.0076278067557481975
1129237	electrolysi	0.007620507209693067
1129237	butan	0.007589976702752702
1129237	begin	0.007588304959550372
1129237	definit	0.007583887359081907
1129237	electroneg	0.00757359511255964
1129237	deg	0.007562642128635902
1129237	alkalin	0.007549340420945655
1129237	48	0.007478635795844378
1129237	manufactur	0.007475765505443257
1129237	fourteenth	0.007427642564582687
1129237	figur	0.007426498784170251
1129237	follow	0.007422337043350335
1129237	purpos	0.0073764429706634
1129237	prussic	0.007368744659077862
1129237	project	0.0073615365188934405
1129237	section	0.00724836579304443
1129237	design	0.007152336368909969
1129237	molecul	0.007123234848662243
1129237	nacl	0.00711527658771682
1129237	184	0.007094185926112553
1129237	familiar	0.007063480315017381
1129237	superconductor	0.006850012295482924
1129237	littl	0.006737310805811442
1129237	limit	0.006734599046370949
1129237	smell	0.0067323690216368574
1129237	due	0.006699568241476029
1129237	appli	0.006603202037206542
1129237	kept	0.006427979824732847
1129237	50	0.006359650468841088
1129237	longer	0.0063117078901624235
1129237	domest	0.006280036153531134
1129237	hotter	0.006279779022803077
1129237	expand	0.00627395999398963
1129237	replac	0.006270260502907329
1129237	exce	0.006264334185820691
1129237	fertil	0.006251570917025776
1129237	mainli	0.006227328810473192
1129237	capac	0.006154170775572769
1129237	reach	0.006130392293942943
1129237	close	0.00612394134932145
1129237	miner	0.00602749041352939
1129237	refer	0.0059381520728146
1129237	116	0.0059316015322726755
1129237	2750	0.005925226553386792
1129237	12	0.005907524573143502
1129237	year	0.005901885360812232
1129237	treatment	0.005895489798852003
1129237	o2	0.005848828728355281
1129237	identifi	0.00578686976820163
1129237	18	0.0057773599534264595
1129237	rang	0.005729717639037783
1129237	alcohol	0.005703301164469624
1129237	60	0.005698203239844939
1129237	rock	0.005635989589397182
1129237	na	0.0056115226622902095
1129237	88	0.0056070577614636356
1129237	agent	0.0055721834297334325
1129237	uniqu	0.005539158675628531
1129237	visual	0.005532759093280299
1129237	nh	0.005439692349790511
1129237	easiest	0.005439316532552997
1129237	corros	0.005425811657257575
1129237	chlorin	0.005411179342793232
1129237	blue	0.005388236134599349
1129237	necessarili	0.0053034242227563136
1129237	appear	0.005282512636863519
1129237	535	0.005266439063532016
1129237	graviti	0.005243017453957756
1129237	dai	0.005228060443352909
1129237	clean	0.005227593597976179
1129237	activ	0.0052216846599978176
1129237	500	0.005173692207299483
1129237	lab	0.0051367029764639695
1129237	71	0.005047334970396592
1129237	altitud	0.0050155688366063985
1129237	applic	0.005004414492102113
1129237	pollut	0.0049799311266929365
1129237	commonli	0.004963344624658689
1129237	special	0.00494776818560252
1129237	90	0.004943667917404631
1129237	remain	0.004935787820001626
1129237	protein	0.004922771966909414
1129237	contract	0.004921584583550461
1129237	composit	0.004813618880055634
1129237	sodium	0.004757728945472412
1129237	classifi	0.004736694477972271
1129237	highlight	0.00471736422627471
1129237	known	0.004697010287191242
1129237	1970	0.004678671471869128
1129237	64	0.004614559625365856
1129237	energi	0.004520262331198784
1129237	sequenc	0.004484739989494701
1129237	larg	0.004480160375367336
1129237	name	0.004451541459761341
1129237	supplier	0.004442660684791177
1129237	transfer	0.004394527622492968
1129237	rememb	0.004318996034761155
1129237	peanut	0.004310783643519473
1129237	increas	0.004275252590721236
1129237	format	0.004264399935728828
1129237	obtain	0.004256488578435048
1129237	vacuum	0.0042150645056691464
1129237	coldest	0.004185987145211569
1129237	compon	0.004174322199271461
1129237	routin	0.004096875115770244
1129237	minimum	0.004079569556591377
1129237	quantiti	0.004077050374677705
1129237	chain	0.004051714977212365
1129237	salt	0.004038639315597708
1129237	heat	0.003974652996900803
1129237	continu	0.00393832084393919
1129237	contribut	0.0039036936593166926
1129237	live	0.0038991923347810546
1129237	thought	0.0038938375651991195
1129237	move	0.003857351142397233
1129237	cylind	0.0038353786502845605
1129237	odor	0.003828766127646188
1129237	poison	0.0037477642972874353
1129237	easi	0.0037462519151273423
1129237	class	0.00372953019414174
1129237	scientist	0.00371664059523457
1129237	cm3	0.0036665191511935005
1129237	ly	0.0036036682914415757
1129237	expans	0.003515845539817601
1129237	super	0.0034763807908980353
1129237	element	0.003459235031713646
1129237	usual	0.003450846446029008
1129237	po	0.003423504643214224
1129237	numer	0.0034112260197350164
1129237	m3	0.0033929525021745874
1129237	unusu	0.0033891424914303117
1129237	try	0.003378096618300488
1129237	visibl	0.0033197302118006494
1129237	steel	0.0032770614495442763
1129237	heavier	0.003245394712565605
1129237	actual	0.0032421131338888852
1129237	bodi	0.003216547000461975
1129237	dissolv	0.003213926186522714
1129237	intermo	0.0032109897290322218
1129237	excel	0.0031801511251525233
1129237	still	0.0031797858093184244
1129237	portion	0.003089495498025452
1129237	lecular	0.003085812328994486
1129237	zinc	0.0030787622166886823
1129237	employe	0.003063375708441918
1129237	problem	0.0029966501629772
1129237	evolut	0.0029931991903246443
1129237	train	0.00298643734152219
1129237	spark	0.00297178330716306
1129237	ship	0.002952578967425498
1129237	involv	0.002920525187697948
1129237	dipol	0.0029044177198520303
1129237	home	0.0028948161884187356
1129237	requir	0.0028807077552499448
1129237	see	0.0028456877946567934
1129237	interest	0.002839773754677643
1129237	tank	0.0028344086499027237
1129237	deriv	0.0027590198280688233
1129237	22oc	0.0027430910615834953
1129237	environ	0.0027293717741704495
1129237	ad	0.00268707106526018
1129237	9997	0.00268540741015431
1129237	kit	0.002659802226127448
1129237	strike	0.0026586710314117803
1129237	result	0.002657458460620322
1129237	acur	0.002607659381179675
1129237	risk	0.002579417262711783
1129237	4oc	0.0025751876554909294
1129237	studi	0.002571807099338407
1129237	25	0.0025260911084708437
1129237	equip	0.002504955445664368
1129237	place	0.0024801330807754196
1129237	job	0.0024540782434876117
1129237	pc	0.002445372949850676
1129237	car	0.0024210411596312887
1129237	method	0.0023399208170802673
1129237	todai	0.0023248903431942886
1129237	featur	0.0023169042191145328
1129237	edit	0.0023159763811272964
1129237	person	0.0023151676988378217
1129237	second	0.002306365085378895
1129237	shown	0.002294327514226933
1129237	dispers	0.002280729059786732
1129237	bulk	0.002178824182610243
1129237	quickli	0.002176610324560864
1129237	waal	0.0021620485414154933
1129237	drop	0.002067779293030537
1129237	kinet	0.002062605948190743
1129237	motion	0.002049978474174059
1129237	997	0.002040549286718223
1129237	propan	0.002000879990386599
1129237	oper	0.0019860763652309356
1129237	who	0.0019279311810086039
1129237	comput	0.0018503736597037872
1129237	leav	0.0018404355781310303
1129237	favor	0.001808905598986726
1129237	der	0.0017486407752867602
1129237	999	0.0016950457824402667
1129237	freez	0.001661511132921319
1129237	faster	0.0016375870396569889
1129237	weight	0.0016017285588472748
1129237	averag	0.0014945812736852726
1129237	theori	0.0014603785569748094
1129237	hold	0.0014414440527956028
1129237	97	0.0014216492045521776
1129237	van	0.001396252321483045
1129237	system	0.0013710107634075513
1129237	safe	0.0012814080721961518
1129237	break	0.0012588747549322622
1129237	1000	0.0012500641700475138
1129237	london	0.0012289391002568105
1129237	human	0.0012285574371380767
1129237	presenc	0.0012134395594478504
1129237	interact	0.001162455109671433
1129237	core	0.0011253672728363875
1129237	law	0.00110885205748855
1129237	32	0.0010683918766239804
1129237	father	0.0010121855721343233
1129237	detector	0.0009993539873212676
1129237	look	0.0009912169417236013
1129237	calcul	0.0009725325951938339
1129237	approxim	0.0009712664765519612
1129237	primari	0.0009306642253226046
1129237	consid	0.0007908630434147048
1129237	gase	0.0007500159067626138
1129237	moistur	0.000744349052940216
1129237	invis	0.0007022739089756856
1129237	16	0.0006601059470120477
1129237	daylight	0.0005979619085686354
1129237	chang	0.0005524487672161767
1129237	includ	0.0005477064942773237
1129237	virtual	0.0005449337194915557
1129237	fast	0.00045854276128113697
1129237	fluid	0.0002917446137484639
1129237	strong	0.0002440290107768035
1129237	volum	0.0002410023456979004
1129237	trailer	0.00023833824050226464
1129237	formula	0.00023779385300784462
1129237	sai	0.00022715211586186372
1129237	top	0.00021810831911571783
1129237	truck	0.0002139289834553249
1129237	flexibl	0.00021306130389280237
1129237	deliveri	0.00020670785876794354
1129237	tube	0.0001994388351084834
1129237	deliv	0.0001911114344183306
1129237	medium	0.00018569701737756994
1129237	flow	0.00017457049371785073
1129237	suppli	0.0001736543532168263
1129237	site	0.00015520178784573667
1129237	locat	0.00012126789731035936
1129237	neutron	6.956651284838184e-05
1129237	cl	-3.542437586823205e-05
1129237	doesn	-4.7525759336993447e-05
1129237	compani	-0.0001667006248948372
1129237	school	-0.00018085847191367916
1129237	ll	-0.000185415745481656
1129237	question	-0.00019063319436099014
1129237	direct	-0.00020238172496327237
1129237	creat	-0.00020782447757510797
1129237	thousand	-0.0002390159504175535
1129237	step	-0.00023903406449011022
1129237	teacher	-0.0002545953860769145
1129237	250	-0.00027222798655980086
1129237	exactli	-0.0003165668484623581
1129237	come	-0.0003206929143352052
1129237	homework	-0.0003636595186151362
1129237	hcl	-0.00039453085605403824
1129237	gasolin	-0.00039677509296073637
1129237	482	-0.00045264516553140147
1129237	absorb	-0.00048254801367824063
1129237	cl2	-0.0005202337146932606
1129237	substanc	-0.0005462443903692617
1129237	caus	-0.000573027461712794
1129237	data	-0.000708485908253731
1129237	morn	-0.000772951921095912
1129237	27	-0.0008252207924752944
1129237	characterist	-0.0008530306724406579
1129237	crystal	-0.0009847709073143268
1129237	86	-0.0010677316024022573
1129237	94	-0.0010942891710554769
1129237	roof	-0.001115623475680087
1129237	turn	-0.0011489988947060831
1129237	color	-0.0011612450311081575
1129237	cell	-0.0011763069519107596
1129237	potassium	-0.0011795781683947124
1129237	nose	-0.001180784205618606
1129237	varieti	-0.0011902276646854496
1129237	exposur	-0.001193694824440781
1129237	throat	-0.0011949676148060677
1129237	current	-0.0012139688051540443
1129237	107	-0.001220945901072798
1129237	63	-0.001223671507224698
1129237	fairli	-0.0012708223629916136
1129237	aris	-0.0013043770002323532
1129237	hazard	-0.0013105778208072128
1129237	inhal	-0.0013730914290806067
1129237	onset	-0.0013812758223489493
1129237	pungent	-0.0013872105158042611
1129237	download	-0.0014028101229776866
1129237	chart	-0.0014255614594492214
1129237	complet	-0.001472487039493796
1129237	colourless	-0.0014941904789331246
1129237	vehicl	-0.0014984575267886142
1129237	589	-0.00151341423620811
1129237	rapid	-0.0015343865883641868
1129237	altern	-0.0015561736882615425
1129237	order	-0.0015840389625906375
1129237	24	-0.001660205161166362
1129237	airborn	-0.001674056789629305
1129237	non	-0.0017103732148752103
1129237	earth	-0.0017386333437654328
1129237	certainli	-0.0017589395508810486
1129237	first	-0.0018286012822880007
1129237	unit	-0.0018736611044225789
1129237	chemic	-0.0018806495831176066
1129237	sheet	-0.0018837907114620533
1129237	differ	-0.0020218504884830834
1129237	spec	-0.002037635172655669
1129237	ratio	-0.0021006386219812904
1129237	puriti	-0.002116524682010234
1129237	surpass	-0.0021525400010062334
1129237	sale	-0.00218074271879054
1129237	rule	-0.0021893794834945703
1129237	onc	-0.002215405644677786
1129237	ydrogen	-0.002255577659234684
1129237	neutral	-0.002271222664248319
1129237	69	-0.002274171167360599
1129237	cover	-0.0022912764357927496
1129237	83	-0.0023358722769377086
1129237	possibl	-0.002347493580228845
1129237	sell	-0.0023924945156606784
1129237	true	-0.0024072201007630805
1129237	respons	-0.002426205328486377
1129237	simultan	-0.002478049059564739
1129237	give	-0.0024878675395337397
1129237	head	-0.0025665042152595535
1129237	escap	-0.0026943710275652497
1129237	3oc	-0.002755164775382574
1129237	cook	-0.00276891250862492
1129237	principl	-0.002794177206945533
1129237	760oc	-0.0028029493505992036
1129237	fit	-0.0028135666734261096
1129237	go	-0.00281592655512022
1129237	subject	-0.002846198892411405
1129237	diffus	-0.0028876602751915573
1129237	repres	-0.0028914240952756802
1129237	kw	-0.0028936140044803376
1129237	end	-0.0029039684407958302
1129237	loos	-0.0029333339580811775
1129237	ton	-0.002986394344230889
1129237	frozen	-0.003003052294458452
1129237	station	-0.003003303300132506
1129237	concern	-0.003038476477707057
1129237	magic	-0.0030553508327243804
1129237	bui	-0.0030593896900715256
1129237	warm	-0.0031009097058450805
1129237	work	-0.0031390697131938672
1129237	ion	-0.0031674051613906095
1129237	primarili	-0.003171233340134609
1129237	billion	-0.0031752051941241585
1129237	1g	-0.003184275031458434
1129237	happen	-0.0032509199581640196
1129237	rest	-0.003256825596383964
1129237	praxair	-0.003323239361026592
1129237	valenc	-0.0034142830312750136
1129237	75	-0.003436983001417652
1129237	makeup	-0.003438530497904553
1129237	8g	-0.0035080387533734064
1129237	psig	-0.0036210483598447005
1129237	pin	-0.0036240542497392447
1129237	contact	-0.003637005379716159
1129237	refriger	-0.003659247177380696
1129237	isn	-0.0037971418821221596
1129237	nonflamm	-0.003811192764424822
1129237	methyl	-0.003841049289651957
1129237	24g	-0.0038642853129111296
1129237	transform	-0.00399065409417339
1129237	laid	-0.003999220086831417
1129237	108	-0.004004598024074325
1129237	technolog	-0.004047356510926714
1129237	slowli	-0.0040487043006311495
1129237	price	-0.004085337658579901
1129237	white	-0.00413424849028974
1129237	3g	-0.0041403975925053465
1129237	ethylen	-0.004173195539557654
1129237	type	-0.004184515530707645
1129237	co2	-0.004214036022599384
1129237	convert	-0.004464684740793109
1129237	higher	-0.004501596526572351
1129237	phase	-0.004523243501334459
1129237	emerg	-0.0046069432479159496
1129237	coolant	-0.0046288317574201
1129237	253	-0.004703990639817475
1129237	uncombin	-0.004707249912443645
1129237	tremend	-0.005044621167435478
1129237	case	-0.005052308638930947
1129237	humid	-0.005072173731867104
1129237	methanol	-0.005121441447290337
1129237	far	-0.005232394757598519
1129237	group	-0.005461712459278431
1129237	h3	-0.0054779407590339136
1129237	feedstock	-0.005490776393698827
1129237	smallest	-0.005578393348926005
1129237	put	-0.005637573775200513
1129237	evolv	-0.005730445536240565
1129237	member	-0.006020379788531014
1129237	next	-0.006034305001799301
1129237	highest	-0.006407788347285008
1129237	ressur	-0.006582766583015828
1129237	decreas	-0.006819544394520848
1129237	flammabl	-0.0069045032121414765
1129237	concentr	-0.0069487275783238454
1129237	helium	-0.006973140808802652
1129237	attach	-0.007038033318804023
1129237	atmospher	-0.0071255098690792456
1129237	recombin	-0.007240386930758273
1129237	explain	-0.007262920583271225
1129237	third	-0.0076396374925314205
1129237	greek	-0.0077859737053492814
1129237	epoch	-0.007897607458530074
1129237	mix	-0.007969803005646009
1129237	nearli	-0.008008190480421777
1129237	weak	-0.008020381475765899
1129237	well	-0.008067072362892383
1129237	offer	-0.008076682252026396
1129237	word	-0.008209349605514586
1129237	gene	-0.008238353289481717
1129237	posit	-0.008712097782930722
1129237	conduct	-0.008751177900626426
1129237	benefici	-0.009014808050524774
1129237	clear	-0.00920416361411036
1129237	charg	-0.009287374386080585
1129237	saturn	-0.009701932981318887
1129237	hydrochlor	-0.00976534585070095
1129237	dioxid	-0.010146573084172422
1129237	abund	-0.010152363509612163
1129237	evapor	-0.010281893908581417
1129237	creator	-0.010310346643970833
1129237	advantag	-0.010351468356920416
1129237	loss	-0.01051034279894993
1129237	period	-0.010521561396264215
1129237	industri	-0.010588918537915862
1129237	readili	-0.010613125024765028
1129237	reason	-0.01070259091960333
1129237	unexpect	-0.010820600906072397
1129237	357	-0.01085170177208212
1129237	eventu	-0.010868934470296932
1129237	161	-0.011011115156221506
1129237	shuttl	-0.011232535513712266
1129237	univers	-0.011380459141584328
1129237	ethan	-0.011645448876220252
1129237	deep	-0.011868680987404673
1129237	tabl	-0.011893705141998818
1129237	commonest	-0.011938301432383796
1129237	carbon	-0.011961691879697154
1129237	diatom	-0.012396067980157788
1129237	iquefi	-0.012527289339501283
1129237	268	-0.012534544401665269
1129237	number	-0.012649972143425801
1129237	hydro	-0.012744786949889609
1129237	prolong	-0.012761115970783657
1129237	orbit	-0.013036454102390717
1129237	sub	-0.013137855791797505
1129237	fundament	-0.013331328122386028
1129237	ch4	-0.013333813950928478
1129237	field	-0.013381668094922961
1129237	safeti	-0.01408564174771741
1129237	explos	-0.014333106330684122
1129237	pale	-0.014438620759172805
1129237	layer	-0.014731036642363415
1129237	depth	-0.014902486074852828
1129237	nonmetal	-0.014903407610121697
1129237	similar	-0.014965081429035498
1129237	symbol	-0.01520105937342117
1129237	small	-0.015364663491872958
1129237	impos	-0.015525054958778704
1129237	volatil	-0.015614726181933585
1129237	react	-0.015620315361657009
1129237	storag	-0.017144751135046776
1129237	forc	-0.017652314876709298
1129237	easili	-0.017679866638502493
1129237	cyanid	-0.01771778259890159
1129237	mean	-0.018039943961704386
1129237	interior	-0.01812143143512662
1129237	light	-0.018404108391097216
1129237	magnet	-0.018784534954322463
1129237	188	-0.019380760398105348
1129237	hydrid	-0.019701902987622002
1129237	750	-0.02071598600328509
1129237	methan	-0.021493155126342863
1129237	chlorid	-0.02153131385885283
1129237	882	-0.02157464659928975
1129237	conductor	-0.021875520525138525
1129237	trace	-0.022017623196653305
1129237	goe	-0.022323010583226076
1129237	lng	-0.022329632530558256
1129237	iron	-0.02349390304778339
1129237	coval	-0.02385646851707264
1129237	liquefact	-0.02420266435807074
1129237	slh	-0.02448195862851268
1129237	compos	-0.02587760675078386
1129237	toxic	-0.026148237856396056
1129237	mixtur	-0.027106778692768136
1129237	process	-0.027305558910093453
1129237	electr	-0.028827894017308786
1129237	electron	-0.029991074027888684
1129237	hue	-0.03019196900075761
1129237	intrins	-0.030582265346216414
1129237	ambient	-0.031470167143400236
1129237	nucleu	-0.03185623161478609
1129237	particl	-0.03216131079288613
1129237	mercuri	-0.032214046086769296
1129237	lose	-0.0325428036228128
1129237	singl	-0.03423397797189302
1129237	cryogen	-0.041301649174645884
1129237	jupit	-0.04431584135453323
1129237	ic	-0.045301907774553125
1129237	simplest	-0.0464531460556312
1129237	celsiu	-0.04883798963684488
1129237	slush	-0.05017443216954536
1129237	proton	-0.07891115186441768
