258062	minut	0.3648475148241058
258062	take	0.2761948472851246
258062	tooth	0.24056049157774292
258062	30	0.1737185500859125
258062	bataineh	0.1310247405371691
258062	wisdom	0.13066949110183174
258062	least	0.12726028658818309
258062	kraver	0.1159808958392248
258062	2hour	0.11396972037562848
258062	hour	0.11094871269244617
258062	left	0.10969169659157156
258062	15	0.10541059486655313
258062	remov	0.10439259583443573
258062	imbed	0.10088423916446426
258062	45	0.09973365904983059
258062	depend	0.09752883066232523
258062	infect	0.09685071014851512
258062	distovers	0.09616134471993473
258062	teeth	0.09528971614202468
258062	long	0.08850101859655476
258062	dentist	0.088101174198154
258062	brief	0.08803426836732652
258062	took	0.08699368488203606
258062	actual	0.0831560770160495
258062	floss	0.07964807471095049
258062	canal	0.07921097035443189
258062	just	0.07605866992092869
258062	1	0.07453986405491352
258062	boni	0.07233065322196704
258062	breakdown	0.07064491652599866
258062	sixti	0.06989980348850874
258062	dai	0.06926113861796068
258062	5	0.06816956431580722
258062	phillip	0.06620236990483432
258062	process	0.06487083414013056
258062	time	0.06480302609009131
258062	4	0.06408539407730761
258062	min	0.06328708047819213
258062	treatment	0.0625953853214334
258062	coral	0.06225148666552224
258062	clean	0.061343494147557395
258062	import	0.06122373292793119
258062	littl	0.060881045879249036
258062	cape	0.06039883387544725
258062	3	0.06037158046313643
258062	longer	0.05880844166619328
258062	can	0.058765889240059245
258062	2	0.05582888230594968
258062	3hour	0.05528416188292835
258062	extract	0.05505290683360261
258062	estim	0.054370176443803764
258062	clock	0.05380566941758946
258062	usual	0.05351309916278605
258062	hole	0.05350128958969059
258062	reliev	0.05336140744450564
258062	2nd	0.05304791937073175
258062	dry	0.05303709612531104
258062	give	0.05300517701073144
258062	precis	0.052191412436391485
258062	swell	0.0518079037026491
258062	absorb	0.051431568801583116
258062	subject	0.05078189703027123
258062	difficulti	0.05026990676530583
258062	recent	0.050232344287744375
258062	brush	0.04979433740895663
258062	antibiot	0.04948446336795504
258062	right	0.049345709893861285
258062	bacteria	0.04928923112818929
258062	page	0.04927475863471477
258062	thirti	0.04805488297838002
258062	arrang	0.0480073661031797
258062	experi	0.047694242682263736
258062	next	0.04606403107571268
258062	regimen	0.045956664498654924
258062	emmon	0.045940847514444876
258062	sleep	0.045758374983857104
258062	20	0.045590156117193005
258062	go	0.04547741970215578
258062	treat	0.04536865526443386
258062	week	0.04493086026506982
258062	florida	0.04407460405653944
258062	oper	0.043846631728373685
258062	post	0.043807600690223276
258062	4th	0.04362812703776188
258062	pull	0.043494862466448785
258062	perfectli	0.04310025541319947
258062	rockwal	0.04296336740291414
258062	bundl	0.04277853241227796
258062	60	0.04274432047305396
258062	undergo	0.0425532247539374
258062	3rd	0.04243753219860053
258062	onli	0.04227899975334759
258062	worst	0.042243870441981995
258062	care	0.04196875199086537
258062	will	0.0419267558815828
258062	rhonda	0.04173186725045487
258062	second	0.041322814103839776
258062	drain	0.04035479465193125
258062	dr	0.040097814811528396
258062	requir	0.03949227695797338
258062	schedul	0.039092986252155695
258062	bothersom	0.03892740487450538
258062	2016	0.038758142836002124
258062	syring	0.038744102866186646
258062	refer	0.03861797920066594
258062	90	0.03856906451272985
258062	system	0.038551890457449674
258062	event	0.03842212050972622
258062	kill	0.03775262639171456
258062	bottom	0.03746487751546338
258062	irrig	0.03718374087353169
258062	sai	0.03714257626957617
258062	downtim	0.03698280445627549
258062	agoni	0.03688688301112746
258062	dependson	0.03654297670426897
258062	studi	0.03614066516408362
258062	sore	0.03608801120801596
258062	routin	0.03573776675537647
258062	well	0.03517181259197786
258062	senftenberg	0.03498393261608678
258062	keep	0.03498192317851463
258062	follow	0.03497087678223281
258062	normal	0.03480990815026784
258062	offic	0.0347790635110101
258062	goe	0.03436789536739093
258062	6667	0.03420900827857489
258062	pulp	0.03388825822743879
258062	question	0.03369066343473984
258062	put	0.033529353176695836
258062	socket	0.033416450728806286
258062	iv	0.03284322745271361
258062	patient	0.03279787757747279
258062	vari	0.03267588732749092
258062	sidewai	0.032179329235779805
258062	46	0.03213825397497846
258062	talk	0.03199571310854562
258062	aftereffect	0.031852702851931675
258062	thank	0.03163786358773065
258062	jawbon	0.031606651619119956
258062	brace	0.03158088039191564
258062	insid	0.03125110783228461
258062	fee	0.031046682755265027
258062	need	0.03089739710851603
258062	grown	0.030607786298526937
258062	40	0.030082584024894318
258062	mouth	0.030064965284638305
258062	check	0.030060632823528787
258062	badli	0.029857710878734702
258062	part	0.02981322175036231
258062	late	0.029795343906961688
258062	rout	0.029623054523464216
258062	period	0.029600817464758653
258062	welcom	0.029406313307166743
258062	near	0.029298859553810893
258062	0	0.029019738568272033
258062	like	0.02887835404884463
258062	found	0.028771909769462492
258062	research	0.02858822087515044
258062	interfer	0.02840253351534464
258062	10	0.02785108445642395
258062	advic	0.02777202792381502
258062	surgeon	0.027490083312696912
258062	distress	0.027441176806479277
258062	sit	0.02721909615749207
258062	tongu	0.02714426445035376
258062	heal	0.027041526818914665
258062	expert	0.026991786535725586
258062	pirc	0.026897973352833598
258062	fridai	0.026808852148339793
258062	continu	0.026707753006031478
258062	judgment	0.02653186026698059
258062	case	0.026503484211458404
258062	thicker	0.026382062933316713
258062	order	0.026289829905598774
258062	nearbi	0.026170797638427168
258062	swollen	0.026120833996174073
258062	answer	0.026023953800835904
258062	procedur	0.026022151587545103
258062	didn	0.025975544232056558
258062	entail	0.025900285896969973
258062	steam	0.025855251949826123
258062	expect	0.025748031597446517
258062	stitch	0.025700886783886056
258062	manner	0.025646675382761403
258062	rapid	0.02551952089894008
258062	face	0.025389842661669566
258062	side	0.02534037856830071
258062	don	0.02523646086851383
258062	discomfort	0.0252320995316749
258062	radiat	0.02467434060475389
258062	jj	0.024622201961559804
258062	9	0.024526340792999212
258062	on	0.024510872732507752
258062	water	0.024454146429066875
258062	http	0.024239252038991584
258062	150	0.023990525412988146
258062	650	0.02386735503865601
258062	total	0.023864797638124855
258062	occur	0.023864540292048837
258062	carol	0.02385740105104713
258062	fulli	0.023846926597156308
258062	wait	0.023774869315739397
258062	set	0.023676247379494336
258062	wiki	0.023392925996624184
258062	knock	0.023061981807242976
258062	idea	0.023040663350310516
258062	caus	0.022977200730646897
258062	0833	0.022922667458262325
258062	25	0.022878025057027462
258062	throat	0.022829294995371004
258062	instal	0.02277092687940106
258062	dy	0.02251324033293063
258062	promot	0.02234271536568538
258062	healthi	0.02231508586976711
258062	therapi	0.022252828291296316
258062	600	0.02221477737830134
258062	1167	0.02203571779451502
258062	first	0.021862196445248453
258062	295	0.021742115639718444
258062	typic	0.02144757810955093
258062	rushmor	0.021423735456197156
258062	ag	0.021402307345881506
258062	webmd	0.02122587297824311
258062	multi	0.0211918770528078
258062	natur	0.021149111669526925
258062	pass	0.020990412166501427
258062	advanc	0.020990328307880043
258062	decis	0.02091242238342128
258062	technolog	0.020711645919614326
258062	allow	0.02070955029596335
258062	1333	0.020646323833749387
258062	texa	0.020284707842208274
258062	ve	0.020263620647219403
258062	1667	0.020218208595356814
258062	delai	0.019967977411950225
258062	compound	0.019905368547083115
258062	bodi	0.019812852938388237
258062	veneer	0.019774784185691657
258062	partial	0.01976304703770996
258062	75	0.01968727436281247
258062	cours	0.019607692645340638
258062	appoint	0.01953789665606206
258062	450	0.019485189678111154
258062	slightli	0.019439525918757097
258062	71	0.019414552615856038
258062	die	0.019299520561601616
258062	bleed	0.01921817223837964
258062	tuesdai	0.019146298712329972
258062	see	0.019113960226707066
258062	416	0.019028235240440422
258062	down	0.018947581235373743
258062	consist	0.018761544978395904
258062	red	0.01872855720359517
258062	ooz	0.01872087148868549
258062	salmonella	0.01864399576134184
258062	chang	0.018623989975869303
258062	risk	0.018613671752203877
258062	mai	0.018338818348399667
258062	rins	0.018284382905763927
258062	call	0.018206937771426412
258062	liquid	0.018182166064814084
258062	6pm	0.018157647055666293
258062	lamb	0.01798296528622314
258062	urgic	0.01790837599555945
258062	work	0.01790760077295135
258062	facial	0.017889144104910767
258062	persist	0.017637316223784765
258062	70	0.017595350545914747
258062	insur	0.017486438215376356
258062	nose	0.017475367525304132
258062	400	0.017453460145935826
258062	anaesthet	0.017371810520574616
258062	com	0.017349249678969128
258062	suspicion	0.017338870810671203
258062	felt	0.017289520475191302
258062	indianapoli	0.01722234387322541
258062	chair	0.017073037887748607
258062	spread	0.017053389123839097
258062	lie	0.016939148523247783
258062	107	0.01693026650346989
258062	clearer	0.01688761769048059
258062	130	0.016788184479646365
258062	fine	0.016782316929517673
258062	72	0.016628402252749346
258062	averag	0.016594035061506408
258062	advis	0.0165288908476022
258062	sydnei	0.01639407992013715
258062	plate	0.016338989997389555
258062	punch	0.016310429029193958
258062	pound	0.016250064377535907
258062	offer	0.016249167265207275
258062	larg	0.01623295733225491
258062	absenc	0.016214540890637407
258062	pill	0.016150625105495395
258062	160	0.016120378646161324
258062	push	0.016109199650254664
258062	wasn	0.016054595294177975
258062	cost	0.01593910540838478
258062	mt	0.015884706691108072
258062	penisil	0.015803568957583378
258062	abus	0.01578280737509476
258062	know	0.01576755553692623
258062	initi	0.015760863794259648
258062	great	0.01569631045678921
258062	prescript	0.015556894134133154
258062	clinician	0.015554878027049683
258062	state	0.015523147051331232
258062	erupt	0.015518884291739034
258062	18	0.015485008328033173
258062	nerv	0.015467002501566763
258062	root	0.015465876376210278
258062	complex	0.015411415222085563
258062	750	0.015396199608995817
258062	later	0.015321941031095451
258062	luck	0.01529770068272912
258062	7	0.015269899826914764
258062	rot	0.01522786324563235
258062	wanna	0.015196990291042958
258062	reduc	0.015190144056181512
258062	bit	0.015118348128540942
258062	14mphr	0.015092073787958944
258062	l14am	0.015092073787958944
258062	ring	0.015082515358334393
258062	hell	0.01503951789336444
258062	cook	0.014944844092973841
258062	140	0.014934900732451668
258062	26	0.014922838832137268
258062	225	0.014790109931626438
258062	120	0.014668740301238619
258062	74	0.014586267931627839
258062	insight	0.014514049319237563
258062	wear	0.014499812746498008
258062	taken	0.01442643549237929
258062	pierc	0.014240603097825879
258062	split	0.014223361569512396
258062	defens	0.014107540952770458
258062	speed	0.014063446358245564
258062	earlier	0.014026946249973053
258062	medic	0.014021829744779848
258062	lip	0.01392388547539728
258062	onc	0.013897437600611072
258062	birmingham	0.01385999979894882
258062	disappear	0.013810464539083129
258062	fun	0.013799611724298548
258062	save	0.013795268024573214
258062	convert	0.013784952109192943
258062	condit	0.013673159495666932
258062	say	0.013654205650321164
258062	ina	0.013613603836022769
258062	salt	0.01361105959381926
258062	last	0.01358624681929064
258062	dental	0.013499155227241119
258062	price	0.013405567844648435
258062	disord	0.01336590962651493
258062	appear	0.01332232918339609
258062	39	0.013285271340922753
258062	strength	0.013274619885744894
258062	overnight	0.013206964355944302
258062	lose	0.013177797069379008
258062	russel	0.01316653514196346
258062	000	0.013146079381017122
258062	clinic	0.01310037133512964
258062	teenag	0.013069764302141162
258062	think	0.013036190634698493
258062	osteiti	0.01302291727806744
258062	neighbor	0.01299032703678314
258062	untreat	0.012962282804639715
258062	medium	0.012850723411758478
258062	encourag	0.01283882485513375
258062	twice	0.012826473171857823
258062	impact	0.01277042348849144
258062	drive	0.012759895084937837
258062	est	0.01275881944693123
258062	14	0.012696735199970558
258062	mom	0.012688811893784272
258062	matter	0.012661298425933372
258062	leg	0.01263139521093112
258062	act	0.012630299759010538
258062	mechan	0.01261752547606913
258062	graft	0.01261565406992646
258062	temperatur	0.012554595695037132
258062	meat	0.012506953053084316
258062	subsid	0.012478399746674211
258062	medicin	0.012474474676073082
258062	level	0.012391360786826502
258062	shot	0.012387802589170062
258062	individu	0.012376101381510381
258062	beauti	0.012289239787354713
258062	visdomstand	0.012219167032023082
258062	year	0.012161003768798884
258062	mygrandpar	0.012125847490903948
258062	52	0.01210745926351215
258062	rare	0.012014142434182324
258062	fix	0.011974431717593154
258062	tbe	0.011944645924748202
258062	plaqu	0.011943485426595254
258062	ok	0.011921274952027895
258062	length	0.011836905832663471
258062	box	0.011797984117687683
258062	barcod	0.011773966630934796
258062	cloth	0.011745431921102984
258062	tabl	0.01172935242155595
258062	pressur	0.011690215559694073
258062	recommend	0.011674904316569116
258062	saliva	0.011513026601243644
258062	weight	0.011467730736513523
258062	depth	0.011460916986158852
258062	fluorid	0.011448016488020761
258062	mondai	0.011438296957043894
258062	todai	0.01141482276021602
258062	confirm	0.011391760602719405
258062	hard	0.011294265811829586
258062	coupl	0.011270802055969035
258062	exam	0.01118248725650877
258062	rule	0.011128537272632086
258062	food	0.011113340150620786
258062	read	0.011084301833450393
258062	happen	0.011041606458626646
258062	becau	0.011017766399911115
258062	hough	0.011017313776893495
258062	edit	0.01091246497734276
258062	toothbrush	0.01089812326400438
258062	experienc	0.010854970147064229
258062	show	0.010842309564678078
258062	posit	0.010830836058663905
258062	999	0.010727654029753873
258062	soft	0.010723063688482854
258062	bad	0.010721529255733617
258062	liter	0.010633585955822379
258062	17	0.010617065547692348
258062	anesthesia	0.010582574668091827
258062	full	0.010497695812138096
258062	west	0.010491059243297185
258062	close	0.010474586305354238
258062	understand	0.010460623867720483
258062	cap	0.010441803674624911
258062	cure	0.010419918934521112
258062	came	0.010329366246054475
258062	exampl	0.010320044460889346
258062	compar	0.010252207549400599
258062	fast	0.01011735614688597
258062	alveolar	0.010031095642309732
258062	remain	0.009996109313317167
258062	larger	0.009993527732236602
258062	practic	0.009976345237350748
258062	56	0.009931249022088818
258062	couldnt	0.009909031382653085
258062	popul	0.009852234406786724
258062	700	0.009770834952577766
258062	plai	0.00975244248391505
258062	base	0.00961009112381415
258062	opt	0.009593922846324446
258062	07	0.009548192920596475
258062	ibuprofen	0.009500711658271837
258062	extra	0.009479574339995259
258062	surfac	0.009456495685011798
258062	acetaminophen	0.00945632589472805
258062	receiv	0.009358028901719953
258062	toler	0.00931601175732027
258062	basic	0.009314895750781005
258062	origin	0.00930312619254201
258062	nitrou	0.009298913703688983
258062	sourc	0.009285662343697128
258062	67	0.00920883345076979
258062	impli	0.00919651564294742
258062	debri	0.009106453668757503
258062	encas	0.009046711715344552
258062	expens	0.00899277455207193
258062	effect	0.008946365903523172
258062	membran	0.008933297814597051
258062	fter	0.008840947788541146
258062	molar	0.00881677034206436
258062	verstandskuu	0.008807525385329631
258062	weisheitszahn	0.008807521838404673
258062	who	0.008800087601970373
258062	ye	0.008782221647430023
258062	circl	0.008777198705602918
258062	entir	0.008762399415281888
258062	polyp	0.008741410736890068
258062	12	0.008692821126626036
258062	small	0.00864974976239759
258062	stupid	0.008581101673787405
258062	chewi	0.008553924215342141
258062	plan	0.008536670948530408
258062	didnt	0.00852909584718479
258062	verstandski	0.008518924119620939
258062	replac	0.008515386955410334
258062	13	0.008413344426435104
258062	complet	0.008385595698909905
258062	tighten	0.008379606916479149
258062	dollar	0.008379260948423523
258062	moder	0.00835207795622307
258062	view	0.00818501952375214
258062	starv	0.008175302687370411
258062	famili	0.008106023341904342
258062	28	0.00806921955689846
258062	reader	0.008028894177134904
258062	report	0.008028827135309132
258062	blood	0.007938557874621246
258062	make	0.00791536665290451
258062	problem	0.007850354277301533
258062	24	0.007788203234351351
258062	ei	0.0077098064288203694
258062	inflammatori	0.007709310602143299
258062	that	0.007641851034901341
258062	616	0.007633789600917179
258062	lead	0.007629244303520562
258062	99	0.007604552862813778
258062	5mm	0.007530890172077466
258062	whole	0.007529024823010919
258062	aspirin	0.007517652646480078
258062	colonoscopi	0.00749926064862313
258062	inflamm	0.007469380147041382
258062	735	0.007459551397320702
258062	mean	0.007431023581629054
258062	milk	0.007375187445656713
258062	bare	0.007369234129824208
258062	cathet	0.007293482004848537
258062	vicodin	0.0072890244391791426
258062	balloon	0.0072804927163282965
258062	op	0.007257152110660386
258062	sharp	0.007181058908054799
258062	far	0.007166409722292792
258062	settl	0.007145368527230396
258062	top	0.0070820065896005265
258062	anti	0.007064689806412856
258062	crucial	0.007039098351205263
258062	nois	0.007028967061728111
258062	simultan	0.006904590559873529
258062	possibl	0.006861637732638895
258062	enamel	0.006822180252591412
258062	fail	0.0067702165108790196
258062	outlin	0.006769610914408798
258062	associ	0.0067593012012085365
258062	80	0.006753300993580814
258062	phase	0.006571479340451871
258062	reach	0.006570172009726386
258062	method	0.006561591841492099
258062	older	0.006547241880655151
258062	tini	0.006503651756214217
258062	720	0.006417225196529364
258062	hei	0.006403715176477345
258062	sed	0.006334102507761529
258062	relief	0.00633014608879058
258062	oxid	0.006271258999843635
258062	xrai	0.006256341258057406
258062	easili	0.006249068338946883
258062	soon	0.006240805237936688
258062	180	0.006237250025087821
258062	edg	0.006206840846426732
258062	glue	0.006187944891559026
258062	instrument	0.00615405182787208
258062	cement	0.006062642762525917
258062	us	0.006057500888839341
258062	exactli	0.006045247895569052
258062	daili	0.006007555081308647
258062	commun	0.005951559491988749
258062	durat	0.005890610027319894
258062	seri	0.005798116972662104
258062	hors	0.005796570332757844
258062	feed	0.0057659915895414745
258062	chunk	0.005754392401739523
258062	slight	0.0057318238012727205
258062	sure	0.005719411490873995
258062	emploi	0.0056585222968809175
258062	point	0.005602438643490756
258062	unnecessari	0.005596588973297589
258062	6	0.005587008655164949
258062	nn	0.005575749861399388
258062	babi	0.005540065711883023
258062	minor	0.005533029894135542
258062	consult	0.005527069347905306
258062	symptom	0.005492936585454337
258062	cut	0.005476769987433555
258062	ts	0.005474822065123519
258062	500	0.005466675212079649
258062	pretti	0.005416623850318966
258062	elimin	0.0054067206750082145
258062	inject	0.005380617373290197
258062	trip	0.005367159321995651
258062	eas	0.005344671038114128
258062	job	0.005334129242919331
258062	132	0.005332248082286247
258062	notic	0.005301595305516608
258062	destroi	0.005298288359554625
258062	morn	0.005285401362858264
258062	cold	0.0052627308910838475
258062	mst	0.0052498844326906826
258062	solid	0.005228997919255266
258062	perform	0.005201421982716403
258062	panic	0.005117116212269488
258062	im	0.005114254675089529
258062	front	0.005078787236408342
258062	recogn	0.005043311130669778
258062	includ	0.005033716854255195
258062	protect	0.005020776369274995
258062	safe	0.004986497328832301
258062	2014	0.004979843600945858
258062	mix	0.004964751595177674
258062	worri	0.004922474934177604
258062	disrupt	0.004886625523037338
258062	ask	0.0048844968874369255
258062	ct	0.004855643537266278
258062	german	0.004807228366032773
258062	costli	0.004801365323598941
258062	technic	0.004722408767028588
258062	discount	0.00465281736180034
258062	supernumerari	0.004638070579058718
258062	8	0.004600588584433857
258062	carefulli	0.004546993402162695
258062	danish	0.004437860543846637
258062	occasion	0.004411100864021499
258062	went	0.004381558623817866
258062	contrast	0.004364756349470168
258062	19	0.00430057150230517
258062	iceland	0.004267324628964293
258062	worn	0.004263987448172394
258062	spend	0.004258122889084979
258062	pocket	0.00424371900161954
258062	health	0.00423363413199856
258062	sd	0.004205947543978565
258062	swedish	0.004190440116845249
258062	900	0.004171193362084287
258062	applic	0.004043698322803602
258062	neck	0.0040379712195223825
258062	scope	0.004033412443256623
258062	race	0.004017513778415017
258062	commut	0.003982568499501444
258062	fell	0.00396816274550966
258062	addit	0.003955590791722347
258062	known	0.003941932118358041
258062	dissolv	0.0038919111716115614
258062	higher	0.0038896053749310684
258062	cow	0.003866942516150141
258062	discuss	0.0038592612107434137
258062	fifti	0.003794986373438241
258062	50	0.003745956839836163
258062	dutch	0.0037232774362369876
258062	89	0.003686659962787778
258062	hygien	0.003684273602929563
258062	light	0.0036391838908111534
258062	custom	0.003631953200295422
258062	miss	0.0035919640474625413
258062	drug	0.003552785069829684
258062	team	0.003541812196491857
258062	surgic	0.003514476360504666
258062	month	0.0034694527444772147
258062	section	0.0034694430221583867
258062	dose	0.0034545029796058018
258062	drink	0.0034188850784339134
258062	59	0.0033327542927327897
258062	line	0.0033163558227025103
258062	activ	0.003313892384993944
258062	classif	0.0032934448109540994
258062	100	0.003292234989990652
258062	16	0.0032775761683110556
258062	482	0.003238236705616419
258062	521	0.003231058670516976
258062	emerg	0.0032222042363014695
258062	premolar	0.0032169390909315776
258062	649	0.0032167624794542625
258062	44	0.003211281556520279
258062	517	0.0032108113465761424
258062	old	0.00317390347733268
258062	book	0.0031413772878404593
258062	64	0.0031323184762718985
258062	zip	0.0031304715472277142
258062	34	0.003129298845718593
258062	instruct	0.003110225835362442
258062	284	0.0030808472266466726
258062	constant	0.0030605788831576733
258062	made	0.0029915983030770143
258062	302	0.002988465114758713
258062	swish	0.002973961476711042
258062	incisor	0.0029710723868937704
258062	146	0.002846085336481673
258062	29	0.0028310429427713855
258062	430	0.002795084408928237
258062	costhelp	0.0027767767319605598
258062	feet	0.0027235517731546504
258062	114	0.002706213216641083
258062	fill	0.002658913041236694
258062	servic	0.0025559638526958723
258062	chacha	0.0025327047805149268
258062	115	0.0025000908202000675
258062	comparison	0.0024897661128564508
258062	feel	0.00248782180927477
258062	travel	0.002443874510130665
258062	pai	0.002410449159005316
258062	size	0.0023547769473435095
258062	code	0.002339119890546
258062	11	0.0023003977927949708
258062	79	0.002294867696632014
258062	misalign	0.002278507228949624
258062	low	0.002237432065337991
258062	prefer	0.002224561269486471
258062	wound	0.002223483249148103
258062	materi	0.0022100982854134253
258062	contain	0.0021608798055825144
258062	postpon	0.002146356537523719
258062	coconut	0.002127013708168282
258062	minim	0.002122661648962932
258062	move	0.0021188101259253483
258062	thin	0.0020978304399226076
258062	lessen	0.002089808728917741
258062	straightforward	0.002035531170428735
258062	lump	0.002013422632362746
258062	dislodg	0.0020021655689650792
258062	orthodontist	0.0020008765222591478
258062	painless	0.001997565310250544
258062	300	0.001957474687714861
258062	span	0.0019335528365540073
258062	moment	0.0019075479713314173
258062	22	0.0018669808085161209
258062	632	0.0018257864883017008
258062	486	0.0018136886412799193
258062	351	0.001779215056512093
258062	294	0.0017386384383398618
258062	precaut	0.0017282863807422612
258062	336	0.0017169150011934974
258062	crowd	0.001683244406074948
258062	discov	0.0016479281673992695
258062	elev	0.0016457770527395007
258062	167	0.0016406280644589454
258062	trauma	0.0016360004836807238
258062	138	0.0015979078190084867
258062	152	0.0015929342039273423
258062	central	0.0015450907926445729
258062	122	0.0015184283876813979
258062	troubl	0.0015015649474238808
258062	girl	0.0014824334895121776
258062	ill	0.0014690180931199925
258062	maxillofaci	0.0014526487352839064
258062	145	0.0014245257787070067
258062	www	0.0014200636356644257
258062	singl	0.0014103858222711567
258062	deeper	0.001405430534810612
258062	105	0.0013966893365201375
258062	oil	0.0013891616238115344
258062	grow	0.001374230157486124
258062	benefit	0.0013329040983587313
258062	angi	0.0013173258337145864
258062	dead	0.0013108926102179804
258062	800	0.0012824453755427372
258062	longest	0.001249158341004959
258062	test	0.0012465749255151524
258062	am	0.001190177772627706
258062	refresh	0.0011750494668356746
258062	peopl	0.001108655330738356
258062	anim	0.0010864442324531151
258062	child	0.001046557707052403
258062	colour	0.0010446201951376612
258062	choos	0.001032515177243551
258062	ll	0.0010309207390558257
258062	636	0.0010091546812094037
258062	free	0.000964638154890096
258062	cheek	0.0009580804785118129
258062	sign	0.0009482870537213796
258062	repeat	0.000920185396494368
258062	gradual	0.0008237637547144569
258062	dept	0.0008167477079661424
258062	hydrocodon	0.0007886978347200074
258062	extend	0.0007651820051349914
258062	press	0.0006538733807073654
258062	special	0.0006264349692686684
258062	list	0.0005208819967794222
258062	resid	0.0004677118523580099
258062	substanti	0.00043841013770458566
258062	atrophi	0.00041314710627484775
258062	submerg	0.0004062289807969506
258062	unabl	0.00039876170540797354
258062	school	0.0003920393509948565
258062	countri	0.0003901154319835301
258062	repair	0.0003889918641550645
258062	assum	0.00037087160668477695
258062	enter	0.000279341547986629
258062	lenchner	0.00024935190369381675
258062	break	0.0002420024415876945
258062	loss	0.00023166611629920546
258062	prosthodontist	0.00017546590812354682
258062	michael	9.498562694260752e-05
258062	nearli	8.236385139257699e-05
258062	watch	8.082253807507867e-05
258062	crown	6.944197638602584e-05
258062	note	6.761710395345663e-05
258062	tend	2.8499339277137637e-05
258062	frequent	2.7656510546493836e-05
258062	won	5.422164908167664e-06
258062	term	-0.00010341082338232566
258062	group	-0.00011528686460317265
258062	2017	-0.00012497778530165174
258062	repres	-0.0001371656311393149
258062	critic	-0.00016135635977297268
258062	zealand	-0.00017465707717251034
258062	upward	-0.00017704802450805248
258062	wonder	-0.00019906484707054087
258062	sampl	-0.00020460560980410734
258062	253	-0.0002262815813803947
258062	still	-0.00022693953431712936
258062	523	-0.0002449513367046966
258062	milford	-0.00025040849140278536
258062	man	-0.0002526721365763119
258062	occas	-0.00025873018648481445
258062	donor	-0.0002698146118550102
258062	semen	-0.0003013548879137727
258062	complic	-0.00032186154961597545
258062	amount	-0.00037531312903527097
258062	iui	-0.0003892906573485412
258062	sperm	-0.00044369134007102973
258062	chamber	-0.0004678508817030212
258062	heart	-0.0005266458414378461
258062	2009	-0.000538741047317368
258062	throw	-0.0006076466285562643
258062	pain	-0.0006349259382512212
258062	determin	-0.000636460139553354
258062	tip	-0.0006378868489518314
258062	seen	-0.0006447766492244677
258062	boil	-0.0006680853270492982
258062	200	-0.0006816427920247466
258062	drill	-0.0006966490007044427
258062	success	-0.0006968042880369244
258062	seal	-0.000699245532783072
258062	arteri	-0.0007033143325785747
258062	forc	-0.0007340502657681956
258062	accord	-0.0007658386567380844
258062	factor	-0.0008057450438253423
258062	anatomi	-0.0008264592578218489
258062	cool	-0.0008310926381698905
258062	steep	-0.0008644105319971486
258062	big	-0.0008882324649763353
258062	sedat	-0.0009366941255120819
258062	plu	-0.000970564034823998
258062	write	-0.0009891020284209806
258062	administ	-0.0009939844013053683
258062	topic	-0.0010737184771636914
258062	bag	-0.0011259911235996494
258062	tea	-0.0011700255086452983
258062	learn	-0.0011827116292575225
258062	increas	-0.0012085087610186286
258062	train	-0.001220226687746629
258062	cath	-0.0012427085195498959
258062	given	-0.0013456906556226689
258062	home	-0.0013821310079242064
258062	tr	-0.0014349142883410696
258062	classifi	-0.0014639986619370828
258062	caviti	-0.0014656329085272078
258062	offend	-0.0014788347345798584
258062	heat	-0.0014803756052112883
258062	crack	-0.001483389979674745
258062	ga	-0.0015329815559751083
258062	clot	-0.0015851659524908767
258062	tissu	-0.001597790621764923
258062	start	-0.0016275535835469097
258062	place	-0.0016548863064819942
258062	215	-0.0016769854125241307
258062	return	-0.0017711488794358125
258062	avoid	-0.0017755703171862436
258062	00	-0.001793382174447785
258062	greatli	-0.0017989944437568595
258062	physic	-0.0018836464513584377
258062	250	-0.0018841723483336075
258062	gentli	-0.001919139605521559
258062	whiten	-0.0019299174933895844
258062	site	-0.002038158104364594
258062	kit	-0.002129869713322456
258062	hich	-0.0021857675877453896
258062	rough	-0.002275465924817345
258062	collect	-0.002305516611500771
258062	sound	-0.0023183208644665418
258062	gona	-0.0023679712445409742
258062	temp	-0.0023830988338037944
258062	tomorrow	-0.002411391708511806
258062	nice	-0.0024146608844785853
258062	laugh	-0.002415774915862268
258062	finger	-0.0024720553621647105
258062	hold	-0.002477570920579571
258062	remedi	-0.0024864463123953073
258062	lucki	-0.0025013520684638085
258062	allot	-0.002509649366705576
258062	unit	-0.002510631273865912
258062	thread	-0.0026171629614235134
258062	final	-0.0026234736085759547
258062	0nryi	-0.0027203603268843232
258062	standard	-0.002739918492960441
258062	structur	-0.002809246737425462
258062	definit	-0.0028549949347674492
258062	surround	-0.0029029101548415184
258062	chanc	-0.0029077812121177595
258062	bacteri	-0.0029344408416504685
258062	touch	-0.0029831468397613307
258062	begin	-0.0030017317734630867
258062	aurelea	-0.003002789456231517
258062	injuri	-0.0030691298368122288
258062	deep	-0.0030965753513416757
258062	groov	-0.0031205497035396803
258062	doesn	-0.0031699494701949438
258062	eat	-0.003185168038160725
258062	guid	-0.0032274982463912135
258062	align	-0.0032644512707874535
258062	adjac	-0.003275141571950042
258062	hygienist	-0.0032827763924504604
258062	lifetim	-0.003300639924897174
258062	new	-0.0033275508090867723
258062	expos	-0.003382971729559469
258062	uid	-0.003409522798811514
258062	faster	-0.003445072542209483
258062	maximum	-0.003458140348596853
258062	function	-0.0035188103616257942
258062	degre	-0.0035392792027715107
258062	tool	-0.0035743889032266805
258062	forcep	-0.0035768255155376244
258062	precautionari	-0.0036074111594866704
258062	past	-0.0036394216707133233
258062	imag	-0.003756126430071033
258062	contact	-0.003862063106086713
258062	control	-0.003863629934490334
258062	properli	-0.0039054766640809974
258062	tickl	-0.004018040653101763
258062	wors	-0.0041442727481742
258062	exist	-0.004188534682294744
258062	loos	-0.004226067469780634
258062	respond	-0.004280651723890397
258062	bill	-0.004283240438494732
258062	gaug	-0.004303031711273592
258062	frame	-0.0043068704646861584
258062	wednesdai	-0.004307254976979898
258062	37	-0.004308564880942713
258062	ost	-0.004338116037926003
258062	extrem	-0.004419892822342202
258062	california	-0.00442916744582457
258062	format	-0.00445189313106835
258062	tag	-0.004521868269223666
258062	ly	-0.004549801175919534
258062	donat	-0.0045972470389111526
258062	strong	-0.004604310352180748
258062	monei	-0.004627758753862256
258062	host	-0.00463848774150023
258062	detach	-0.004688564024342462
258062	statist	-0.004702720582968598
258062	third	-0.004716458492680271
258062	diet	-0.004736594993970676
258062	wrap	-0.004745945633843944
258062	straight	-0.004773878855631532
258062	wondr	-0.004780079989628886
258062	owuld	-0.004780083751133507
258062	68	-0.004797024342955094
258062	mid	-0.004878475861705893
258062	coverag	-0.00490222875552191
258062	cover	-0.005017994100885268
258062	variabl	-0.005065776297955602
258062	newburi	-0.005079783268264966
258062	disturb	-0.005138597682592817
258062	mile	-0.0051824764937334344
258062	kick	-0.005199925280882305
258062	consider	-0.005236497270611304
258062	harm	-0.005246006017147564
258062	short	-0.005266913073190511
258062	deviat	-0.005317073227612933
258062	current	-0.005342367052655178
258062	minu	-0.005346978785053476
258062	recoveri	-0.0053701448218731055
258062	smile	-0.005379789231946876
258062	55	-0.005392759188447025
258062	flesh	-0.0054198182282276
258062	avuls	-0.005427357141325417
258062	indic	-0.005475444894631942
258062	develop	-0.005559741873869057
258062	locat	-0.005561791231115545
258062	life	-0.005609785857244497
258062	traumat	-0.005620550348331686
258062	absolut	-0.005711447026034214
258062	pericoron	-0.005883197662559607
258062	deal	-0.005950492652130419
258062	march	-0.005992425259252086
258062	rest	-0.006024689910617915
258062	maryland	-0.006071852271302241
258062	tell	-0.006125046501450319
258062	agreement	-0.0061529119362909186
258062	crook	-0.0061874534233391
258062	colgat	-0.006215843001024695
258062	adolesc	-0.006231845190458787
258062	35	-0.006321638680538289
258062	anticip	-0.00643578627539087
258062	articl	-0.006490464546316747
258062	high	-0.00666504547008355
258062	believ	-0.006667720175656546
258062	try	-0.006718163690231413
258062	look	-0.006751537974909791
258062	due	-0.006777329976875167
258062	present	-0.006780395041948037
258062	half	-0.006808507665257842
258062	angl	-0.006850855371131976
258062	stuck	-0.0068647839944231525
258062	charg	-0.006901197758665495
258062	kilomet	-0.006971192591341477
258062	characterist	-0.007030228708662348
258062	dine	-0.007052133278724828
258062	told	-0.007060320236953855
258062	bite	-0.00707119926362853
258062	involv	-0.0071710537720057884
258062	run	-0.007207177876168129
258062	230	-0.007243533352125702
258062	cancel	-0.007251018340519807
258062	excess	-0.0072544671229353205
258062	signific	-0.007300908492284515
258062	find	-0.007381455706471583
258062	here	-0.007445112616414312
258062	futur	-0.007479198737587291
258062	upper	-0.007597220776132848
258062	accid	-0.0076316889746848755
258062	fairli	-0.007654077333117204
258062	340	-0.00772685813304418
258062	multipl	-0.007777518876668111
258062	reimplant	-0.007792492707587346
258062	head	-0.00784838974320686
258062	twenti	-0.007851163806207725
258062	lack	-0.007855675120358521
258062	son	-0.007862937457069952
258062	sort	-0.00790633458593673
258062	simpl	-0.007962748352181373
258062	specif	-0.00800106560981829
258062	hope	-0.00804338874297627
258062	feb	-0.008105777739456487
258062	gap	-0.008174698627483478
258062	consid	-0.008215156545857702
258062	issu	-0.00827007048745476
258062	option	-0.00828718654946218
258062	angel	-0.008412099508996152
258062	stand	-0.008446667898794526
258062	lo	-0.008464120745582407
258062	backward	-0.008512617159094935
258062	children	-0.00852167880671351
258062	differ	-0.00859897879892234
258062	million	-0.008613417200666114
258062	agre	-0.008635002284370922
258062	accumul	-0.008672301830254869
258062	istori	-0.008703028417150335
258062	empti	-0.008734182896751493
258062	intial	-0.008753162100755142
258062	350	-0.008823470308538982
258062	donot	-0.008826816025232111
258062	major	-0.008847280649736845
258062	discolor	-0.009004996444445712
258062	awai	-0.009016127422674455
258062	oppos	-0.009042199257243852
258062	110	-0.00911814679208035
258062	local	-0.00918045357515633
258062	younger	-0.009187403957384491
258062	48	-0.009193305785533623
258062	rise	-0.009227997137497196
258062	mainta	-0.009274782727544778
258062	stomach	-0.009350469749073203
258062	choic	-0.009362332096600635
258062	finish	-0.009370641539229528
258062	suggest	-0.009374133521249464
258062	unusu	-0.009394835221009801
258062	band	-0.009508566749857192
258062	captur	-0.009558670146828152
258062	broken	-0.009569894808258568
258062	scale	-0.00958515289600775
258062	pose	-0.00968297669332448
258062	signal	-0.009735643242338228
258062	awkward	-0.00974077190366696
258062	lost	-0.009802947386186363
258062	visit	-0.009855827080611855
258062	eventu	-0.00985814969350572
258062	220	-0.009970352977863486
258062	earli	-0.010122538709654353
258062	frighten	-0.010137297888434824
258062	abl	-0.010137387026743163
258062	gregoir	-0.01021496025662977
258062	appli	-0.010239572039977241
258062	1991	-0.0103906996403019
258062	form	-0.01042442959418417
258062	connecticut	-0.010458298422247568
258062	let	-0.010502669721515978
258062	ou	-0.010533139977109628
258062	affect	-0.010568032990746178
258062	mainli	-0.010654582014574353
258062	toothach	-0.010677310178246979
258062	2015	-0.010711152374175161
258062	2008	-0.010750698185419768
258062	uk	-0.010775145393928076
258062	chip	-0.010792265315166406
258062	regular	-0.010821877381405332
258062	pleasant	-0.010822983898984121
258062	agent	-0.010838449454846301
258062	330	-0.010990539244136472
258062	danger	-0.011095929908371915
258062	plane	-0.011107171462268597
258062	obstacl	-0.011152818226845685
258062	result	-0.011176468086908446
258062	entitl	-0.01133020936121181
258062	hurt	-0.011343415871979847
258062	resolv	-0.0113899903070126
258062	fit	-0.011561245891134013
258062	presenc	-0.01166106995485805
258062	drop	-0.0116711721252112
258062	175	-0.011694977101990372
258062	cyst	-0.011720807085958893
258062	anna	-0.011735818612556929
258062	prepar	-0.011810135487967091
258062	capsul	-0.01197023769827227
258062	injur	-0.01197468806697771
258062	intraven	-0.012006187702206853
258062	scan	-0.012030666690849302
258062	blow	-0.012095241067594208
258062	fractur	-0.012100871068014189
258062	annual	-0.012185379009096092
258062	forward	-0.012198855483430804
258062	harder	-0.01250559120137806
258062	add	-0.01255417576691659
258062	efor	-0.012653818647897355
258062	approxim	-0.012662392507208986
258062	trismu	-0.012767940118658972
258062	wai	-0.012807065227040344
258062	peson	-0.012970921319943858
258062	prior	-0.013206761619648294
258062	41	-0.013287819016123121
258062	meal	-0.013711295252565906
258062	couldn	-0.013748382254336422
258062	ball	-0.013795785959425166
258062	924	-0.0138014619168716
258062	probe	-0.013813823045196827
258062	restor	-0.013823795713670305
258062	warm	-0.013917934309869201
258062	suffer	-0.014164881307401166
258062	compress	-0.014284793477105144
258062	panoram	-0.014339473882586183
258062	step	-0.014439541384007045
258062	slice	-0.014577722441129298
258062	ic	-0.01459870125998494
258062	rang	-0.014746119181224596
258062	simpli	-0.014774438220567303
258062	ver	-0.01501468035111778
258062	32	-0.015081667347126768
258062	periodont	-0.015142907734017006
258062	prevent	-0.015175241739806703
258062	frozen	-0.015183041153791323
258062	carri	-0.015389877235108904
258062	leav	-0.01544946153726033
258062	damag	-0.015601371050498502
258062	reason	-0.015802918271923046
258062	fall	-0.01586948575050766
258062	pace	-0.016026388574369266
258062	chill	-0.016063312012078827
258062	lower	-0.016309589119999243
258062	866	-0.0166772024488456
258062	gener	-0.016682056692411802
258062	back	-0.016697318082183665
258062	common	-0.016809434746189345
258062	want	-0.01694739882921367
258062	ithin	-0.016980844695378708
258062	improv	-0.017085936657677443
258062	directli	-0.017323918840087747
258062	open	-0.01732426648872869
258062	vanilla	-0.017356923144830276
258062	uncomfort	-0.017444841682424078
258062	non	-0.017453923333559242
258062	prescrib	-0.017602946057322485
258062	tight	-0.01770727727860949
258062	shape	-0.0177577348848177
258062	quot	-0.018083662500200107
258062	nh	-0.01881566247064783
258062	connect	-0.01888139056429006
258062	diseas	-0.01912814882591876
258062	conciou	-0.01923198260168765
258062	ach	-0.01952145033417219
258062	gauz	-0.01955991882834759
258062	splinter	-0.01958781681207017
258062	moist	-0.019882091524224394
258062	jog	-0.019929502429154873
258062	swab	-0.019931807935214447
258062	room	-0.019983334204457002
258062	number	-0.02016021278561849
258062	walk	-0.020205927786588543
258062	now	-0.020262626714391097
258062	kiss	-0.020408710475961215
258062	doctor	-0.020523714917035543
258062	evalu	-0.020920105415057066
258062	separ	-0.020964715188144772
258062	921	-0.02114622897301468
258062	hinder	-0.021158210984286868
258062	person	-0.021566757360635794
258062	guarna	-0.021822833496860525
258062	orthodont	-0.02185538642660448
258062	potenti	-0.02217785698671167
258062	rid	-0.022222849547993598
258062	undergon	-0.02282125216945874
258062	smaller	-0.022841681327249577
258062	sever	-0.02284347969914079
258062	proper	-0.02310304855123928
258062	cotton	-0.023201668829682137
258062	comfort	-0.023297736408655997
258062	especi	-0.02336072725533758
258062	jiffi	-0.023465800461565624
258062	come	-0.02364044121649655
258062	freezer	-0.02369728103776558
258062	3350	-0.023793239205559754
258062	certainli	-0.024311120275651948
258062	area	-0.02437151456677608
258062	ensur	-0.024529298239174865
258062	5k	-0.024539405278612876
258062	potato	-0.025063074627161366
258062	ow	-0.02520958122359713
258062	type	-0.025416967090498628
258062	difficult	-0.025681224436470727
258062	bye	-0.025871227937530942
258062	straw	-0.02705742025750134
258062	piec	-0.02706502458324396
258062	jaw	-0.027151097638220996
258062	extrract	-0.027441049419538125
258062	surgeri	-0.028098182490501746
258062	corner	-0.02833796695762221
258062	bone	-0.029823905895316905
258062	specialist	-0.030142749657041286
258062	implant	-0.03038878164675288
258062	recov	-0.03043463835862535
258062	anesthet	-0.03140691230674992
258062	shouldn	-0.03158790549082214
258062	pack	-0.03158864524419975
258062	bruis	-0.03184568034571297
258062	easi	-0.03264138232263749
258062	best	-0.03291885230663221
258062	hospit	-0.03361148237419582
258062	help	-0.034132683015155395
258062	intermitt	-0.03504241337679484
258062	ago	-0.03578348790076316
258062	abscess	-0.03664976364839722
258062	angul	-0.0380252435726462
258062	adult	-0.03859567339242913
258062	easier	-0.038998308983192766
258062	smoke	-0.041016562566916985
258062	rai	-0.04126760925952393
258062	be	-0.041779602077561116
258062	decai	-0.043356841853258096
258062	numb	-0.05398737475630828
258062	amukelani	-0.05555956079432715
258062	perman	-0.05564605511616442
258062	gum	-0.05940707332371525
258062	oral	-0.06358945417620451
