47210	ask	0.2780884325088794
47210	depend	0.20106926938101652
47210	averag	0.14314343552518166
47210	shorten	0.13514311779516125
47210	200	0.12583732077193346
47210	typic	0.12246047219278215
47210	long	0.12088049242443233
47210	job	0.10971466220112851
47210	alter	0.10291500073368982
47210	bra	0.10180971061665368
47210	reinsert	0.09418849914512814
47210	2	0.09181429968547822
47210	seamstress	0.09015653011629197
47210	aren	0.08752138652720748
47210	reappli	0.0830030908094947
47210	80	0.08264875682676755
47210	pretti	0.08188394665338233
47210	20	0.0818663602992907
47210	gown	0.08116394164170727
47210	slightli	0.07872429630561051
47210	like	0.07602338412849148
47210	plastic	0.07574404813727173
47210	bust	0.07557048683609907
47210	put	0.07304715787612674
47210	normal	0.07226405960501275
47210	multi	0.0713098265911858
47210	extra	0.07092989114159126
47210	lift	0.07001593286738486
47210	expect	0.06963848108963408
47210	web	0.06757225180756124
47210	wed	0.06654272498955326
47210	90	0.06563837373082794
47210	effort	0.06542437353454661
47210	leanna	0.06537745904482245
47210	especi	0.06526051913372072
47210	piec	0.06458086509250686
47210	handl	0.06277264294488148
47210	feel	0.06258723356702509
47210	add	0.062187655541901435
47210	care	0.05938484046006931
47210	david	0.058300088117449585
47210	layer	0.05780454950589156
47210	discount	0.057431277512882246
47210	greatli	0.054512756493242276
47210	bone	0.05440282255518913
47210	135	0.05395870511155262
47210	hook	0.05343754502494945
47210	secur	0.05211772667478633
47210	shorter	0.051760062458532
47210	just	0.050516019989972606
47210	quincea	0.049817937549470455
47210	140	0.0490489836246172
47210	will	0.048294764296430245
47210	base	0.047379268943075224
47210	strap	0.046870516825404065
47210	pant	0.04675691719137258
47210	rang	0.04652320684909876
47210	don	0.045823309294397256
47210	well	0.04454017280325889
47210	wear	0.04373549955663589
47210	preservationist	0.042940653532794706
47210	ad	0.042010116428759396
47210	determin	0.04178191278117586
47210	push	0.04115826308855639
47210	wrong	0.04100389921001651
47210	fit	0.04075157434521338
47210	primer	0.04071384743035666
47210	500	0.04045423120120588
47210	danc	0.04010940619230726
47210	400	0.03957079654888196
47210	independ	0.03909503627812064
47210	area	0.03905428305443839
47210	attend	0.03900735982793142
47210	bustier	0.0389301707794606
47210	lterat	0.03840127473194681
47210	store	0.038362253255048204
47210	type	0.03772699468613496
47210	35	0.03762251683896766
47210	pick	0.03752241337805357
47210	bought	0.037292768010154846
47210	remov	0.036699770587857394
47210	involv	0.0362283983551573
47210	hand	0.0354588166890424
47210	30	0.034787363775855874
47210	studio	0.03442803162495952
47210	vari	0.03394016790860252
47210	spend	0.03392398876040718
47210	idea	0.03353837924893447
47210	least	0.033275089379059604
47210	length	0.033123016069865355
47210	try	0.032953251502305575
47210	4	0.03282485920237632
47210	came	0.03261873440952585
47210	skirt	0.03216700928912386
47210	width	0.03137924565371056
47210	chang	0.03132107851241992
47210	000	0.030520965243735085
47210	design	0.03041481238574865
47210	ll	0.03014492155730836
47210	55	0.030003207501123345
47210	updat	0.02991695579826077
47210	bit	0.029914217040507205
47210	crucial	0.029358635869477265
47210	shirt	0.02934800791000382
47210	requir	0.028801975868507065
47210	citi	0.028667681248952158
47210	badli	0.028411382098619486
47210	225	0.02840725904744859
47210	websit	0.02827510150843488
47210	larg	0.027880653921926925
47210	90kilogram	0.027719907398522703
47210	start	0.027625821658385646
47210	10	0.027542150530133203
47210	magazin	0.027292021674376436
47210	tend	0.026638359597995268
47210	upward	0.026404087386857032
47210	common	0.026368486099749514
47210	era	0.026334578869405694
47210	1930	0.026249063249851518
47210	taken	0.0260249320638508
47210	pai	0.025795754864270444
47210	thermoflex	0.02573865880460424
47210	budget	0.02541651386453955
47210	rebuild	0.024968826787785753
47210	embellis	0.024945889155394186
47210	435	0.02461833380923739
47210	640	0.024514606873447593
47210	iscount	0.02445529749112664
47210	know	0.024365607729602248
47210	attent	0.024151114226372058
47210	rs	0.024112133086190552
47210	themor	0.024097911031259137
47210	marriag	0.02404303594198278
47210	difficulti	0.023907692292944826
47210	sure	0.023899862732158245
47210	mai	0.023513988899183935
47210	2015	0.023461170225254378
47210	1939	0.02304408665435542
47210	formal	0.022798252394367967
47210	final	0.02275467967909708
47210	fix	0.022598071756240613
47210	salon	0.022152041051516875
47210	bouquet	0.02210728921192269
47210	meant	0.022062587190857703
47210	free	0.021897451786811042
47210	beach	0.021368989963724622
47210	184	0.021317881390383146
47210	flower	0.02120298250950996
47210	am	0.02103940335425856
47210	men	0.020690798222388868
47210	800	0.020639876410568983
47210	seam	0.020516342218471376
47210	investig	0.02042460561212125
47210	255	0.020262949581708992
47210	986	0.02015828527881149
47210	see	0.019833549666032537
47210	ceremoni	0.019715353169105766
47210	take	0.01967752446836131
47210	purchas	0.01954344138277026
47210	952	0.019357032340619
47210	uestion	0.019141492209840023
47210	300	0.019104951282979864
47210	275	0.0187003176875107
47210	small	0.018604734803388187
47210	total	0.017996823115217296
47210	accur	0.01791770331996987
47210	guess	0.017912751582689353
47210	hip	0.01783066006138902
47210	5	0.017699159402253598
47210	32b	0.017150792184932956
47210	size	0.017114451316750653
47210	parti	0.017095572609951516
47210	inch	0.01701438351906941
47210	bracket	0.016820281068563276
47210	full	0.016696012469718323
47210	3	0.01656736155211538
47210	coupl	0.016539154786388996
47210	degre	0.01650236057187284
47210	america	0.01636570817592717
47210	125	0.016279270948166
47210	34b	0.01621642191288908
47210	beauti	0.016087697092814383
47210	experi	0.01605114975999249
47210	member	0.016050693000411634
47210	boutiqu	0.015546897306746727
47210	place	0.015296134643763616
47210	on	0.01526288025286964
47210	85	0.014988723403193044
47210	28k	0.014966038252987781
47210	outlast	0.014887754756742613
47210	ultim	0.014665461261284736
47210	concern	0.014643634720281348
47210	associ	0.01461742065184688
47210	dressfind	0.014565902148804951
47210	tini	0.014512371739563015
47210	packag	0.014373344230156678
47210	definit	0.014223186638009514
47210	estim	0.014113261809560665
47210	lb	0.014100193844781027
47210	rihanna	0.014067352073327172
47210	perfect	0.013996219293933314
47210	angl	0.01390716463056251
47210	boob	0.013837743691557611
47210	vinyl	0.013751674115726736
47210	intend	0.013692773507311748
47210	easili	0.01368906899630218
47210	durabl	0.013661070682617122
47210	chest	0.013592408804043813
47210	bad	0.013536896830240236
47210	keep	0.013522200385331843
47210	dilemma	0.01351046974478048
47210	ddition	0.013480878377852763
47210	dc	0.013454212536702943
47210	famili	0.013292542679282236
47210	weddingbe	0.013179252894692888
47210	parent	0.013118885300108688
47210	detail	0.013019133224146849
47210	shop	0.012870043016472906
47210	leav	0.012797703470210607
47210	stain	0.012730916105354364
47210	replac	0.01263701385874743
47210	polyurethan	0.012621258428388835
47210	30k	0.01254460324862678
47210	kilogram	0.012317982807505732
47210	clean	0.01229911374479573
47210	short	0.012056868875942628
47210	mean	0.011860963238309772
47210	123	0.011794862891231082
47210	dayn	0.011767835273794134
47210	hors	0.011754676772308896
47210	enter	0.011723303671171411
47210	list	0.0116273155522866
47210	cours	0.011626884022911267
47210	wai	0.011458510036269924
47210	uncommon	0.01134693398910024
47210	gener	0.011224054822738154
47210	headpiec	0.011169860090103517
47210	hour	0.011153070586302329
47210	choos	0.011135371393490277
47210	respons	0.011100939380758047
47210	current	0.010956935953128744
47210	approxim	0.010949479425937016
47210	iron	0.010913071803809146
47210	select	0.010892153676347598
47210	car	0.010869722993060459
47210	check	0.010846923941484126
47210	advis	0.010827719854487041
47210	hotel	0.010737943688079305
47210	shawl	0.010736648883810426
47210	350	0.01067609399048312
47210	high	0.010652548076006933
47210	grip	0.010640144061691465
47210	est	0.010627155158446233
47210	went	0.010560085386272797
47210	simpli	0.010548563807070005
47210	waist	0.010529369067361802
47210	chaff	0.010395200233257258
47210	zip	0.010357522046290162
47210	219	0.010093303275443343
47210	73	0.010057294337536327
47210	ideal	0.01002519253502846
47210	645	0.010014764906837392
47210	plu	0.009835629567494035
47210	basic	0.009825675873596403
47210	portrai	0.009763004424278654
47210	tell	0.009754772865974974
47210	spent	0.009722136631875603
47210	freemor	0.009705056786075448
47210	000set	0.009705031597482261
47210	fabric	0.009643305455038964
47210	pattern	0.009634284503740546
47210	maid	0.009626220639806483
47210	big	0.009544675835031888
47210	embroideri	0.009459355186903702
47210	comment	0.009383975257975661
47210	kg	0.009353288271555625
47210	rich	0.00932938513354143
47210	56	0.009321907283073734
47210	new	0.009296187862577483
47210	quot	0.00926113436959226
47210	bewar	0.00921248693774106
47210	53	0.0091608983912936
47210	damag	0.009139339225778286
47210	finish	0.009100709570675969
47210	13	0.009044536962792837
47210	357	0.009044423677256311
47210	willow	0.009031176028673189
47210	elimin	0.009024810149539637
47210	nearli	0.008922103200796904
47210	singer	0.00888235129143108
47210	exampl	0.008867122499358502
47210	weight	0.00885690538180769
47210	yard	0.008842756885753866
47210	august	0.008762845221748092
47210	flexibl	0.008729088640020028
47210	theknot	0.008721438567146045
47210	strapless	0.00868243426143816
47210	213	0.008633951353130281
47210	expand	0.008618779295355287
47210	multipl	0.008381597955987849
47210	sewn	0.008339073136679583
47210	shape	0.008332819198024012
47210	stress	0.00821234253941775
47210	properli	0.00816583249767202
47210	question	0.008145493748192826
47210	tri	0.008076682763767152
47210	sai	0.00805277874595086
47210	amount	0.008023074408416224
47210	answer	0.007974080875330053
47210	soft	0.007907701633718433
47210	destin	0.007898937042076812
47210	highli	0.007892988814468474
47210	regret	0.007798091555162479
47210	flat	0.00776256378356591
47210	code	0.0077394204310957115
47210	mood	0.007724439389271094
47210	6	0.00769642455718556
47210	industri	0.00767378666055785
47210	cutter	0.007652141162066253
47210	heavi	0.007634626044671995
47210	happen	0.007628183712223744
47210	easi	0.00759100935722565
47210	doesn	0.007566961945299029
47210	groom	0.007559046445311408
47210	choic	0.0075541843500265375
47210	rate	0.007521134870158952
47210	2014	0.0074649504206735235
47210	pound	0.007441506102235661
47210	strong	0.007432921033404096
47210	18	0.007430859587861875
47210	2011	0.007353419995052949
47210	rush	0.007294217270196368
47210	intern	0.007284497809708654
47210	sister	0.007259069001032242
47210	statist	0.007214385110621119
47210	who	0.007194939287185416
47210	point	0.007011746723308065
47210	creat	0.006769693899942616
47210	side	0.006724898807067529
47210	review	0.00671123196992705
47210	reduc	0.006683932150340502
47210	honest	0.006553258144490792
47210	benefit	0.006513639827356278
47210	sentenc	0.006499246116386797
47210	down	0.006482309366807687
47210	bid	0.006457100520917636
47210	region	0.006427733971387572
47210	heat	0.0064134615419611084
47210	part	0.006333580098358375
47210	starter	0.006284786453139501
47210	bare	0.0062568504767419285
47210	alcohol	0.0062246025662322305
47210	thread	0.006220935992162376
47210	measur	0.0062099503492456755
47210	ace337	0.00613742830638057
47210	2008	0.006126815075402663
47210	11	0.005976440351813633
47210	forum	0.005946497056530113
47210	season	0.005939215512377174
47210	necessarili	0.005909830091114661
47210	inappropri	0.005886896835373527
47210	helper	0.005816411443391018
47210	telephon	0.005805213895005869
47210	slip	0.005667501846147791
47210	tag	0.005586091104842752
47210	clearanc	0.005573592980643952
47210	form	0.005522337964080656
47210	life	0.0054911823037512
47210	factor	0.005445875416319909
47210	specifi	0.005406594945979731
47210	tree	0.0053932077150215165
47210	worth	0.0053748253233692235
47210	call	0.005355828035480581
47210	corner	0.005335473045313658
47210	31	0.005295589523704348
47210	coordin	0.005284827658537053
47210	hautelook	0.005200622819798094
47210	left	0.005177465855191828
47210	700	0.005075012136124943
47210	116	0.00503131175557631
47210	histori	0.005011275301033548
47210	marri	0.004939120324300977
47210	hassl	0.0049365012930328
47210	feb	0.004914459045026183
47210	rrobinson15	0.0048669070236962795
47210	item	0.00482548396407982
47210	nordstrom	0.004681238853365312
47210	flag	0.004680822183551098
47210	01	0.004636672062410804
47210	option	0.0045517574858754475
47210	increas	0.004476419998039717
47210	machin	0.00444238291798582
47210	44	0.004430849567483208
47210	201	0.004385935387234483
47210	drastic	0.004356300281775298
47210	search	0.0043317149694095634
47210	marchesa	0.0042835834173393485
47210	tuxedo	0.004247178578039687
47210	told	0.004196525242949905
47210	pm	0.004163990491314882
47210	expertis	0.0040412457394433075
47210	ey	0.003953241527472031
47210	claim	0.003952136596370247
47210	accessori	0.003912317539679054
47210	real	0.0038948758683428606
47210	decid	0.0038563816724523432
47210	user	0.0037957443784439244
47210	28	0.003760301773582819
47210	ttd	0.0037462381396166974
47210	7	0.0037354189629199073
47210	prepar	0.003712733194506553
47210	rack	0.0036705516930037926
47210	studi	0.003640780542962257
47210	engag	0.0036137677082671207
47210	2010	0.003494807105407125
47210	effici	0.0033999475765832264
47210	juli	0.0033998111531396936
47210	onfid	0.003388892730119344
47210	back	0.0033241698162905543
47210	open	0.003306470124443716
47210	com	0.0033031716865192214
47210	extrem	0.0031370004521755
47210	convert	0.0031227642378927256
47210	suppli	0.0030086049293133925
47210	manufactur	0.0029868961625386273
47210	videograph	0.002844671543589281
47210	person	0.0028093425865947813
47210	cano	0.0027507476794780823
47210	vote	0.0027375143663623436
47210	gladli	0.002726385301874939
47210	give	0.0027050407494609795
47210	983	0.0026836083414696677
47210	runwai	0.0026680191074792818
47210	159	0.0026634491684019816
47210	939	0.0026497877556003577
47210	148	0.0026419946291417807
47210	suit	0.0025265112451588216
47210	verag	0.0025062418277192744
47210	657	0.0024713209929896076
47210	155	0.0024633066376500367
47210	retail	0.0024154698625590177
47210	compani	0.002379128663994256
47210	020	0.0023292096575438016
47210	confid	0.0022920036033061753
47210	attir	0.002245081645383173
47210	dj	0.002146422772217403
47210	invoic	0.0020930859846808626
47210	tailor	0.0020778271404351804
47210	shoot	0.002053778347069
47210	16	0.0020150661355057874
47210	receipt	0.0018987931202850217
47210	mexico	0.0018470457912957475
47210	nearest	0.0017961207735242427
47210	cake	0.0017660014770177832
47210	spring	0.0016472246448140302
47210	smart	0.0016435363696875557
47210	walk	0.0016382889712986243
47210	hopefulli	0.0015901831622888182
47210	french	0.0015859122708395893
47210	april	0.001537672023211222
47210	pack	0.0015269933039899358
47210	ring	0.0015131866973791498
47210	model	0.0014949302839662314
47210	york	0.0014785146350431075
47210	consult	0.0014781894314124697
47210	2009	0.001470965229049537
47210	whoa	0.0014655936518254528
47210	band	0.001456982501080362
47210	collect	0.0014374758386683855
47210	next	0.0013986833970297025
47210	critic	0.0013825991899995506
47210	equal	0.00131336190357337
47210	21	0.0013100842404431025
47210	compon	0.0013079617308538603
47210	hoa	0.0013022502025151982
47210	23	0.0013015422292000057
47210	state	0.001267606806215105
47210	note	0.0011703407415577958
47210	home	0.0011625301580842748
47210	recept	0.0010613736301176868
47210	right	0.0009688834801568801
47210	american	0.0009530863415120947
47210	help	0.0008723030293925354
47210	858	0.0007559824621910532
47210	outlier	0.0007314289643812179
47210	2013	0.0006431876631278835
47210	find	0.0006431317115483581
47210	hover	0.0006224960956276498
47210	lace	0.0005292178026377317
47210	notabl	0.0005135631513398265
47210	come	0.0005085607844519615
47210	awai	0.0004832836734704403
47210	across	0.00047446686737489277
47210	29	0.00041554978949698583
47210	map	0.0003971938834110255
47210	22	0.00039044370655171793
47210	mid	0.00038285006046566216
47210	chain	0.00037960798841731215
47210	medium	0.00035740936989981905
47210	moder	0.0001229607416222726
47210	top	8.845736798925238e-05
47210	go	4.930761626554155e-05
47210	show	1.2933693304394555e-05
47210	littl	-0.00011524688286960632
47210	accord	-0.00017540663674820594
47210	onlin	-0.000180308067090152
47210	made	-0.000197028601875209
47210	event	-0.0005061574218609182
47210	avoid	-0.0006124752017019602
47210	70	-0.0006711309517276791
47210	trip	-0.0006820979617308493
47210	nation	-0.0006891890141268043
47210	compris	-0.0007327873213430189
47210	work	-0.0007681636660198603
47210	smaller	-0.0010071175932135645
47210	pair	-0.0010599613903073172
47210	front	-0.0010980953343320682
47210	featur	-0.001350646272170417
47210	jean	-0.0013859015648965598
47210	site	-0.0014186193001647152
47210	seri	-0.001425544348185039
47210	unit	-0.0014652194240844288
47210	social	-0.0014982525153511873
47210	insid	-0.0015342019155178334
47210	allow	-0.0015635947358295904
47210	honeymoon	-0.0016447702103392673
47210	median	-0.0016545226872547905
47210	uniqu	-0.0016602061202198892
47210	ye	-0.0016912741468314023
47210	posit	-0.0017055186684216685
47210	present	-0.001729644231493738
47210	televis	-0.0017368361585704587
47210	button	-0.001773135099948853
47210	merchantcircl	-0.001794313178646203
47210	love	-0.0018421740855653487
47210	specialist	-0.001981705565273153
47210	subject	-0.0019868296894383726
47210	tradit	-0.002010218307909344
47210	dollar	-0.0020171250667959445
47210	structur	-0.002031975959613903
47210	knot	-0.0020453051619986765
47210	refer	-0.0020756190014875322
47210	carefulli	-0.002077799651048236
47210	frequent	-0.0020809361633257633
47210	relationship	-0.0021101045070425605
47210	craft	-0.002134845403822619
47210	occas	-0.0022348027109688473
47210	convers	-0.0022809888797347124
47210	constant	-0.0023983908232522166
47210	expos	-0.0024133849797188106
47210	year	-0.002605109997922215
47210	tabl	-0.0026180808406790165
47210	anchor	-0.002801565265150955
47210	rent	-0.002838610467911226
47210	tlc	-0.0028451132397450895
47210	hate	-0.002853306405349262
47210	import	-0.0028800126417115744
47210	understand	-0.002889486844755173
47210	frustrat	-0.002975625301276719
47210	bridal	-0.002998624767329538
47210	mention	-0.0030830749739612267
47210	embarrass	-0.003212750736251627
47210	hard	-0.003235725812955899
47210	shift	-0.0033539485973255387
47210	mark	-0.003365860179641677
47210	veil	-0.003639876856212414
47210	appli	-0.0036779508737662067
47210	thousand	-0.003712827625174804
47210	cocktail	-0.0037711651784880177
47210	101	-0.0038980648056519346
47210	kleinfeld	-0.0039987273656279946
47210	us	-0.004107730854207744
47210	roughli	-0.004108308670306606
47210	special	-0.004151446659221439
47210	crew	-0.00416683938966078
47210	refus	-0.0042023173385526864
47210	showcas	-0.004220939108908153
47210	fashion	-0.004268154196632754
47210	dona	-0.004430890738409836
47210	return	-0.004480335802491081
47210	quickli	-0.004535453109148557
47210	varypparel	-0.004787288977874828
47210	gorgeou	-0.004859358265721173
47210	150	-0.004949476650067761
47210	trouser	-0.005127688041533979
47210	bodi	-0.005213347083226234
47210	construct	-0.005213949084732996
47210	doubl	-0.00530048544312473
47210	women	-0.0053127973372379435
47210	pre	-0.005316309190810646
47210	plan	-0.00548463068185632
47210	releas	-0.005613296655817177
47210	major	-0.005900693665590416
47210	onli	-0.005979922071887082
47210	onc	-0.005984041927749494
47210	cut	-0.005987420205122213
47210	found	-0.006016387904337054
47210	servic	-0.006103665960308929
47210	percent	-0.006154544280569954
47210	date	-0.006208267942368892
47210	locat	-0.0062258211094249226
47210	whole	-0.006230952562301773
47210	due	-0.006258415043694374
47210	8	-0.006298346845251675
47210	post	-0.006443019562507091
47210	hidden	-0.00683435023183575
47210	steam	-0.006840707522567809
47210	venu	-0.006860184227981909
47210	okai	-0.007034989316680795
47210	guid	-0.007056753218098164
47210	abl	-0.007236157548007726
47210	100	-0.0073680685341405965
47210	dress	-0.0074159984127977144
47210	sale	-0.0075027702128216
47210	1000	-0.00763292043220991
47210	2000	-0.007825250693095389
47210	save	-0.007876835425571691
47210	95	-0.008146762908365962
47210	photograph	-0.00822620691063171
47210	height	-0.008481091475576031
47210	rule	-0.00857367491732606
47210	promdressshop	-0.008648234646691616
47210	order	-0.008897840541705924
47210	jump	-0.008917154519220316
47210	slide	-0.009020790015736416
47210	vendor	-0.009101715572508384
47210	tear	-0.009104962340723097
47210	lawchick	-0.009134271354092097
47210	expec	-0.009203324667403711
47210	exclud	-0.009227587553222626
47210	known	-0.009301637382548935
47210	finzup	-0.009505313408550918
47210	jewelri	-0.009681644634818631
47210	75	-0.009691107986558879
47210	plain	-0.00995846204400826
47210	natur	-0.010034780509413106
47210	planner	-0.010083021803211415
47210	write	-0.010088153995915458
47210	lingeri	-0.010106258395264325
47210	redesign	-0.010508712179300057
47210	lower	-0.010666361536927342
47210	popular	-0.01114166834964133
47210	281	-0.011248555274746741
47210	crazi	-0.011872710789429334
47210	here	-0.011982079352824523
47210	imposs	-0.012144288359559172
47210	26	-0.012338151949507709
47210	bridesmaid	-0.012879908219396021
47210	stai	-0.013155781175445691
47210	minimum	-0.013241512905096953
47210	costliest	-0.013298912067594934
47210	bodic	-0.013564144630880154
47210	apparel	-0.013737024853500798
47210	25	-0.013776971619206685
47210	limit	-0.013875196093915423
47210	211	-0.013877428098098407
47210	photo	-0.014162566036576646
47210	la	-0.014171552301758528
47210	dai	-0.014341472939011982
47210	singl	-0.01445792515038963
47210	credit	-0.014559430690302539
47210	second	-0.014924007607226219
47210	minim	-0.0155320055744227
47210	number	-0.015553261174651932
47210	support	-0.01556831867835958
47210	late	-0.015608375065424273
47210	250	-0.015770480527689652
47210	materi	-0.01586614772732156
47210	entir	-0.01600540165458212
47210	best	-0.016126661944150696
47210	15	-0.01618972777587146
47210	labor	-0.016292999097389307
47210	fee	-0.016858065379120078
47210	vega	-0.016976748494472664
47210	ecstat	-0.017136471296666473
47210	bride	-0.01738582508137545
47210	bring	-0.017396896074879424
47210	round	-0.01743440487100268
47210	intens	-0.017753917956828492
47210	low	-0.01782666496907468
47210	prior	-0.017853808647356036
47210	line	-0.017982662866407515
47210	higher	-0.018326131710718025
47210	dream	-0.018610953492667965
47210	alon	-0.01904984993125139
47210	bui	-0.0195771876254946
47210	rememb	-0.019912296480730667
47210	ow	-0.019998405016263106
47210	necklin	-0.02032475044021853
47210	monei	-0.020576626168448
47210	halter	-0.020688691452745087
47210	shoe	-0.020803386643878947
47210	120	-0.02102153786743858
47210	complet	-0.021397132806389146
47210	perfectli	-0.021455539058489424
47210	offer	-0.021505361138952288
47210	satin	-0.021871704357411672
47210	time	-0.02194909424363492
47210	bottom	-0.02225033713685723
47210	undergo	-0.022489611098002286
47210	includ	-0.022537682797777722
47210	month	-0.022610404940343585
47210	week	-0.022733098734412767
47210	mind	-0.02294261609462117
47210	connecticut	-0.0230880594108093
47210	forget	-0.023362318383122506
47210	written	-0.02346084115099028
47210	50	-0.023502324335992753
47210	tuck	-0.024445940196259806
47210	slim	-0.024759748604963678
47210	elop	-0.026734229283682135
47210	simpl	-0.028048266585406552
47210	inexpens	-0.0281726083441274
47210	survei	-0.028432294965104528
47210	wonder	-0.028966737473379037
47210	thumb	-0.029498406244176247
47210	nip	-0.030203558819135785
47210	kei	-0.030425098276851945
47210	loos	-0.03105794149840465
47210	expens	-0.03110667028828573
47210	cost	-0.031277392807354115
47210	still	-0.03177329902896958
47210	2012	-0.03213895649095954
47210	1	-0.032591653468279955
47210	rental	-0.032824224257264764
47210	press	-0.032827462650977794
47210	ahead	-0.03349272199351575
47210	twirl	-0.03420062048417873
47210	custom	-0.03483628114939421
47210	coutur	-0.03606730921254968
47210	channel	-0.03648268525496603
47210	65	-0.0367351125963867
47210	undergar	-0.03716555712987888
47210	spanx	-0.0384100305344736
47210	consid	-0.038457122695144674
47210	train	-0.039078937923156684
47210	bustl	-0.039799563990255055
47210	adjust	-0.041067523025149315
47210	sleev	-0.041357198942542514
47210	price	-0.042229030437007056
47210	garment	-0.04259769344993586
47210	shoulder	-0.0445045547051451
47210	appoint	-0.04486925200912128
47210	set	-0.045405236241936715
47210	can	-0.04541130182708562
47210	600	-0.04616258507773043
47210	hem	-0.046386476291772956
47210	underskirt	-0.04785555502702409
47210	40	-0.048205389639424306
47210	wide	-0.050675873830541646
47210	450	-0.05208497581091415
47210	want	-0.05466149735293881
47210	denver	-0.0553479539684243
47210	guest	-0.05970540440950479
47210	craftsmanship	-0.06092686146298179
47210	style	-0.061269038298131254
47210	rare	-0.06422466786551313
47210	public	-0.06485338124035203
47210	complic	-0.06680703383264279
47210	think	-0.0686753171024703
47210	look	-0.07199365990335317
47210	addit	-0.07317535245886728
47210	prom	-0.07650034233402926
47210	complex	-0.08269806445660173
47210	decor	-0.0868963552007631
47210	bead	-0.08748563139994377
47210	elabor	-0.11691580002738235
47210	inform	-0.11875807048205236
47210	run	-0.13292612802841414
47210	cup	-0.22654914433265635
47210	charg	-0.2880292181957894
47210	need	-0.3035353071299676
