148538	bsn	0.2786301
148538	graduat	0.23469746
148538	licens	0.18323906
148538	posit	0.17299744
148538	degre	0.16518223
148538	sn	0.1650327
148538	year	0.15634863
148538	leadership	0.15275693
148538	exact	0.14625894
148538	level	0.13569604
148538	hospit	0.12697685
148538	higher	0.12004645
148538	grad	0.11884941
148538	titl	0.114995606
148538	research	0.11447653
148538	anesthetist	0.114145845
148538	staff	0.107880965
148538	caliotter3	0.10766532
148538	graduc	0.10737498
148538	just	0.101684466
148538	3500	0.099912986
148538	asn	0.099019006
148538	opportun	0.09820172
148538	prerequisit	0.097804636
148538	ursinglink	0.097459406
148538	4	0.0955879
148538	coursework	0.09399521
148538	2500	0.09379782
148538	100k	0.0898451
148538	nurs	0.0887955
148538	public	0.08851954
148538	exam	0.088428766
148538	sit	0.08817566
148538	scienc	0.08272512
148538	job	0.081898466
148538	differenti	0.08090234
148538	entri	0.07752879
148538	facil	0.077309765
148538	bachelor	0.07713236
148538	informat	0.07480856
148538	health	0.07315116
148538	hour	0.07199809
148538	owev	0.07050789
148538	bachlor	0.067729466
148538	lpn	0.063093595
148538	asknursingonlin	0.06282499
148538	biomed	0.06280961
148538	subordin	0.05976546
148538	employ	0.05947675
148538	administr	0.057354547
148538	engin	0.056370776
148538	ect	0.05582854
148538	semest	0.05531605
148538	still	0.055250622
148538	ut	0.053528618
148538	reasearch	0.05284598
148538	lvn	0.051685054
148538	like	0.050268646
148538	broader	0.04955701
148538	chanc	0.049168322
148538	type	0.04907369
148538	civil	0.048778646
148538	occup	0.046811152
148538	2	0.046419088
148538	near	0.046402406
148538	non	0.0455097
148538	lead	0.045497373
148538	cancel	0.044085976
148538	summari	0.044072215
148538	seek	0.044009585
148538	due	0.043971334
148538	aa	0.043876052
148538	includ	0.042892493
148538	rn	0.04260908
148538	teach	0.041989535
148538	number	0.038626574
148538	go	0.03835462
148538	across	0.038176723
148538	duti	0.03814106
148538	adn	0.03750717
148538	littl	0.037452642
148538	holder	0.037175555
148538	consult	0.037110597
148538	stand	0.037049312
148538	impact	0.036957342
148538	expir	0.03671173
148538	seen	0.03634453
148538	aka	0.03622444
148538	45	0.03601097
148538	suppli	0.035999637
148538	35	0.035887696
148538	command	0.03549651
148538	ground	0.035161547
148538	stai	0.03507344
148538	make	0.03505344
148538	statement	0.034916673
148538	offici	0.034660388
148538	increas	0.03404203
148538	give	0.033836395
148538	pai	0.033754356
148538	establish	0.033351503
148538	video	0.033290844
148538	differ	0.033162702
148538	consist	0.033144034
148538	univers	0.032988444
148538	train	0.03274712
148538	gear	0.032709718
148538	18	0.032392707
148538	credit	0.03187316
148538	licensur	0.031158699
148538	onli	0.030956889
148538	63	0.030777378
148538	baccalaur	0.030765176
148538	abus	0.030427938
148538	instruct	0.030250836
148538	transit	0.030015068
148538	minimum	0.029725805
148538	depth	0.02957674
148538	1	0.02955859
148538	perform	0.029287748
148538	ask	0.029221412
148538	280	0.029151473
148538	choos	0.028991839
148538	grow	0.02878495
148538	taken	0.028693128
148538	educ	0.028319946
148538	work	0.027934192
148538	free	0.027808838
148538	car	0.027779968
148538	uniqu	0.027761145
148538	expand	0.027689682
148538	obtain	0.027288321
148538	organ	0.0272492
148538	resum	0.027240412
148538	standard	0.026991528
148538	run	0.02681603
148538	appli	0.026253657
148538	famili	0.025424477
148538	let	0.025404893
148538	manag	0.025297357
148538	learn	0.025089834
148538	help	0.024837911
148538	sign	0.02477458
148538	57	0.024690831
148538	mix	0.024369737
148538	00	0.024271498
148538	profess	0.024011739
148538	quot	0.023940338
148538	successfulli	0.023881586
148538	wai	0.02345871
148538	model	0.023426412
148538	greater	0.023100648
148538	came	0.023026764
148538	accredit	0.02238804
148538	http	0.02201358
148538	250	0.021868274
148538	access	0.02176617
148538	long	0.021750495
148538	futur	0.02154664
148538	expect	0.02118243
148538	competit	0.021129638
148538	will	0.02086133
148538	76	0.0207587
148538	lower	0.020421997
148538	nation	0.020151032
148538	hei	0.020114781
148538	return	0.020050619
148538	rang	0.019577451
148538	don	0.019074492
148538	64	0.018904163
148538	show	0.018531805
148538	role	0.018399157
148538	nursinglink	0.017993882
148538	land	0.017790075
148538	rate	0.01761471
148538	sai	0.017323788
148538	practition	0.017239444
148538	crna	0.017222496
148538	market	0.017144408
148538	40	0.017066449
148538	term	0.016780091
148538	follow	0.015968539
148538	academ	0.015928805
148538	0	0.015227973
148538	refer	0.01507226
148538	report	0.014842928
148538	websit	0.014817096
148538	allow	0.014596265
148538	career	0.014372102
148538	calcul	0.0143388035
148538	na	0.014243737
148538	profession	0.01404608
148538	end	0.013946438
148538	incom	0.01386581
148538	vocat	0.013769802
148538	amount	0.012750881
148538	think	0.012730572
148538	cours	0.012249043
148538	prefer	0.011627147
148538	interest	0.011597256
148538	bl	0.011420284
148538	length	0.011411117
148538	earn	0.011364887
148538	technic	0.011205129
148538	clinic	0.011008174
148538	certif	0.010975061
148538	unit	0.010823429
148538	area	0.010792022
148538	offer	0.010611985
148538	person	0.010434837
148538	next	0.009772434
148538	question	0.0095658265
148538	commun	0.009254814
148538	colleg	0.008951133
148538	histori	0.008880475
148538	site	0.00867147
148538	finish	0.008370844
148538	test	0.008343123
148538	full	0.0077164033
148538	20	0.0076155397
148538	gain	0.0073936745
148538	admiss	0.0065611424
148538	5	0.006407723
148538	respons	0.006384472
148538	servic	0.0063547264
148538	studi	0.0061671324
148538	mai	0.005575007
148538	plan	0.005567837
148538	signific	0.005541028
148538	advantag	0.0054822764
148538	best	0.0054664123
148538	assist	0.00490227
148538	time	0.004852533
148538	school	0.0043035955
148538	000	0.004292345
148538	straight	0.004179786
148538	averag	0.0039266273
148538	rout	0.002890272
148538	paid	0.0019734653
148538	can	0.0018849662
148538	path	0.0018821809
148538	want	0.0018485605
148538	cureward	0.00097487617
148538	base	0.0009615499
148538	salari	0.0006897518
148538	card	0.0005805435
148538	loan	0.0005390017
148538	debit	0.00045974352
148538	alert	0.00041747818
148538	equiti	0.00039578407
148538	condit	0.00036303443
148538	arm	0.00034218474
148538	insur	0.00031185788
148538	fee	0.0003108915
148538	custom	0.00028608635
148538	adjust	0.00026274653
148538	product	0.00023337263
148538	fix	0.0001591047
148538	greenspan	0.00015098148
148538	line	0.00011938363
148538	worthi	0.00010874002
148538	explod	0.00010823335
148538	alan	0.0001058565
148538	chairman	9.994698e-05
148538	broker	9.563736e-05
148538	bubbl	9.507994e-05
148538	buyer	8.5504485e-05
148538	encourag	8.2878236e-05
148538	2004	8.22513e-05
148538	peak	8.011879e-05
148538	reserv	7.4945274e-05
148538	payment	6.718343e-05
148538	feder	6.2855535e-05
148538	reason	4.9724636e-05
148538	period	-0.0001108098
148538	secondari	-0.00016446356
148538	remaind	-0.00020578127
148538	final	-0.00043472447
148538	began	-0.00047286093
148538	regularli	-0.00057065615
148538	bigger	-0.0005795654
148538	half	-0.0006354994
148538	know	-0.00066505244
148538	default	-0.0006998845
148538	swap	-0.000706562
148538	ve	-0.0007303043
148538	stagger	-0.0007454361
148538	3	-0.0007572158
148538	percentag	-0.0007747264
148538	subprim	-0.0008088196
148538	diploma	-0.00083316234
148538	affect	-0.0008365844
148538	ll	-0.00087403075
148538	2011	-0.0008881151
148538	worst	-0.00091741054
148538	requir	-0.0013916617
148538	enrol	-0.0020181814
148538	gener	-0.0022737687
148538	low	-0.0024232408
148538	caus	-0.002688068
148538	lender	-0.0034513853
148538	be	-0.0037389146
148538	member	-0.003767421
148538	answer	-0.0039392877
148538	start	-0.003957114
148538	save	-0.0040855557
148538	first	-0.004127051
148538	room	-0.0042329463
148538	form	-0.004419558
148538	mortgag	-0.004432863
148538	injuri	-0.0044597923
148538	environ	-0.004483607
148538	situat	-0.0044865613
148538	740	-0.004504518
148538	com	-0.004641542
148538	down	-0.00472666
148538	handl	-0.0048298994
148538	world	-0.004846683
148538	life	-0.004999809
148538	list	-0.005031081
148538	note	-0.005032267
148538	place	-0.005097369
148538	american	-0.005119405
148538	share	-0.0052048424
148538	coordin	-0.005213185
148538	borrow	-0.0052664015
148538	search	-0.0053221155
148538	hear	-0.00532279
148538	small	-0.005368667
148538	turn	-0.0053936276
148538	citi	-0.005423033
148538	friend	-0.0054412056
148538	oper	-0.0054427655
148538	certifi	-0.0054905405
148538	countri	-0.0055064373
148538	carri	-0.005536148
148538	hous	-0.0055391304
148538	plai	-0.005657221
148538	try	-0.005675222
148538	great	-0.005685018
148538	especi	-0.0057195257
148538	old	-0.005876887
148538	head	-0.0059020403
148538	case	-0.00597999
148538	abl	-0.0059804157
148538	commonli	-0.006009305
148538	measur	-0.006039601
148538	right	-0.0060397014
148538	25	-0.006109095
148538	monei	-0.006117876
148538	given	-0.0061258227
148538	analysi	-0.006177814
148538	featur	-0.006315561
148538	estim	-0.0063449484
148538	road	-0.0063864933
148538	english	-0.006468231
148538	24	-0.0065192394
148538	employe	-0.006522935
148538	secur	-0.0065443343
148538	regular	-0.0065501216
148538	top	-0.006590249
148538	emerg	-0.006593936
148538	90	-0.0066793435
148538	spot	-0.0067599565
148538	made	-0.0067922934
148538	short	-0.00687733
148538	dai	-0.0068841404
148538	night	-0.006899505
148538	open	-0.0069015687
148538	languag	-0.006923784
148538	urgent	-0.0069278614
148538	2014	-0.0069735153
148538	resourc	-0.0069969255
148538	idea	-0.007008523
148538	town	-0.007038625
148538	art	-0.007045369
148538	hundr	-0.0070464425
148538	popular	-0.007079091
148538	annual	-0.007100398
148538	point	-0.0071063237
148538	guid	-0.007112407
148538	technician	-0.007120786
148538	load	-0.0071404604
148538	overview	-0.0071493895
148538	email	-0.007167482
148538	md	-0.007169719
148538	sort	-0.007267633
148538	approv	-0.007280999
148538	debat	-0.007321371
148538	2012	-0.0073923646
148538	ma	-0.007396399
148538	version	-0.007404206
148538	hand	-0.007421052
148538	format	-0.0074289395
148538	eastern	-0.00745207
148538	easi	-0.0074596936
148538	previou	-0.0074834344
148538	38	-0.007533015
148538	88	-0.007556555
148538	call	-0.0075583104
148538	whole	-0.0075937584
148538	knowledg	-0.007597004
148538	provid	-0.0076179514
148538	29	-0.00763628
148538	divis	-0.007656023
148538	rememb	-0.0076720673
148538	qualiti	-0.0076757055
148538	desir	-0.0077022356
148538	sheet	-0.007710336
148538	300	-0.0077348654
148538	southern	-0.007746044
148538	mobil	-0.007762732
148538	pre	-0.007763622
148538	net	-0.00777087
148538	19	-0.0077747116
148538	review	-0.007803271
148538	acut	-0.0078108753
148538	independ	-0.007818738
148538	labor	-0.007838633
148538	2009	-0.007846645
148538	54	-0.007847378
148538	comparison	-0.007852118
148538	55	-0.007931283
148538	data	-0.007943272
148538	inform	-0.00796368
148538	similar	-0.008001199
148538	tradit	-0.008002122
148538	ye	-0.008007261
148538	stat	-0.0080234
148538	mechan	-0.008025405
148538	compani	-0.008033328
148538	union	-0.008055777
148538	san	-0.008056205
148538	experienc	-0.008075609
148538	offic	-0.008077351
148538	accommod	-0.008080412
148538	oldest	-0.008128675
148538	trauma	-0.008168449
148538	bought	-0.008180665
148538	2008	-0.008203894
148538	ident	-0.008256176
148538	individu	-0.008269917
148538	alari	-0.008281058
148538	click	-0.0083277235
148538	pm	-0.0083300965
148538	tell	-0.008330757
148538	hi	-0.008335082
148538	chaotic	-0.00834058
148538	instanc	-0.008386173
148538	continu	-0.00839891
148538	detail	-0.008443574
148538	previous	-0.008449008
148538	worth	-0.0084552895
148538	excel	-0.008465726
148538	vital	-0.008472309
148538	wish	-0.00851756
148538	600	-0.008535923
148538	skill	-0.00854468
148538	sector	-0.008595401
148538	regul	-0.008631372
148538	confid	-0.008642741
148538	part	-0.008714989
148538	wide	-0.008788431
148538	judgment	-0.008818501
148538	track	-0.008826797
148538	26	-0.008834116
148538	live	-0.0088425195
148538	commit	-0.008850338
148538	am	-0.008874825
148538	maintain	-0.008875057
148538	shift	-0.008897908
148538	categor	-0.008912767
148538	varieti	-0.008912938
148538	vice	-0.008920496
148538	ensur	-0.008924663
148538	7	-0.008951934
148538	assign	-0.008958961
148538	texa	-0.008960144
148538	demand	-0.008961928
148538	weekend	-0.0089655
148538	colorado	-0.008966027
148538	newest	-0.009017675
148538	or	-0.00903493
148538	compet	-0.009068309
148538	virginia	-0.009068389
148538	93	-0.009087592
148538	acquir	-0.009103367
148538	stone	-0.009142744
148538	spend	-0.009143989
148538	theori	-0.009191847
148538	york	-0.009203053
148538	67	-0.0092125675
148538	130	-0.009227327
148538	surpass	-0.009258
148538	juli	-0.009261814
148538	47	-0.0092809005
148538	77	-0.009303729
148538	statu	-0.009304271
148538	goal	-0.009345372
148538	pdf	-0.009446559
148538	endors	-0.009457403
148538	zealand	-0.009465481
148538	hr	-0.009467075
148538	yearli	-0.009467234
148538	expans	-0.009476587
148538	philippin	-0.009483611
148538	prospect	-0.009483632
148538	diseas	-0.009502132
148538	veteran	-0.009514846
148538	involv	-0.009579998
148538	longest	-0.009582902
148538	look	-0.009583134
148538	lowest	-0.009596833
148538	03	-0.009600708
148538	francisco	-0.0096313255
148538	focus	-0.009654902
148538	real	-0.009656648
148538	durat	-0.009671864
148538	math	-0.009715244
148538	tn	-0.0097722085
148538	consid	-0.009773267
148538	ban	-0.009817034
148538	opt	-0.009840187
148538	81	-0.009850445
148538	what	-0.009955311
148538	upward	-0.0099696675
148538	outcom	-0.009977409
148538	oklahoma	-0.009980786
148538	chang	-0.0100334175
148538	ca	-0.010067696
148538	door	-0.010087241
148538	mental	-0.010087359
148538	stuff	-0.010096601
148538	nm	-0.010184702
148538	privat	-0.010239053
148538	decis	-0.010251361
148538	leverag	-0.010271248
148538	hopefulli	-0.010321989
148538	94	-0.010324761
148538	79	-0.010341573
148538	ow	-0.010345192
148538	15	-0.010357177
148538	perspect	-0.010435483
148538	10	-0.010493001
148538	softwar	-0.010549031
148538	easili	-0.01062946
148538	acceler	-0.010654699
148538	longer	-0.010680439
148538	750	-0.010697942
148538	haven	-0.010704608
148538	versa	-0.010714736
148538	altern	-0.010846899
148538	afford	-0.010885391
148538	verag	-0.010907283
148538	launch	-0.010914229
148538	exampl	-0.010931491
148538	36	-0.0109509025
148538	mayo	-0.010952327
148538	explor	-0.010955005
148538	us	-0.010959933
148538	120	-0.011007578
148538	gate	-0.011047785
148538	physician	-0.011116735
148538	ohio	-0.011128511
148538	1901	-0.011137609
148538	ry	-0.0111960545
148538	visit	-0.011205242
148538	unfamiliar	-0.011216449
148538	80	-0.011265921
148538	8	-0.011354009
148538	assum	-0.011393475
148538	op	-0.011393604
148538	mid	-0.011499665
148538	minnesota	-0.011506368
148538	now	-0.011507669
148538	yr	-0.011508885
148538	payscal	-0.011509199
148538	difficult	-0.011561596
148538	empathi	-0.011598747
148538	candid	-0.011604922
148538	2016	-0.011606611
148538	gai	-0.011698195
148538	file	-0.011721275
148538	banner	-0.011746273
148538	50	-0.011807792
148538	comprehens	-0.011818446
148538	tend	-0.011828409
148538	commonwealth	-0.011834514
148538	30	-0.011841302
148538	import	-0.01187464
148538	yorker	-0.011901322
148538	score	-0.011914616
148538	hourli	-0.011916859
148538	unrestrict	-0.012075996
148538	scale	-0.012321147
148538	last	-0.012333967
148538	925	-0.012449937
148538	notic	-0.012484268
148538	applaud	-0.012555626
148538	jul	-0.012579047
148538	033	-0.012604142
148538	utica	-0.012751618
148538	social	-0.01284647
148538	pharmacolog	-0.012929781
148538	improv	-0.012932637
148538	categori	-0.013007552
148538	committe	-0.013051708
148538	606	-0.013104239
148538	449	-0.013116888
148538	total	-0.013130418
148538	6	-0.013173894
148538	100	-0.013192329
148538	institut	-0.013206686
148538	big	-0.013288922
148538	nationwid	-0.013290781
148538	regardless	-0.01330124
148538	stress	-0.013312157
148538	dnp	-0.013326005
148538	scottsdal	-0.013408393
148538	achiev	-0.01344587
148538	letter	-0.013466025
148538	known	-0.013486466
148538	tx	-0.0134962145
148538	rpn	-0.013582393
148538	ou	-0.013593412
148538	current	-0.013732291
148538	treat	-0.013800213
148538	chair	-0.013803799
148538	16	-0.013816124
148538	092	-0.013850206
148538	determin	-0.013851738
148538	depart	-0.01392371
148538	see	-0.013936716
148538	keep	-0.013958197
148538	home	-0.0139728915
148538	va	-0.014006487
148538	recap	-0.014091802
148538	emphasi	-0.014103333
148538	growth	-0.014149136
148538	enter	-0.014164025
148538	motiv	-0.014262674
148538	thank	-0.014306959
148538	date	-0.014334592
148538	187	-0.014337702
148538	recent	-0.014575327
148538	bs	-0.014725782
148538	back	-0.014753646
148538	typic	-0.014939326
148538	hemodialysi	-0.014966934
148538	feasibl	-0.01500257
148538	depend	-0.015054033
148538	pretti	-0.015125346
148538	result	-0.015126763
148538	actual	-0.015174243
148538	cover	-0.015195305
148538	quickest	-0.015226419
148538	anticip	-0.015266596
148538	read	-0.015299992
148538	articl	-0.0153126875
148538	wonder	-0.015317285
148538	austin	-0.015332073
148538	wage	-0.015404747
148538	anesthesia	-0.015470056
148538	kind	-0.0155121405
148538	423	-0.015531296
148538	compar	-0.01562601
148538	field	-0.01564308
148538	484	-0.015727945
148538	pe	-0.015797751
148538	florida	-0.015914576
148538	620	-0.015921475
148538	importantli	-0.015922904
148538	ccu	-0.015924525
148538	quota	-0.015966974
148538	truli	-0.016075153
148538	plethora	-0.01609039
148538	spectacular	-0.016136978
148538	least	-0.016370878
148538	51	-0.016384881
148538	supervisori	-0.016399771
148538	possibl	-0.016569188
148538	promot	-0.01659354
148538	well	-0.016594296
148538	walden	-0.016635913
148538	medic	-0.01676069
148538	benefit	-0.01677356
148538	proper	-0.01678806
148538	vari	-0.016905878
148538	ladder	-0.016922973
148538	common	-0.016938267
148538	bedsid	-0.016942643
148538	activ	-0.016967041
148538	regist	-0.01697895
148538	meet	-0.017065873
148538	accord	-0.017140329
148538	ebruari	-0.017212689
148538	midwif	-0.017213393
148538	equal	-0.017319785
148538	indoctrin	-0.017358473
148538	exa	-0.017544424
148538	south	-0.017570553
148538	aacn	-0.017706903
148538	drexel	-0.017824404
148538	come	-0.017843418
148538	major	-0.017844751
148538	care	-0.017848946
148538	surgic	-0.017850693
148538	capella	-0.017874693
148538	rasmussen	-0.018043976
148538	staf	-0.018053131
148538	leader	-0.01806139
148538	prior	-0.018082416
148538	doesn	-0.018092416
148538	mn	-0.018224198
148538	areer	-0.018237012
148538	find	-0.018259479
148538	gerontolog	-0.01827539
148538	12	-0.018316494
148538	doctor	-0.01833155
148538	pl	-0.018365944
148538	board	-0.018366575
148538	step	-0.018622223
148538	allnurs	-0.018703453
148538	minneapoli	-0.018814335
148538	basic	-0.018975556
148538	2010	-0.01906457
148538	62	-0.019273574
148538	est	-0.019295014
148538	fl	-0.019389298
148538	08	-0.019770762
148538	elig	-0.019785913
148538	speak	-0.020037241
148538	order	-0.02004241
148538	conduct	-0.020088464
148538	qualif	-0.020276561
148538	worker	-0.02027818
148538	median	-0.020278873
148538	master	-0.020456504
148538	set	-0.020473212
148538	initi	-0.020516483
148538	phoneix	-0.020598851
148538	exactli	-0.020934405
148538	johnybhoi24	-0.02095034
148538	confus	-0.021012442
148538	process	-0.021022884
148538	ny	-0.021069502
148538	later	-0.021121614
148538	survei	-0.02118404
148538	specialist	-0.021263568
148538	put	-0.021275239
148538	seper	-0.02128683
148538	2006	-0.021541104
148538	understand	-0.02171912
148538	82	-0.021770095
148538	admit	-0.021800745
148538	aspir	-0.022194218
148538	receiv	-0.023018982
148538	begin	-0.023101838
148538	high	-0.023210254
148538	realiz	-0.02339649
148538	execut	-0.023511736
148538	75	-0.023918917
148538	percent	-0.024216639
148538	pursu	-0.024349753
148538	relev	-0.024361728
148538	isn	-0.024464494
148538	attend	-0.024543356
148538	emploi	-0.02458812
148538	potenti	-0.024837103
148538	examin	-0.025383484
148538	post	-0.025548968
148538	design	-0.025570204
148538	magnet	-0.026312372
148538	lucret	-0.026529273
148538	month	-0.027005522
148538	66	-0.027042344
148538	mandat	-0.027261412
148538	mean	-0.027337398
148538	miami	-0.027424717
148538	addit	-0.027454156
148538	here	-0.027514892
148538	healthcar	-0.028017318
148538	irst	-0.028599603
148538	move	-0.028915154
148538	council	-0.02922705
148538	attain	-0.029252008
148538	2013	-0.030470647
148538	onc	-0.030635158
148538	np	-0.031081036
148538	decid	-0.03161952
148538	ener	-0.031641107
148538	peopl	-0.032111555
148538	pass	-0.032360315
148538	ail	-0.032462344
148538	need	-0.032564227
148538	pracit	-0.03629309
148538	state	-0.03702981
148538	practic	-0.03721084
148538	associ	-0.03793428
148538	advanc	-0.038112275
148538	credenti	-0.038606193
148538	patient	-0.039005443
148538	who	-0.039982896
148538	hold	-0.040599253
148538	option	-0.04126994
148538	cna	-0.04500955
148538	bridg	-0.04508823
148538	new	-0.047925927
148538	qualifi	-0.047968205
148538	experi	-0.048241355
148538	hire	-0.04885861
148538	onlin	-0.050282195
148538	student	-0.052176017
148538	sosiouxm	-0.056114696
148538	california	-0.066279374
148538	prepar	-0.06632927
148538	complet	-0.067950815
148538	msn	-0.07776084
148538	nclex	-0.080597095
148538	take	-0.08726805
148538	program	-0.121723086
