1113256	singer	0.5758433438764121
1113256	worth	0.5282125196220181
1113256	reba	0.3437873060891511
1113256	mcentir	0.3390991508957273
1113256	nell	0.14402353655282488
1113256	mcalest	0.13157174892956275
1113256	95	0.1089648280144742
1113256	net	0.10034101728301668
1113256	1955	0.09864351617373511
1113256	oklahoma	0.0830060809401664
1113256	million	0.07384264274333632
1113256	2018	0.07205371880533609
1113256	estim	0.07045030003930183
1113256	popular	0.058684784491698005
1113256	born	0.05666354570594688
1113256	actress	0.051144681112828674
1113256	march	0.04917625377787254
1113256	secretli	0.047560896807711646
1113256	music	0.043234214899130194
1113256	closet	0.0426623428328543
1113256	65	0.04095521416476042
1113256	gai	0.0398779702949277
1113256	58	0.03932152543069141
1113256	02	0.03684966879015109
1113256	62	0.036803509120705354
1113256	hide	0.034634058889413705
1113256	28	0.031673250705113475
1113256	amount	0.03163562358778228
1113256	sell	0.031029810295815502
1113256	marlon	0.030992690704120446
1113256	known	0.029578932388096054
1113256	award	0.029563988354156252
1113256	fals	0.02946005987946558
1113256	ste	0.029120748613737524
1113256	addit	0.027861588281972983
1113256	monei	0.027687822770586477
1113256	curiou	0.02675324407845934
1113256	nomine	0.02632642372690385
1113256	jacki	0.025941298117050187
1113256	detail	0.025686150754625027
1113256	eas	0.025407010205620067
1113256	artist	0.025062057016045216
1113256	total	0.024834407338193733
1113256	rough	0.023646795755523267
1113256	cinema	0.023439142704306665
1113256	countri	0.022806164516531408
1113256	jun	0.022779315031865373
1113256	jul	0.022724438263825978
1113256	28th	0.021879641492751834
1113256	facebook	0.021854806186537994
1113256	mayb	0.021818538334383245
1113256	salari	0.021718686628947725
1113256	songwrit	0.021549657322717686
1113256	dollar	0.021440264958117433
1113256	industri	0.021055104641962898
1113256	doubt	0.020957511186991858
1113256	fortun	0.02093796218656412
1113256	spot	0.020890344407828203
1113256	billboard	0.02054412786245144
1113256	mar	0.02044308161094359
1113256	oct	0.020336530202746957
1113256	stori	0.02023913728077992
1113256	circuit	0.02010857189664374
1113256	updat	0.019593460698188094
1113256	sale	0.019504124598454915
1113256	wors	0.01942001456961446
1113256	taken	0.019309090194413403
1113256	engag	0.019181373224834538
1113256	paid	0.01917126510758183
1113256	regard	0.019145085182552438
1113256	globe	0.01902859041002936
1113256	varieti	0.018974466968081534
1113256	well	0.018928690163908697
1113256	involv	0.018561464610857076
1113256	legendari	0.018517136078690773
1113256	honor	0.018435461345595396
1113256	biographi	0.018273783138034915
1113256	massiv	0.018195736844994145
1113256	broken	0.01777772689748889
1113256	discov	0.01741367186740775
1113256	best	0.017311582001462083
1113256	writer	0.017226330233750902
1113256	highest	0.016992384845963868
1113256	golden	0.016858385997934253
1113256	wonder	0.016825977928205428
1113256	usa	0.016589422605496423
1113256	least	0.01647957194123528
1113256	share	0.016234160712572623
1113256	pain	0.015947347941291053
1113256	film	0.015511620953735919
1113256	numer	0.015394582545687817
1113256	won	0.01502300792769765
1113256	90	0.015022642905032331
1113256	2014	0.014888294575196121
1113256	great	0.014859813475188732
1113256	stai	0.014770784294822856
1113256	across	0.014761617439830312
1113256	woman	0.014643913736562472
1113256	combin	0.014509306451417204
1113256	ad	0.014239456804304192
1113256	ve	0.014108945920359274
1113256	compar	0.01410722545358134
1113256	wide	0.013773071030625196
1113256	came	0.012850161962990695
1113256	incom	0.01283405466286334
1113256	origin	0.012330975840060281
1113256	singl	0.012139872323856302
1113256	websit	0.01203602658596052
1113256	who	0.01147283311544541
1113256	current	0.011355935911392074
1113256	old	0.01085571263275615
1113256	blue	0.010853588547806462
1113256	let	0.0107551668583619
1113256	peopl	0.010744467189257033
1113256	fan	0.010732648343239263
1113256	american	0.010519851716547946
1113256	11	0.010246082531756122
1113256	top	0.009994488141696348
1113256	sourc	0.009960324006309938
1113256	earn	0.009511139571174049
1113256	red	0.009510267342183836
1113256	busi	0.008979923114875216
1113256	20	0.008970929421104602
1113256	25	0.008847242807419102
1113256	increas	0.008678559856014945
1113256	call	0.00846346577181963
1113256	80	0.007985594833713599
1113256	queen	0.007745275644609214
1113256	6	0.0072474470046999424
1113256	come	0.00709232357194553
1113256	began	0.00662525585220991
1113256	world	0.006559442147331247
1113256	annual	0.0064969307606227355
1113256	time	0.0064026423482163326
1113256	follow	0.00600333621849175
1113256	know	0.005697282959209062
1113256	10	0.0049735923608353
1113256	here	0.004456540175477356
1113256	success	0.004389290350244885
1113256	star	0.004206300254186666
1113256	name	0.003871565933267924
1113256	rodeo	0.0032955564771151875
1113256	year	0.0028185575427867675
1113256	act	0.002653015351129051
1113256	love	0.0021047984369598617
1113256	celebr	0.0019167078334796596
1113256	2017	0.0011917429447485816
1113256	career	0.0003659920858382195
