330975	expensi	0.4736060171521501
330975	need	0.2625791904730049
330975	larger	0.26014631693044565
330975	000	0.21082001373964795
330975	400	0.2039679386155216
330975	kilowatt	0.18743263586938627
330975	maintain	0.17418067752412217
330975	3000	0.1723961237813303
330975	wind	0.16915827275215894
330975	bergei	0.14659782798133927
330975	small	0.14578384242664919
330975	mean	0.14420981533943616
330975	afford	0.1420014041573968
330975	spoil	0.1351469103059047
330975	800	0.13228573862386214
330975	typic	0.13215207437750665
330975	rebat	0.12733918312247608
330975	turbin	0.12198021155139235
330975	20	0.12035260742383991
330975	65	0.11416726649272904
330975	gui	0.10294788454981878
330975	10	0.10083494832030584
330975	perman	0.10032223875328633
330975	headach	0.09985967623867271
330975	roughli	0.09867351553254701
330975	2	0.09287473261480034
330975	100	0.0922570779065543
330975	machin	0.09189800568000553
330975	home	0.09045627532584175
330975	rest	0.08519906066616749
330975	8000	0.08507280208843009
330975	invest	0.0849462086226996
330975	refriger	0.08401991891685255
330975	save	0.08184911603367559
330975	estim	0.07995575978710397
330975	200	0.07562282098986844
330975	skystream	0.07507434528471973
330975	cost	0.07489284086441461
330975	com	0.07129348372570904
330975	larg	0.06600165094761312
330975	gridtek	0.06599143912574262
330975	suppli	0.06508694182172148
330975	2kw	0.061312892534451616
330975	48	0.05825733699561767
330975	govern	0.05729140848218016
330975	upward	0.05649558091932371
330975	570	0.05615823056502216
330975	capac	0.05535542491154509
330975	80	0.054254740628516214
330975	trust	0.05278532754200535
330975	model	0.05048979900962353
330975	size	0.048842979752749524
330975	utilis	0.04619963282129473
330975	instal	0.046190169896835116
330975	ad	0.046118369460425704
330975	accord	0.04580581145904965
330975	40	0.045080926308680075
330975	equip	0.04398318076747114
330975	fee	0.04340152335453978
330975	8	0.04255251796061634
330975	see	0.042035736315270175
330975	50	0.04171165785662516
330975	industri	0.036348087369647564
330975	280	0.03596496813699149
330975	recommend	0.03388527552076654
330975	farm	0.03365283550284688
330975	expens	0.03327361753639589
330975	research	0.032908961686283066
330975	ship	0.03008343584729002
330975	600	0.02622123808504394
330975	3	0.025868737109109884
330975	smaller	0.02409942805097852
330975	350	0.023320744200056438
330975	7	0.022965267637613314
330975	wire	0.022891589931020095
330975	invert	0.02153613561151742
330975	or	0.021091277196551943
330975	moreind	0.020703688303866756
330975	kit	0.01992919429840217
330975	kw	0.019515116823187875
330975	check	0.019131672662612932
330975	signific	0.018645730423107305
330975	residenti	0.018500891564808847
330975	stage	0.018385514226771555
330975	teach	0.01812941987301557
330975	263k	0.017553429696272573
330975	maller	0.016482332041947934
330975	windpow	0.015704771564503568
330975	import	0.015668827154500284
330975	000and	0.015514380944630028
330975	awai	0.015480097789021019
330975	powerwal	0.015232924958603108
330975	scale	0.01513024333879591
330975	higher	0.014820830597213768
330975	power	0.013672453454123728
330975	will	0.01346972979405472
330975	found	0.013236589302871958
330975	expect	0.013192240588811636
330975	person	0.0129015507216883
330975	econ	0.012707474449199379
330975	determin	0.012445859908425897
330975	food	0.01228011817822451
330975	tower	0.012201111910457689
330975	portabl	0.011516368090986922
330975	last	0.010882313346724072
330975	alon	0.010795155071312403
330975	economi	0.010613089584328255
330975	gener	0.010468618806399528
330975	encourag	0.01046119937026054
330975	646	0.010101197277709676
330975	well	0.009733774783352137
330975	can	0.00964781931015824
330975	backup	0.009364351821897958
330975	return	0.009159249064117027
330975	credit	0.008948906886589204
330975	profession	0.008884232236003053
330975	year	0.008663585699789322
330975	system	0.008614305937031915
330975	far	0.008215683307460265
330975	confid	0.008011619732142239
330975	feder	0.007933860088024705
330975	ou	0.007764547890088862
330975	optimum	0.007729050726862972
330975	appli	0.007715380701602442
330975	full	0.007633210434663969
330975	en	0.007602317928521526
330975	mount	0.007560945026865485
330975	mall	0.00726420370843848
330975	org	0.007132298169090019
330975	suburban	0.007050957882643869
330975	ve	0.007012828987440549
330975	tour	0.006918579268248906
330975	900	0.006894059055946521
330975	publish	0.006866981179332252
330975	resid	0.0068594729292884874
330975	vote	0.006823015469954977
330975	program	0.006767862772273202
330975	medium	0.006631737916363309
330975	luxuri	0.006477604101144524
330975	construct	0.006415557561348587
330975	om	0.006355252449416272
330975	us	0.006142764749652454
330975	www	0.006041503608694641
330975	35	0.005928037449848378
330975	http	0.005863686430358723
330975	urban	0.005665467467803503
330975	28	0.0055464900294109444
330975	otal	0.0054831623958811575
330975	tell	0.005355301705413202
330975	acr	0.005270792869318115
330975	list	0.00496267119585229
330975	replac	0.004845804029303924
330975	here	0.0046004384144249085
330975	bit	0.004187737744466438
330975	bui	0.0041241011378540925
330975	devic	0.004113954914389997
330975	math	0.003967601087839059
330975	set	0.003891590308524884
330975	properti	0.0038823703291210685
330975	busi	0.0038488106510561745
330975	household	0.003477352193259333
330975	find	0.003367494664698267
330975	consid	0.00321183547097142
330975	regular	0.003101523873097726
330975	exampl	0.0030971665253425322
330975	1kw	0.0028380732408286487
330975	suitabl	0.0028297926575167006
330975	26	0.00261984889219941
330975	pai	0.002582867457463207
330975	build	0.0025529024313464205
330975	low	0.0018752508752442273
330975	4	0.0017370398707820477
330975	grid	0.001597697459858862
330975	avail	0.0014959221279781554
330975	requir	0.0013440958779502804
330975	manufactur	0.0010291059519710482
330975	roof	0.0008201667143262464
330975	rang	0.0004579922891187771
330975	15	0.0003687695532844328
330975	product	0.0002556577740306932
330975	extra	0.00022004937427594893
